1000.0  654.732329418  449.647116578  313.973165147  219.110610557  151.32954995  102.819752105  68.4569285812  44.5353848495  28.2350683997  17.3741046107  10.2692526007  5.63193245687  2.47193080196  
654.732329418  519.640076648  388.027923039  282.202106942  201.298072607  140.829701226  96.4702423995  64.5832186084  42.178153263  26.8161064248  16.5356512785  9.78899027479  5.37456242566  2.36059618793  
449.647116578  388.027923039  309.103748913  234.742076914  172.28474872  122.857618304  85.276396917  57.6271898294  37.8940644638  24.2160628607  14.9904560515  8.90028896692  4.8969686382  2.15364534239  
313.973165147  282.202106942  234.742076914  184.727860086  139.306652609  101.371574698  71.4325994415  48.8231635147  32.3836417083  20.8330376836  12.963072025  7.72715356954  4.26382583134  1.8785806202  
219.110610557  201.298072607  172.28474872  139.306652609  107.509176159  79.7151267272  57.0184569109  39.4357718467  26.4040432838  17.1136165138  10.7120836014  6.41504570304  3.55196382453  1.56832059573  
151.32954995  140.829701226  122.857618304  101.371574698  79.7151267272  60.0799279087  43.5693438973  30.4797325922  20.6000404013  13.4548509319  8.47475152707  5.10052667477  2.83467669623  1.25457532609  
102.819752105  96.4702423995  85.276396917  71.4325994415  57.0184569109  43.5693438973  31.9823753814  22.6095643921  15.4176661525  10.1458080903  6.43047941664  3.8897887096  2.1701003875  0.962803406937  
68.4569285812  64.5832186084  57.6271898294  48.8231635147  39.4357718467  30.4797325922  22.6095643921  16.1336758249  11.0920671109  7.35097843349  4.68708453279  2.84922900064  1.59560794321  0.709649372637  
44.5353848495  42.178153263  37.8940644638  32.3836417083  26.4040432838  20.6000404013  15.4176661525  11.0920671109  7.68210238448  5.12416988841  3.285569316  2.00662236059  1.12782343156  0.502784369986  
28.2350683997  26.8161064248  24.2160628607  20.8330376836  17.1136165138  13.4548509319  10.1458080903  7.35097843349  5.12416988841  3.43789145721  2.21563074873  1.35903483836  0.766441067278  0.342437295019  
17.3741046107  16.5356512785  14.9904560515  12.963072025  10.7120836014  8.47475152707  6.43047941664  4.68708453279  3.285569316  2.21563074873  1.43442559444  0.88328898073  0.499676041962  0.223701505721  
10.2692526007  9.78899027479  8.90028896692  7.72715356954  6.41504570304  5.10052667477  3.8897887096  2.84922900064  2.00662236059  1.35903483836  0.88328898073  0.545744556325  0.309555729317  0.138831021891  
5.63193245687  5.37456242566  4.8969686382  4.26382583134  3.55196382453  2.83467669623  2.1701003875  1.59560794321  1.12782343156  0.766441067278  0.499676041962  0.309555729317  0.175962176448  0.0790283314119  
2.47193080196  2.36059618793  2.15364534239  1.8785806202  1.56832059573  1.25457532609  0.962803406937  0.709649372637  0.502784369986  0.342437295019  0.223701505721  0.138831021891  0.0790283314119  0.0355266621899  
