1000.0  647.926526186  439.255833141  301.972084235  206.886350026  139.859439198  92.7286458888  60.0601754667  37.8969422113  23.2400194625  13.8048794719  7.87447182108  4.18080362699  1.79204753923  
647.926526186  510.344302753  376.732700854  269.964104007  189.138555214  129.554967414  86.615590372  56.4157727194  35.7378305521  21.9788741869  13.0836555459  7.47501741288  3.97330081631  1.70432878618  
439.255833141  376.732700854  296.988349918  222.388386126  160.388327471  112.01823171  75.9019701782  49.9106451663  31.8375409371  19.682088688  11.7626370355  6.74037169033  3.59059265197  1.54226464551  
301.972084235  269.964104007  222.388386126  172.652114234  127.992053783  91.2443132465  62.7777183712  41.7573300506  26.8703732512  16.7235289679  10.0468383  5.78038626735  3.08834937621  1.32902050879  
206.886350026  189.138555214  160.388327471  127.992053783  97.1292435779  70.5681817266  49.2902541674  33.1796619919  21.5535250663  13.5155858372  8.16827481876  4.72166069632  2.53153711676  1.0918351927  
139.859439198  129.554967414  112.01823171  91.2443132465  70.5681817266  52.1216208871  36.9131859944  25.1342882016  16.4815761676  10.4150064485  6.33399924557  3.67977095562  1.98042319523  0.856226854075  
92.7286458888  86.615590372  75.9019701782  62.7777183712  49.2902541674  36.9131859944  26.4629985766  18.2086564754  12.0468638055  7.66980117868  4.6936177614  2.74064753879  1.48073903852  0.641804311761  
60.0601754667  56.4157727194  49.9106451663  41.7573300506  33.1796619919  25.1342882016  18.2086564754  12.646396935  8.43526962187  5.40823663502  3.32941332806  1.95368988309  1.05960299151  0.460418078362  
37.8969422113  35.7378305521  31.8375409371  26.8703732512  21.5535250663  16.4815761676  12.0468638055  8.43526962187  5.6675621439  3.65712138015  2.26392640675  1.33467530727  0.726527830408  0.316450926028  
23.2400194625  21.9788741869  19.682088688  16.7235289679  13.5155858372  10.4150064485  7.66980117868  5.40823663502  3.65712138015  2.37346051843  1.47673601369  0.874353946865  0.477580562776  0.208488497385  
13.8048794719  13.0836555459  11.7626370355  10.0468383  8.16827481876  6.33399924557  4.6936177614  3.32941332806  2.26392640675  1.47673601369  0.922961350051  0.548599647461  0.300582599782  0.131491321289  
7.87447182108  7.47501741288  6.74037169033  5.78038626735  4.72166069632  3.67977095562  2.74064753879  1.95368988309  1.33467530727  0.874353946865  0.548599647461  0.327185856677  0.179756158246  0.0787782990825  
4.18080362699  3.97330081631  3.59059265197  3.08834937621  2.53153711676  1.98042319523  1.48073903852  1.05960299151  0.726527830408  0.477580562776  0.300582599782  0.179756158246  0.0989757359081  0.0434402864558  
1.79204753923  1.70432878618  1.54226464551  1.32902050879  1.0918351927  0.856226854075  0.641804311761  0.460418078362  0.316450926028  0.208488497385  0.131491321289  0.0787782990825  0.0434402864558  0.0190847994479  
