1000.0  663.461048725  463.050413802  329.608624003  235.267932937  166.777257837  116.726446927  80.3452171958  54.2257199593  35.7732766267  22.9501311124  14.1379478253  8.04482579999  3.62514880021  
663.461048725  531.591227277  402.640493081  298.19957848  217.427638552  156.071580408  110.104082703  76.193142807  51.617696564  34.1464947641  21.9513048878  13.5431487239  7.71463526529  3.47862200589  
463.050413802  402.640493081  324.882767992  251.005717473  188.182687964  137.623702531  98.3483016952  68.6846813271  46.844007793  31.1442391142  20.0972927622  12.4345816371  7.09752356546  3.20431749667  
329.608624003  298.19957848  251.005717473  200.803436003  154.600949464  115.329958571  83.6460616548  59.0718751297  40.631815492  27.1915510209  17.6357047109  10.9537405547  6.26969108222  2.83541694592  
235.267932937  217.427638552  188.182687964  154.600949464  121.760211591  92.5234797486  68.1008273745  48.6589519062  33.7813065505  22.7743634982  14.8573291522  9.26995705322  5.32350097575  2.41244375758  
166.777257837  156.071580408  137.623702531  115.329958571  92.5234797486  71.4485864274  53.3091129864  38.522870527  26.9944317618  18.3380853471  12.0373819531  7.54725324812  4.34986632281  1.97566916955  
116.726446927  110.104082703  98.3483016952  83.6460616548  68.1008273745  53.3091129864  40.2569879871  29.3955040047  20.7819991403  14.2235551263  9.39447809888  5.91954900937  3.42445962701  1.55900521129  
80.3452171958  76.193142807  68.6846813271  59.0718751297  48.6589519062  38.522870527  29.3955040047  21.665357114  15.4425455017  10.6438561284  7.07214409479  4.4779595571  2.60006507282  1.18646404163  
54.2257199593  51.617696564  46.844007793  40.631815492  33.7813065505  26.9944317618  20.7819991403  15.4425455017  11.0882057627  7.69224087507  5.13956611214  3.26935181601  1.90502859451  0.871269026331  
35.7732766267  34.1464947641  31.1442391142  27.1915510209  22.7743634982  18.3380853471  14.2235551263  10.6438561284  7.69224087507  5.36747416865  3.60456942622  2.30272848823  1.34621776048  0.617001512247  
22.9501311124  21.9513048878  20.0972927622  17.6357047109  14.8573291522  12.0373819531  9.39447809888  7.07214409479  5.13956611214  3.60456942622  2.43162466577  1.55936534478  0.914355136787  0.41987629829  
14.1379478253  13.5431487239  12.4345816371  10.9537405547  9.26995705322  7.54725324812  5.91954900937  4.4779595571  3.26935181601  2.30272848823  1.55936534478  1.00327705482  0.589796452526  0.271288077659  
8.04482579999  7.71463526529  7.09752356546  6.26969108222  5.32350097575  4.34986632281  3.42445962701  2.60006507282  1.90502859451  1.34621776048  0.914355136787  0.589796452526  0.347424730215  0.160014544025  
3.62514880021  3.47862200589  3.20431749667  2.83541694592  2.41244375758  1.97566916955  1.55900521129  1.18646404163  0.871269026331  0.617001512247  0.41987629829  0.271288077659  0.160014544025  0.0737614455444  
