1000.0  676.407376082  483.071709175  353.257886986  260.149693285  191.128798747  139.283710684  100.281576616  71.0938216056  49.4310959198  33.4727925782  21.7246075716  12.931366849  6.01177056528  
676.407376082  549.370963854  424.549687099  322.498259685  242.379241765  180.213051876  132.327827119  95.7613379527  68.1343528236  47.4978979282  32.2261952921  20.9453181224  12.4798447169  5.80528151437  
483.071709175  424.549687099  348.74027618  275.929551546  213.006175861  161.238414956  119.868654688  87.5120668698  62.6670968141  43.8968215704  29.8906323121  19.4793679982  11.6281601916  5.41517384059  
353.257886986  322.498259685  275.929551546  225.784873912  178.827143311  137.983941014  104.057845142  76.7916819716  55.4433162726  39.0823684526  26.7415042937  17.4907492451  10.468030327  4.88249109146  
260.149693285  242.379241765  213.006175861  178.827143311  144.77866542  113.728260425  87.0003788512  64.9362891317  47.3076104825  33.5861549047  23.110019707  15.1805437343  9.1133790337  4.25859795889  
191.128798747  180.213051876  161.238414956  137.983941014  113.728260425  90.746576311  70.3454292076  53.0867715415  39.027358339  27.9134897513  19.321506215  12.7509699427  7.68062762716  3.59648234158  
139.283710684  132.327827119  119.868654688  104.057845142  87.0003788512  70.3454292076  55.1761162547  42.0654496489  31.1942525536  22.4739110962  15.6495690332  10.3767536899  6.27226516896  2.94331031583  
100.281576616  95.7613379527  87.5120668698  76.7916819716  64.9362891317  53.0867715415  42.0654496489  32.3642033132  24.1929902373  17.5501447536  12.2916088002  8.18807707487  4.96637167077  2.33549293167  
71.0938216056  68.1343528236  62.6670968141  55.4433162726  47.3076104825  39.027358339  31.1942525536  24.1929902373  18.2153930155  13.2975830132  9.3635574703  6.26501252615  3.81249184343  1.79655885524  
49.4310959198  47.4978979282  43.8968215704  39.0823684526  33.5861549047  27.9134897513  22.4739110962  17.5501447536  13.2975830132  9.76246016539  6.90798375439  4.64071010675  2.8326678733  1.33739611866  
33.4727925782  32.2261952921  29.8906323121  26.7415042937  23.110019707  19.321506215  15.6495690332  12.2916088002  9.3635574703  6.90798375439  4.90914337268  3.30971279781  2.02573441116  0.958058814865  
21.7246075716  20.9453181224  19.4793679982  17.4907492451  15.1805437343  12.7509699427  10.3767536899  8.18807707487  6.26501252615  4.64071010675  3.30971279781  2.23808879549  1.37298701971  0.650290543437  
12.931366849  12.4798447169  11.6281601916  10.468030327  9.1133790337  7.68062762716  6.27226516896  4.96637167077  3.81249184343  2.8326678733  2.02573441116  1.37298701971  0.84376535683  0.400082091506  
6.01177056528  5.80528151437  5.41517384059  4.88249109146  4.25859795889  3.59648234158  2.94331031583  2.33549293167  1.79655885524  1.33739611866  0.958058814865  0.650290543437  0.400082091506  0.189839176323  
