1000.0  533.981633961  276.766940545  134.484663398  60.2086427531  24.653572199  9.2160854565  3.14894554627  0.986082729941  0.283979455961  0.0754919368729  0.0185933716116  0.00425289721398  0.00087603201161  
533.981633961  359.147547109  206.011437986  105.229882051  48.3933881246  20.1250347428  7.59469508163  2.61061798809  0.820739156572  0.236985142187  0.0631101361685  0.0155618602141  0.00356212260445  0.000734052983319  
276.766940545  206.011437986  127.198630024  68.1334938257  32.2983090659  13.6979884155  5.23667391774  1.81578137083  0.574233487509  0.166475694466  0.0444538388213  0.0109811956368  0.00251641062233  0.000518876424218  
134.484663398  105.229882051  68.1334938257  37.8365513953  18.4043466939  7.94770826731  3.07695160905  1.07635903569  0.342492277269  0.0997140876218  0.0267030835266  0.00660858841352  0.00151606650548  0.000312773792926  
60.2086427531  48.3933881246  32.2983090659  18.4043466939  9.13211441395  4.00226661809  1.56621449238  0.552126347951  0.17664576617  0.0516237783207  0.0138594735783  0.00343533550378  0.000788739861033  0.000162765570075  
24.653572199  20.1250347428  13.6979884155  7.94770826731  4.00226661809  1.77417744568  0.700243775622  0.248393169955  0.0798218850145  0.0233978747934  0.00629372340587  0.00156168855171  0.000358701658435  7.40160848701e-05  
9.2160854565  7.59469508163  5.23667391774  3.07695160905  1.56621449238  0.700243775622  0.278174446569  0.0991440009893  0.0319660737776  0.00939047338832  0.00252909586824  0.000627885853346  0.000144209745873  2.97431255931e-05  
3.14894554627  2.61061798809  1.81578137083  1.07635903569  0.552126347951  0.248393169955  0.0991440009893  0.0354568996864  0.0114583678191  0.00337068271519  0.00090837018763  0.000225515218109  5.17689237245e-05  1.0668408461e-05  
0.986082729941  0.820739156572  0.574233487509  0.342492277269  0.17664576617  0.0798218850145  0.0319660737776  0.0114583678191  0.0037081611041  0.00109154230221  0.000294170149999  7.29955800228e-05  1.67412634264e-05  3.44594423666e-06  
0.283979455961  0.236985142187  0.166475694466  0.0997140876218  0.0516237783207  0.0233978747934  0.00939047338832  0.00337068271519  0.00109154230221  0.000321322307498  8.65542310811e-05  2.14576428591e-05  4.91484412628e-06  1.01014810464e-06  
0.0754919368729  0.0631101361685  0.0444538388213  0.0267030835266  0.0138594735783  0.00629372340587  0.00252909586824  0.00090837018763  0.000294170149999  8.65542310811e-05  2.32933361507e-05  5.76707556263e-06  1.31879202106e-06  2.70575096941e-07  
0.0185933716116  0.0155618602141  0.0109811956368  0.00660858841352  0.00343533550378  0.00156168855171  0.000627885853346  0.000225515218109  7.29955800228e-05  2.14576428591e-05  5.76707556263e-06  1.4254978081e-06  3.25353332597e-07  6.66190446453e-08  
0.00425289721398  0.00356212260445  0.00251641062233  0.00151606650548  0.000788739861033  0.000358701658435  0.000144209745873  5.17689237245e-05  1.67412634264e-05  4.91484412628e-06  1.31879202106e-06  3.25353332597e-07  7.40983222041e-08  1.51389747215e-08  
0.00087603201161  0.000734052983319  0.000518876424218  0.000312773792926  0.000162765570075  7.40160848701e-05  2.97431255931e-05  1.0668408461e-05  3.44594423666e-06  1.01014810464e-06  2.70575096941e-07  6.66190446453e-08  1.51389747215e-08  3.08619364236e-09  
