1000.0  622.25463894  400.595552964  258.385198144  163.988127652  101.349976573  60.6155949709  34.9466263828  19.3740753498  10.3119644906  5.26204321466  2.56510247237  1.17285674699  0.448058165919  
622.25463894  475.484653792  335.007620542  225.869029944  146.827831101  92.0328857611  55.5350823139  32.2081876621  17.929970142  9.57188120691  4.8952091074  2.39025127047  1.09425111379  0.418363728302  
400.595552964  335.007620542  252.947392553  178.621709549  119.709855747  76.5831807167  46.8654185476  27.450882539  15.3918084531  8.26076907074  4.24170861371  2.07751159503  0.953254556351  0.365003160959  
258.385198144  225.869029944  178.621709549  130.98311989  90.3269347213  59.0228858913  36.6906128186  21.7444337832  12.3005899687  6.64656013183  3.43075697151  1.68715430975  0.776517839736  0.297933786281  
163.988127652  146.827831101  119.709855747  90.3269347213  63.8047483208  42.5052263503  26.8282679162  16.0907231884  9.18816386483  5.0016488307  2.59687376662  1.28299925681  0.59260259285  0.227908445169  
101.349976573  92.0328857611  76.5831807167  59.0228858913  42.5052263503  28.7886738808  18.4224873631  11.1743612145  6.43950052171  3.53152052507  1.84464359264  0.915780002979  0.424582709516  0.163704388829  
60.6155949709  55.5350823139  46.8654185476  36.6906128186  26.8282679162  18.4224873631  11.9306248123  7.31039926117  4.24874107002  2.34659985929  1.23290412257  0.615017052961  0.286216773491  0.110638381561  
34.9466263828  32.2081876621  27.450882539  21.7444337832  16.0907231884  11.1743612145  7.31039926117  4.51932658298  2.64672532522  1.47132374052  0.777278373674  0.389503880938  0.181926135153  0.0704993920911  
19.3740753498  17.929970142  15.3918084531  12.3005899687  9.18816386483  6.43950052171  4.24874107002  2.64672532522  1.56049396631  0.87255438382  0.463266084413  0.233128173633  0.10925741333  0.0424382665954  
10.3119644906  9.57188120691  8.26076907074  6.64656013183  5.0016488307  3.53152052507  2.34659985929  1.47132374052  0.87255438382  0.490405929572  0.261538498572  0.132116407738  0.0621097221598  0.0241769427242  
5.26204321466  4.8952091074  4.24170861371  3.43075697151  2.59687376662  1.84464359264  1.23290412257  0.777278373674  0.463266084413  0.261538498572  0.140031446685  0.0709775266126  0.0334604190699  0.0130501664794  
2.56510247237  2.39025127047  2.07751159503  1.68715430975  1.28299925681  0.915780002979  0.615017052961  0.389503880938  0.233128173633  0.132116407738  0.0709775266126  0.0360825982955  0.017051597781  0.006661780583  
1.17285674699  1.09425111379  0.953254556351  0.776517839736  0.59260259285  0.424582709516  0.286216773491  0.181926135153  0.10925741333  0.0621097221598  0.0334604190699  0.017051597781  0.00807435513935  0.00315899124639  
0.448058165919  0.418363728302  0.365003160959  0.297933786281  0.227908445169  0.163704388829  0.110638381561  0.0704993920911  0.0424382665954  0.0241769427242  0.0130501664794  0.006661780583  0.00315899124639  0.00123714956379  
