1000.0  688.318857743  501.621735286  375.439270164  283.899496065  214.903642867  161.915611634  120.919600786  89.1646860407  64.5960812556  45.5760571515  30.7357776327  18.8884779873  8.97131128493  
688.318857743  565.778871869  444.924338675  345.384386517  266.303395315  203.894750141  154.734754063  116.120486652  85.9198876775  62.4003556457  44.1073112763  29.7846663469  18.3205899296  8.70622686728  
501.621735286  444.924338675  371.111690185  299.612533138  237.028655001  184.626591781  141.781443937  107.299037931  79.8817587767  58.2802476974  41.3353668877  27.982449969  17.2416638077  8.20182423262  
375.439270164  345.384386517  299.612533138  249.850785212  202.605957416  160.749079748  125.15291167  95.6986118849  71.807165318  52.7046528422  37.552147087  25.5078825242  15.7542076036  7.50479352037  
283.899496065  266.303395315  237.028655001  202.605957416  167.80775846  135.45607309  106.923329073  82.6569416099  62.5593883637  46.2306524591  33.1145247509  22.5838526119  13.987718518  6.67456089043  
214.903642867  203.894750141  184.626591781  160.749079748  135.45607309  111.006107822  88.7513463472  69.3418593604  52.9414717204  39.4009569278  28.3820132608  19.4403172807  12.0779642392  5.77401364482  
161.915611634  154.734754063  141.781443937  125.15291167  106.923329073  88.7513463472  71.7693103407  56.6276336929  43.5964813791  32.6724076151  23.6686350512  16.2835881323  10.1490013055  4.86123370412  
120.919600786  116.120486652  107.299037931  95.6986118849  82.6569416099  69.3418593604  56.6276336929  45.0754324741  34.9704227526  26.380265062  19.2146555761  13.2763775761  8.30072582584  3.98356647332  
89.1646860407  85.9198876775  79.8817587767  71.807165318  62.5593883637  52.9414717204  43.5964813791  34.9704227526  27.3180654407  20.731520113  15.176738581  10.5289552859  6.60262410966  3.17444842115  
64.5960812556  62.4003556457  58.2802476974  52.7046528422  46.2306524591  39.4009569278  32.6724076151  26.380265062  20.731520113  15.8168280183  11.6315812472  8.09925171562  5.09286593555  2.4527118462  
45.5760571515  44.1073112763  41.3353668877  37.552147087  33.1145247509  28.3820132608  23.6686350512  19.2146555761  15.176738581  11.6315812472  8.58743329652  5.99880700573  3.78114893657  1.82370286369  
30.7357776327  29.7846663469  27.982449969  25.5078825242  22.5838526119  19.4403172807  16.2835881323  13.2763775761  10.5289552859  8.09925171562  5.99880700573  4.20161438359  2.65361337678  1.28145886363  
18.8884779873  18.3205899296  17.2416638077  15.7542076036  13.987718518  12.0779642392  10.1490013055  8.30072582584  6.60262410966  5.09286593555  3.78114893657  2.65361337678  1.67845051539  0.8112983813  
8.97131128493  8.70622686728  8.20182423262  7.50479352037  6.67456089043  5.77401364482  4.86123370412  3.98356647332  3.17444842115  2.4527118462  1.82370286369  1.28145886363  0.8112983813  0.392378923894  
