1000.0  646.449440869  437.007850944  299.390562156  204.278253457  137.438231291  90.6262907652  58.3376539112  36.5588929673  22.2525414339  13.1135459214  7.41987541214  3.91017892726  1.66682417845  
646.449440869  508.32958003  374.293270428  267.336593716  186.549548466  127.180085552  84.5670414195  54.7441026565  34.4427347604  21.0248646356  12.41664447  7.03684036615  3.71262798919  1.58375991263  
437.007850944  374.293270428  294.381711574  219.746686707  157.865971176  109.744973407  73.9619579081  48.3384872424  30.6253076873  18.7921379456  11.1419575523  6.33337619844  3.34878225944  1.43050791656  
299.390562156  267.336593716  219.746686707  170.086114628  125.608599444  89.1344999808  60.9987564938  40.3276916752  25.7746290802  15.9226552217  9.49014154105  5.41625606264  2.87239241885  1.22932137153  
204.278253457  186.549548466  157.865971176  125.608599444  94.9619705814  68.6797092554  47.7162639051  31.9255860905  20.5985643946  12.8210772526  7.68736864094  4.40802961246  2.34592701464  1.00625918378  
137.438231291  127.180085552  109.744973407  89.1344999808  68.6797092554  50.4971796003  35.5731052471  24.0752215207  15.6802874579  9.83523633956  5.93417646256  3.41985027407  1.82696078548  0.785576521277  
90.6262907652  84.5670414195  73.9619579081  60.9987564938  47.7162639051  35.5731052471  25.3671350162  17.3489000103  11.4002962153  7.2043071988  4.37391091615  2.53348720571  1.35872643133  0.585719491832  
58.3376539112  54.7441026565  48.3384872424  40.3276916752  31.9255860905  24.0752215207  17.3489000103  11.9761738525  7.93400281966  5.04903853247  3.08368172897  1.7949748104  0.966352264497  0.417621070921  
36.5588929673  34.4427347604  30.6253076873  25.7746290802  20.5985643946  15.6802874579  11.4002962153  7.93400281966  5.29449143388  3.39093189377  2.08249550607  1.21785184027  0.658053196176  0.285073047145  
22.2525414339  21.0248646356  18.7921379456  15.9226552217  12.8210772526  9.83523633956  7.2043071988  5.04903853247  3.39093189377  2.18426395866  1.34821996078  0.791840552746  0.429325471625  0.186408543387  
13.1135459214  12.41664447  11.1419575523  9.49014154105  7.68736864094  5.93417646256  4.37391091615  3.08368172897  2.08249550607  1.34821996078  0.835929578894  0.492867633069  0.268057480245  0.116629233841  
7.41987541214  7.03684036615  6.33337619844  5.41625606264  4.40802961246  3.41985027407  2.53348720571  1.7949748104  1.21785184027  0.791840552746  0.492867633069  0.291578766363  0.159014054855  0.0693118785069  
3.91017892726  3.71262798919  3.34878225944  2.87239241885  2.34592701464  1.82696078548  1.35872643133  0.966352264497  0.658053196176  0.429325471625  0.268057480245  0.159014054855  0.0869108269229  0.0379394629539  
1.66682417845  1.58375991263  1.43050791656  1.22932137153  1.00625918378  0.785576521277  0.585719491832  0.417621070921  0.285073047145  0.186408543387  0.116629233841  0.0693118785069  0.0379394629539  0.0165784339244  
