1000.0  606.285866974  377.04223508  232.780221378  140.068834493  81.2827359148  45.2099202675  24.0143096369  12.156659473  5.85881874263  2.68671046084  1.17058639362  0.478954245101  0.167044862005  
606.285866974  453.990260419  309.85766779  200.275232976  123.539562416  72.7444295141  40.8337119042  21.8222010104  11.0936128204  5.36264817476  2.46463722965  1.07561084442  0.440635644918  0.153806593338  
377.04223508  309.85766779  227.039253247  153.86241816  97.912218836  58.8660856562  33.5173703235  18.0924362915  9.26409167573  4.50208738633  2.07737464683  0.909340050746  0.373363837226  0.130522926613  
232.780221378  200.275232976  153.86241816  108.342156015  70.962905675  43.581566882  25.2068490118  13.76580055  7.11051216954  3.47849721916  1.61325032998  0.708953937521  0.291956918083  0.102270551365  
140.068834493  123.539562416  97.912218836  70.962905675  47.6110026028  29.8060453638  17.5000006636  9.6692961404  5.04018660291  2.48329017366  1.15814799166  0.511195796486  0.211230461274  0.074163897265  
81.2827359148  72.7444295141  58.8660856562  43.581566882  29.8060453638  18.9654551077  11.2851727525  6.3034038435  3.31450087811  1.6445347241  0.771297623885  0.341977818207  0.141804780992  0.0499088928161  
45.2099202675  40.8337119042  33.5173703235  25.2068490118  17.5000006636  11.2851727525  6.79260261749  3.83073433045  2.03041588606  1.01403631452  0.478143276931  0.212922860527  0.0885943708481  0.031255736952  
24.0143096369  21.8222010104  18.0924362915  13.76580055  9.6692961404  6.3034038435  3.83073433045  2.17838387587  1.16277652295  0.584157235235  0.276800690952  0.123761782251  0.0516618940247  0.0182672720985  
12.156659473  11.0936128204  9.26409167573  7.11051216954  5.04018660291  3.31450087811  2.03041588606  1.16277652295  0.624461830122  0.315353729418  0.150085967488  0.0673510871765  0.028197026819  0.00999087758638  
5.85881874263  5.36264817476  4.50208738633  3.47849721916  2.48329017366  1.6445347241  1.01403631452  0.584157235235  0.315353729418  0.159972129474  0.0764282398779  0.0344079419499  0.0144427854039  0.00512686302711  
2.68671046084  2.46463722965  2.07737464683  1.61325032998  1.15814799166  0.771297623885  0.478143276931  0.276800690952  0.150085967488  0.0764282398779  0.0366352611504  0.016539345709  0.00695821426221  0.00247398504621  
1.17058639362  1.07561084442  0.909340050746  0.708953937521  0.511195796486  0.341977818207  0.212922860527  0.123761782251  0.0673510871765  0.0344079419499  0.016539345709  0.00748460293545  0.00315492238136  0.00112326631932  
0.478954245101  0.440635644918  0.373363837226  0.291956918083  0.211230461274  0.141804780992  0.0885943708481  0.0516618940247  0.028197026819  0.0144427854039  0.00695821426221  0.00315492238136  0.00133196684538  0.00047475695013  
0.167044862005  0.153806593338  0.130522926613  0.102270551365  0.074163897265  0.0499088928161  0.031255736952  0.0182672720985  0.00999087758638  0.00512686302711  0.00247398504621  0.00112326631932  0.00047475695013  0.000169351932693  
