1000.0  575.595431057  333.067277061  187.307180381  100.468637159  50.879787556  24.2000988152  10.7850877274  4.50100594252  1.75992071646  0.645464533874  0.222313207606  0.0716847493054  0.0203183329528  
575.595431057  413.179209487  263.585631799  155.557865824  85.6470400818  44.0413307259  21.1476603923  9.48357733078  3.97464206897  1.5587337178  0.572897086698  0.197625578579  0.0637962991582  0.0180962808483  
333.067277061  263.585631799  180.936833985  112.082571418  63.6925376266  33.4447372178  16.2887187177  7.37676952436  3.11326911038  1.2270787291  0.452661326809  0.156573559488  0.0506451225926  0.0143854063137  
187.307180381  155.557865824  112.082571418  72.1487251177  42.1830857251  22.6129380069  11.1797152835  5.1187622318  2.17778771879  0.863514074095  0.31997185149  0.111048325458  0.0360091252693  0.0102456156644  
100.468637159  85.6470400818  63.6925376266  42.1830857251  25.2405973638  13.7770703188  6.90616973251  3.19555005073  1.37048922668  0.546736266108  0.203533826951  0.0708872879417  0.0230471024257  0.00656947773975  
50.879787556  44.0413307259  33.4447372178  22.6129380069  13.7770703188  7.63262741016  3.87190862926  1.80845997711  0.781310291673  0.31347307257  0.117211807951  0.0409609463798  0.0133512529628  0.00381237560818  
24.2000988152  21.1476603923  16.2887187177  11.1797152835  6.90616973251  3.87190862926  1.98363294684  0.933935766467  0.406072316405  0.163745069536  0.0614679501081  0.0215459499305  0.00703898083187  0.00201308452157  
10.7850877274  9.48357733078  7.37676952436  5.1187622318  3.19555005073  1.80845997711  0.933935766467  0.442636445953  0.193493327809  0.0783597264064  0.0295145905349  0.0103724762262  0.00339524012581  0.000972282898075  
4.50100594252  3.97464206897  3.11326911038  2.17778771879  1.37048922668  0.781310291673  0.406072316405  0.193493327809  0.0849569673955  0.0345273777742  0.0130411669749  0.0045929171092  0.00150576973949  0.000431648393097  
1.75992071646  1.5587337178  1.2270787291  0.863514074095  0.546736266108  0.31347307257  0.163745069536  0.0783597264064  0.0345273777742  0.0140722696386  0.00532699851298  0.00187924264368  0.000616840526771  0.000176958724902  
0.645464533874  0.572897086698  0.452661326809  0.31997185149  0.203533826951  0.117211807951  0.0614679501081  0.0295145905349  0.0130411669749  0.00532699851298  0.00201996269046  0.000713487418204  0.000234391981908  6.72747844939e-05  
0.222313207606  0.197625578579  0.156573559488  0.111048325458  0.0708872879417  0.0409609463798  0.0215459499305  0.0103724762262  0.0045929171092  0.00187924264368  0.000713487418204  0.000252233950372  8.2905827981e-05  2.38010761746e-05  
0.0716847493054  0.0637962991582  0.0506451225926  0.0360091252693  0.0230471024257  0.0133512529628  0.00703898083187  0.00339524012581  0.00150576973949  0.000616840526771  0.000234391981908  8.2905827981e-05  2.72562902333e-05  7.82500775733e-06  
0.0203183329528  0.0180962808483  0.0143854063137  0.0102456156644  0.00656947773975  0.00381237560818  0.00201308452157  0.000972282898075  0.000431648393097  0.000176958724902  6.72747844939e-05  2.38010761746e-05  7.82500775733e-06  2.2461840041e-06  
