1000.0  552.816138662  301.720762561  157.06699163  76.5664768286  34.6376855307  14.4880330479  5.59933438798  2.00170548795  0.663270676236  0.204227712298  0.0585901754174  0.0156686116862  0.00374064001903  
552.816138662  383.393032122  231.263748309  126.487947339  63.32752336  29.096318916  12.2871674952  4.77816399627  1.71521544637  0.569953082076  0.175840632415  0.0505160074185  0.0135223222009  0.0032302625962  
301.720762561  231.263748309  150.197959021  86.2152899509  44.5327365299  20.8835198947  8.94041855841  3.5093380858  1.26795572449  0.423263453957  0.131008138968  0.0377227858831  0.0101139317403  0.00241856024097  
157.06699163  126.487947339  86.2152899509  51.3796918978  27.2734717282  13.0416377778  5.66138538162  2.2444526657  0.816762921625  0.274057684962  0.0851412225123  0.0245805866391  0.00660246285111  0.00158071696539  
76.5664768286  63.32752336  44.5327365299  27.2734717282  14.7941374674  7.19184517636  3.16072837525  1.26458872099  0.463306204439  0.156230210902  0.0487105688277  0.01409892051  0.0037936884274  0.000909253375348  
34.6376855307  29.096318916  20.8835198947  13.0416377778  7.19184517636  3.54252963654  1.57290016679  0.634231622034  0.233727810254  0.07915725524  0.0247580026899  0.00718190033294  0.001935330399  0.000464253371041  
14.4880330479  12.2871674952  8.94041855841  5.66138538162  3.16072837525  1.57290016679  0.704091509873  0.28570924987  0.105797022222  0.0359583956043  0.0112754876014  0.00327655545342  0.000883909347818  0.000212155290998  
5.59933438798  4.77816399627  3.5093380858  2.2444526657  1.26458872099  0.634231622034  0.28570924987  0.116513227973  0.0433074954782  0.0147601944252  0.00463731428243  0.00134923893069  0.000364228361646  8.74428822041e-05  
2.00170548795  1.71521544637  1.26795572449  0.816762921625  0.463306204439  0.233727810254  0.105797022222  0.0433074954782  0.0161429942633  0.00551307241353  0.00173439704601  0.000505008169686  0.000136364396772  3.2735286424e-05  
0.663270676236  0.569953082076  0.423263453957  0.274057684962  0.156230210902  0.07915725524  0.0359583956043  0.0147601944252  0.00551307241353  0.00188537279469  0.000593603908781  0.000172893112202  4.66801858837e-05  1.12016072808e-05  
0.204227712298  0.175840632415  0.131008138968  0.0851412225123  0.0487105688277  0.0247580026899  0.0112754876014  0.00463731428243  0.00173439704601  0.000593603908781  0.000186952989257  5.44462664895e-05  1.469350048e-05  3.52358859405e-06  
0.0585901754174  0.0505160074185  0.0377227858831  0.0245805866391  0.01409892051  0.00718190033294  0.00327655545342  0.00134923893069  0.000505008169686  0.000172893112202  5.44462664895e-05  1.58490537647e-05  4.27395055951e-06  1.02398548059e-06  
0.0156686116862  0.0135223222009  0.0101139317403  0.00660246285111  0.0037936884274  0.001935330399  0.000883909347818  0.000364228361646  0.000136364396772  4.66801858837e-05  1.469350048e-05  4.27395055951e-06  1.15136440908e-06  2.75544299783e-07  
0.00374064001903  0.0032302625962  0.00241856024097  0.00158071696539  0.000909253375348  0.000464253371041  0.000212155290998  8.74428822041e-05  3.2735286424e-05  1.12016072808e-05  3.52358859405e-06  1.02398548059e-06  2.75544299783e-07  6.58658136566e-08  
