1000.0  556.08437678  306.143018639  161.21171149  79.713176691  36.6700677408  15.6320842937  6.16935334696  2.25598237648  0.765760400916  0.241840350102  0.0712380185776  0.0195737176909  0.00479220808743  
556.08437678  387.636942965  235.785397825  130.434516146  66.2354772435  30.9456739019  13.3186436927  5.28898016596  1.94210023649  0.661104522589  0.209206283974  0.0617121303886  0.0169731239649  0.00415821391088  
306.143018639  235.785397825  154.415173194  89.6554662624  46.9754353504  22.4028635075  9.77565858354  3.91881699  1.44847894374  0.495371548422  0.157280746334  0.0465048636648  0.0128118992961  0.00314220428988  
161.21171149  130.434516146  89.6554662624  54.0543109733  29.1119319005  14.1599335323  6.2664588216  2.53761004459  0.944831790967  0.324842020381  0.103533723526  0.0306974667445  0.00847349677455  0.00208082262871  
79.713176691  66.2354772435  46.9754353504  29.1119319005  16.0259587332  7.92659166494  3.55230463835  1.45205947215  0.544421316259  0.188141030025  0.0601902996214  0.0178947302733  0.00494891501943  0.00121677613513  
36.6700677408  30.9456739019  22.4028635075  14.1599335323  7.92659166494  3.97366274254  1.79958306302  0.741548738746  0.279727160677  0.0971088738069  0.0311712308789  0.00928951469  0.00257330603698  0.000633332628892  
15.6320842937  13.3186436927  9.77565858354  6.2664588216  3.55230463835  1.79958306302  0.821882712043  0.340908882267  0.129248495883  0.0450396402803  0.0144974677284  0.00432888321966  0.00120068562485  0.000295723412225  
6.16935334696  5.28898016596  3.91881699  2.53761004459  1.45205947215  0.741548738746  0.340908882267  0.142145385669  0.0541083540985  0.0189119393622  0.00610052712862  0.00182423454933  0.000506422606168  0.000124780852491  
2.25598237648  1.94210023649  1.44847894374  0.944831790967  0.544421316259  0.279727160677  0.129248495883  0.0541083540985  0.0206600820184  0.0072374125255  0.002338242368  0.000699875131848  0.000194382139879  4.78995882168e-05  
0.765760400916  0.661104522589  0.495371548422  0.324842020381  0.188141030025  0.0971088738069  0.0450396402803  0.0189119393622  0.0072374125255  0.00253936291909  0.000821237031209  0.000245934800869  6.83114835669e-05  1.68297929933e-05  
0.241840350102  0.209206283974  0.157280746334  0.103533723526  0.0601902996214  0.0311712308789  0.0144974677284  0.00610052712862  0.002338242368  0.000821237031209  0.000265728937326  7.9585284568e-05  2.21000626732e-05  5.44211646275e-06  
0.0712380185776  0.0617121303886  0.0465048636648  0.0306974667445  0.0178947302733  0.00928951469  0.00432888321966  0.00182423454933  0.000699875131848  0.000245934800869  7.9585284568e-05  2.38293345328e-05  6.61340321311e-06  1.62734808552e-06  
0.0195737176909  0.0169731239649  0.0128118992961  0.00847349677455  0.00494891501943  0.00257330603698  0.00120068562485  0.000506422606168  0.000194382139879  6.83114835669e-05  2.21000626732e-05  6.61340321311e-06  1.83390565065e-06  4.50840439175e-07  
0.00479220808743  0.00415821391088  0.00314220428988  0.00208082262871  0.00121677613513  0.000633332628892  0.000295723412225  0.000124780852491  4.78995882168e-05  1.68297929933e-05  5.44211646275e-06  1.62734808552e-06  4.50840439175e-07  1.10721103186e-07  
