1000.0  596.40018106  362.679888691  217.572895043  126.385638579  70.3441155367  37.2894476733  18.7637568122  8.94736547538  4.04053237761  1.72798276086  0.699503664765  0.265813322419  0.0870670825871  
596.40018106  440.76806071  294.639577602  185.205637889  110.340915946  62.3328047067  33.3517507081  16.8859351463  8.0861534145  3.66265700152  1.56983507321  0.636524923138  0.242174663843  0.0793891015603  
362.679888691  294.639577602  211.635756872  139.551831452  85.7947558814  49.4918310496  26.8622764448  13.737121034  6.62565648203  3.01692462437  1.29813928311  0.527913900457  0.201295831431  0.066087202432  
217.572895043  185.205637889  139.551831452  95.6308090472  60.5144345692  35.6567599725  19.6566462795  10.1684848254  4.94672164516  2.26707789511  0.98031936771  0.400178564285  0.153028493403  0.0503394232939  
126.385638579  110.340915946  85.7947558814  60.5144345692  39.2190156412  23.5506399051  13.1756065494  6.89398692126  3.38349730712  1.56132047096  0.678756067084  0.278234346523  0.10673825575  0.0351897519338  
70.3441155367  62.3328047067  49.4918310496  35.6567599725  23.5506399051  14.3690536011  8.14417597511  4.30618969348  2.13117787053  0.990005315639  0.432672047915  0.178106158002  0.0685496560733  0.0226509864023  
37.2894476733  33.3517507081  26.8622764448  19.6566462795  13.1756065494  8.14417597511  4.66731388916  2.4905907383  1.24194127624  0.580472392894  0.254951507455  0.105368120624  0.0406813078305  0.0134718818675  
18.7637568122  16.8859351463  13.737121034  10.1684848254  6.89398692126  4.30618969348  2.4905907383  1.33950158573  0.672354052749  0.315969548465  0.139400513902  0.0578222464863  0.0223887465012  0.00742918832227  
8.94736547538  8.0861534145  6.62565648203  4.94672164516  3.38349730712  2.13117787053  1.24194127624  0.672354052749  0.339384960218  0.160247690243  0.0709766177967  0.0295353763598  0.0114653685318  0.00381137973299  
4.04053237761  3.66265700152  3.01692462437  2.26707789511  1.56132047096  0.990005315639  0.580472392894  0.315969548465  0.160247690243  0.0759691322581  0.0337616528572  0.0140882292773  0.00548103881913  0.0018248784103  
1.72798276086  1.56983507321  1.29813928311  0.98031936771  0.678756067084  0.432672047915  0.254951507455  0.139400513902  0.0709766177967  0.0337616528572  0.015046756795  0.00629352163153  0.00245307576655  0.000817807406809  
0.699503664765  0.636524923138  0.527913900457  0.400178564285  0.278234346523  0.178106158002  0.105368120624  0.0578222464863  0.0295353763598  0.0140882292773  0.00629352163153  0.00263745126395  0.00102959666406  0.000343613849873  
0.265813322419  0.242174663843  0.201295831431  0.153028493403  0.10673825575  0.0685496560733  0.0406813078305  0.0223887465012  0.0114653685318  0.00548103881913  0.00245307576655  0.00102959666406  0.00040241300664  0.000134410965026  
0.0870670825871  0.0793891015603  0.066087202432  0.0503394232939  0.0351897519338  0.0226509864023  0.0134718818675  0.00742918832227  0.00381137973299  0.0018248784103  0.000817807406809  0.000343613849873  0.000134410965026  4.49200829027e-05  
