1000.0  691.831762  507.11262558  382.047336714  291.039569046  222.134820692  168.895039909  127.384115887  94.9204746508  69.5092167167  49.5617594723  33.7464618831  20.9016685844  9.97886070663  
691.831762  570.625632559  450.967335173  352.217779381  273.513402668  211.116056509  161.663157472  122.515044862  91.6005711645  67.2421069469  48.0310840874  32.7465071269  20.3002228422  9.69672777435  
507.11262558  450.967335173  377.776245078  306.717236722  244.304250834  191.795212903  148.593096908  113.547727844  85.4106232431  62.9797110388  45.1366036835  30.8480505107  19.1553340313  9.15885584715  
382.047336714  352.217779381  306.717236722  257.122999859  209.862101172  167.780938331  131.762555445  101.717865531  77.1061723406  57.1927117236  41.1732157432  28.2328412871  17.5718278137  8.41318219236  
291.039569046  273.513402668  244.304250834  209.862101172  174.905973614  142.236691868  113.231325714  88.3588416383  67.5518709408  50.4423565973  36.5028183106  25.128399814  15.6826581755  7.52096396652  
222.134820692  211.116056509  191.795212903  167.780938331  142.236691868  117.408717466  94.6541325711  74.6405890073  57.5564322674  43.2785623662  31.4921527199  21.7708754991  13.6280578418  6.54741578298  
168.895039909  161.663157472  148.593096908  131.762555445  113.231325714  94.6541325711  77.1704634807  61.446520303  47.7731094163  36.1683085354  26.4643808471  18.3739969624  11.5372790107  5.55328889282  
127.384115887  122.515044862  113.547727844  101.717865531  88.3588416383  74.6405890073  61.446520303  49.3525425389  38.6615570304  29.4590497428  21.6700758099  15.1085227949  9.51572606228  4.58872438311  
94.9204746508  91.6005711645  85.4106232431  77.1061723406  67.5518709408  57.5564322674  47.7731094163  38.6615570304  30.4917896131  23.3706333519  17.2763265129  12.0926317895  7.63820130396  3.68982935731  
69.5092167167  67.2421069469  62.9797110388  57.1927117236  50.4423565973  43.2785623662  36.1683085354  29.4590497428  23.3706333519  18.0056736784  13.3692374437  9.39122934451  5.9474890484  2.87773309162  
49.5617594723  48.0310840874  45.1366036835  41.1732157432  36.5028183106  31.4921527199  26.4643808471  21.6700758099  17.2763265129  13.3692374437  9.96445599844  7.02121581337  4.45677428251  2.15950012411  
33.7464618831  32.7465071269  30.8480505107  28.2328412871  25.128399814  21.7708754991  18.3739969624  15.1085227949  12.0926317895  9.39122934451  7.02121581337  4.9598860305  3.1542874565  1.53018030154  
20.9016685844  20.3002228422  19.1553340313  17.5718278137  15.6826581755  13.6280578418  11.5372790107  9.51572606228  7.63820130396  5.9474890484  4.45677428251  3.1542874565  2.00884211034  0.975369030207  
9.97886070663  9.69672777435  9.15885584715  8.41318219236  7.52096396652  6.54741578298  5.55328889282  4.58872438311  3.68982935731  2.87773309162  2.15950012411  1.53018030154  0.975369030207  0.47383761182  
