1000.0  693.480252274  509.692122708  385.15753499  294.40916106  225.559001782  172.213279421  130.471336275  97.6823226891  71.8780329329  51.492155311  35.2104339186  21.8836505519  10.4712940794  
693.480252274  572.901149312  453.807896049  355.436218824  276.918509774  214.538231184  164.959814732  125.571416767  94.3287245571  69.5785550613  49.9331821226  34.188031673  21.2667185567  10.181273817  
509.692122708  453.807896049  380.913100411  310.068193869  247.745476302  195.19773395  151.83945344  116.539359453  88.0703990015  65.2514462387  46.982563846  32.2452375524  20.0913182888  9.62788232805  
385.15753499  355.436218824  310.068193869  260.560405592  213.301877602  171.126351351  134.920226346  104.606775361  79.6618123141  59.3678407247  42.9362841031  29.5649772487  18.4632128925  8.85956807399  
294.40916106  276.918509774  247.745476302  213.301877602  178.280961209  145.472512076  116.254408333  91.104283693  69.9676201257  52.4904050645  38.1581758947  26.3766343198  16.5167764083  7.93834812105  
225.559001782  214.538231184  195.19773395  171.126351351  145.472512076  120.4756278  97.4938860621  77.2019089692  59.7984283793  45.1718084274  33.0178833249  22.9189094614  14.3941077866  6.93041719104  
172.213279421  164.959814732  151.83945344  134.920226346  116.254408333  97.4938860621  79.7803763519  63.786383664  49.8114592749  37.883137078  27.8423599907  19.4086563303  12.2266700198  5.89766868294  
130.471336275  125.571416767  116.539359453  104.606775361  91.104283693  77.2019089692  63.786383664  51.4396008046  40.4720151895  30.9769743201  22.886571648  16.0200969301  10.1222552529  4.89146067622  
97.6823226891  94.3287245571  88.0703990015  79.6618123141  69.9676201257  59.7984283793  49.8114592749  40.4720151895  32.0566571407  24.6787382549  18.3221628546  12.8748910936  8.15801819332  3.94908602911  
71.8780329329  69.5785550613  65.2514462387  59.3678407247  52.4904050645  45.1718084274  37.883137078  30.9769743201  24.6787382549  19.0963825335  14.2394658806  10.0410972663  6.37883873457  3.09272016852  
51.492155311  49.9331821226  46.982563846  42.9362841031  38.1581758947  33.0178833249  27.8423599907  22.886571648  18.3221628546  14.2394658806  10.6575861739  7.53813643683  4.79954949613  2.33024195029  
35.2104339186  34.188031673  32.2452375524  29.5649772487  26.3766343198  22.9189094614  19.4086563303  16.0200969301  12.8748910936  10.0410972663  7.53813643683  5.34498416617  3.40945354426  1.65722345897  
21.8836505519  21.2667185567  20.0913182888  18.4632128925  16.5167764083  14.3941077866  12.2266700198  10.1222552529  8.15801819332  6.37883873457  4.79954949613  3.40945354426  2.17782061921  1.05947216286  
10.4712940794  10.181273817  9.62788232805  8.85956807399  7.93834812105  6.93041719104  5.89766868294  4.89146067622  3.94908602911  3.09272016852  2.33024195029  1.65722345897  1.05947216286  0.515688336851  
