1000.0  688.623353276  502.097346694  376.010949158  284.516129503  215.526766724  162.515468262  121.473571241  89.6563776018  65.0144570922  45.9144315293  30.9906945515  19.0585790151  9.05632806607  
688.623353276  566.198855141  445.447571442  345.975300635  266.925773159  204.516711249  155.329914005  116.668166318  86.4048942511  62.8124190461  44.4402356362  30.0353006432  18.4877564159  8.78975521834  
502.097346694  445.447571442  371.688251028  300.226349268  237.656089695  185.243393604  142.365964311  107.833649084  80.3532830874  58.6797511973  41.6575245658  28.2246582142  17.4030701395  8.28243457169  
376.010949158  345.975300635  300.226349268  250.478194253  203.230803137  161.353201685  125.719215413  96.212771262  72.258347959  53.0855484935  37.8585145971  25.7378068687  15.9072459531  7.58117265742  
284.516129503  266.925773159  237.656089695  203.230803137  168.41782058  136.037449989  107.462683262  83.1429733601  62.9835629137  46.5873149368  33.4005622908  22.7980716558  14.130103298  6.74556540035  
215.526766724  204.516711249  185.243393604  161.353201685  136.037449989  111.553734521  89.2547944443  69.7923735577  53.3325515705  39.7284572979  28.6438627602  19.6359860271  12.2078222983  5.8387141893  
162.515468262  155.329914005  142.365964311  125.719215413  107.462683262  89.2547944443  72.2286453438  57.0361451321  43.9493556827  32.9667693046  23.9032862327  16.4585438112  10.2649347602  4.91894434787  
121.473571241  116.668166318  107.833649084  96.212771262  83.1429733601  69.7923735577  57.0361451321  45.436840056  35.2812495052  26.6386348353  19.4200406439  13.4291888584  8.4018354487  4.03385373816  
89.6563776018  86.4048942511  80.3532830874  72.258347959  62.9835629137  53.3325515705  43.9493556827  35.2812495052  27.5843918222  20.9522099061  15.351729695  10.658900814  6.68848627758  3.21711726419  
65.0144570922  62.8124190461  58.6797511973  53.0855484935  46.5873149368  39.7284572979  32.9667693046  26.6386348353  20.9522099061  15.9992152065  11.7758851235  8.20622657148  5.16346364815  2.48776924803  
45.9144315293  44.4402356362  41.6575245658  37.8585145971  33.4005622908  28.6438627602  23.9032862327  19.4200406439  15.351729695  11.7758851235  8.70139757276  6.08316882082  3.83676518216  1.85130332925  
30.9906945515  30.0353006432  28.2246582142  25.7378068687  22.7980716558  19.6359860271  16.4585438112  13.4291888584  10.658900814  8.20622657148  6.08316882082  4.26399119895  2.69470135204  1.30183903871  
19.0585790151  18.4877564159  17.4030701395  15.9072459531  14.130103298  12.2078222983  10.2649347602  8.4018354487  6.68848627758  5.16346364815  3.83676518216  2.69470135204  1.70549878414  0.824709646004  
9.05632806607  8.78975521834  8.28243457169  7.58117265742  6.74556540035  5.8387141893  4.91894434787  4.03385373816  3.21711726419  2.48776924803  1.85130332925  1.30183903871  0.824709646004  0.39902706585  
