1000.0  648.649509414  440.357108794  303.238708585  208.168848943  141.053472543  93.7691009682  60.9161937082  38.5650340482  23.7356277324  14.1537506915  8.10511426394  4.31875921476  1.85609588355  
648.649509414  511.330808677  377.928310415  271.253952381  190.412366867  130.726829355  87.6300198747  57.2470260199  36.3848768354  22.457986524  13.4204677234  7.69747310619  4.10627012095  1.76603712183  
440.357108794  377.928310415  298.26722694  223.686611422  161.630755766  113.141263943  76.8638077778  50.6933733946  32.4439423151  20.1295943571  12.0764543179  6.9472641481  3.7141013716  1.59953814641  
303.238708585  271.253952381  223.686611422  173.915291754  129.168121554  92.2884675787  63.6613174488  42.4704201134  27.41953083  17.1270070143  10.328845623  5.9658473049  3.1988688602  1.38021539265  
208.168848943  190.412366867  161.630755766  129.168121554  98.2011932348  71.5050578772  50.0739640124  33.8067361951  22.0333262862  13.866363513  8.41251140488  4.88181327556  2.62677325361  1.13589302443  
141.053472543  130.726829355  113.141263943  92.2884675787  71.5050578772  52.9299729028  37.5824880081  25.6655005259  16.8854313361  10.7087589518  6.5377034901  3.81292331864  2.05941936607  0.892718837801  
93.7691009682  87.6300198747  76.8638077778  63.6613174488  50.0739640124  37.5824880081  27.0123550833  18.6415071194  12.3739626198  7.90654506067  4.85712398268  2.84717850125  1.54378846942  0.670885347758  
60.9161937082  57.2470260199  50.6933733946  42.4704201134  33.8067361951  25.6655005259  18.6415071194  12.9852858725  8.68996413896  5.59171912379  3.4556396843  2.03566945365  1.10800444584  0.48270842484  
38.5650340482  36.3848768354  32.4439423151  27.41953083  22.0333262862  16.8854313361  12.3739626198  8.68996413896  5.85804875303  3.79376340621  2.35758419097  1.3953171992  0.762247115446  0.332875842923  
23.7356277324  22.457986524  20.1295943571  17.1270070143  13.866363513  10.7087589518  7.90654506067  5.59171912379  3.79376340621  2.47110261515  1.54343687951  0.917418545215  0.502889933805  0.220109736379  
14.1537506915  13.4204677234  12.0764543179  10.328845623  8.41251140488  6.5377034901  4.85712398268  3.4556396843  2.35758419097  1.54343687951  0.968388316298  0.577852944362  0.317739683344  0.139358701333  
8.10511426394  7.69747310619  6.9472641481  5.9658473049  4.88181327556  3.81292331864  2.84717850125  2.03566945365  1.3953171992  0.917418545215  0.577852944362  0.345981342902  0.190759810825  0.0838180075122  
4.31875921476  4.10627012095  3.7141013716  3.1988688602  2.62677325361  2.05941936607  1.54378846942  1.10800444584  0.762247115446  0.502889933805  0.317739683344  0.190759810825  0.105408343686  0.0463835928842  
1.85609588355  1.76603712183  1.59953814641  1.38021539265  1.13589302443  0.892718837801  0.670885347758  0.48270842484  0.332875842923  0.220109736379  0.139358701333  0.0838180075122  0.0463835928842  0.0204306719703  
