1000.0  604.743002972  374.789183382  230.373342802  137.87590772  79.501557304  43.895477881  23.1238205881  11.5990894347  5.53455802681  2.51093275997  1.08170908509  0.437611503048  0.15118277264  
604.743002972  451.92222262  307.46415527  197.883220154  121.417730264  71.0435932272  39.5879383793  20.9822076428  10.5693434735  5.05845639122  2.30002460341  0.992490674119  0.402010904633  0.138997758491  
374.789183382  307.46415527  224.602187437  151.576763916  95.9516859651  57.3246501544  32.401882301  17.3463150634  8.80104425146  4.23454022035  1.93305575738  0.836650259758  0.339651914718  0.117614978917  
230.373342802  197.883220154  151.576763916  106.29221645  69.2557231385  42.2654617216  24.2672045256  13.1433177607  6.72693334379  3.2580670711  1.49485307849  0.649523202104  0.26446816414  0.0917649163059  
137.87590772  121.417730264  95.9516859651  69.2557231385  46.2216383799  28.7533347716  16.7581050362  9.18264281962  4.74259287599  2.31330584663  1.06729172322  0.465771414389  0.190287218649  0.0661777063441  
79.501557304  71.0435932272  57.3246501544  42.2654617216  28.7533347716  18.1791668999  10.7374175329  5.94743580305  3.0984640707  1.52189941718  0.706086562687  0.309515148969  0.126890058201  0.0442356420102  
43.895477881  39.5879383793  32.401882301  24.2672045256  16.7581050362  10.7374175329  6.41479957279  3.58727647003  1.88371178225  0.931260801265  0.434354285423  0.191220192385  0.0786596114213  0.0274866458451  
23.1238205881  20.9822076428  17.3463150634  13.1433177607  9.18264281962  5.94743580305  3.58727647003  2.0226657319  1.06955488113  0.531858284582  0.249272158934  0.110177490037  0.0454662695849  0.0159230105054  
11.5990894347  10.5693434735  8.80104425146  6.72693334379  4.74259287599  3.0984640707  1.88371178225  1.06955488113  0.568983048931  0.284393923809  0.133866929562  0.0593813197206  0.0245752273994  0.00862411432325  
5.53455802681  5.05845639122  4.23454022035  3.2580670711  2.31330584663  1.52189941718  0.931260801265  0.531858284582  0.284393923809  0.142779144687  0.0674613245968  0.0300194649355  0.0124554416005  0.0043788412738  
2.51093275997  2.30002460341  1.93305575738  1.49485307849  1.06729172322  0.706086562687  0.434354285423  0.249272158934  0.133866929562  0.0674613245968  0.0319779519893  0.014268682594  0.00593337137165  0.00208920877637  
1.08170908509  0.992490674119  0.836650259758  0.649523202104  0.465771414389  0.309515148969  0.191220192385  0.110177490037  0.0593813197206  0.0300194649355  0.014268682594  0.00638146243851  0.00265859890758  0.000937366375165  
0.437611503048  0.402010904633  0.339651914718  0.26446816414  0.190287218649  0.126890058201  0.0786596114213  0.0454662695849  0.0245752273994  0.0124554416005  0.00593337137165  0.00265859890758  0.00110929453171  0.000391534367066  
0.15118277264  0.138997758491  0.117614978917  0.0917649163059  0.0661777063441  0.0442356420102  0.0274866458451  0.0159230105054  0.00862411432325  0.0043788412738  0.00208920877637  0.000937366375165  0.000391534367066  0.000138299495536  
