1000.0  626.737542179  407.279989043  265.790932939  171.095004053  107.521596397  65.554638336  38.6239271248  21.93595944  11.9882885043  6.29403324672  3.16083016655  1.48767777725  0.58155014154  
626.737542179  481.546516857  342.185050905  233.317744539  153.793341527  98.0061334897  60.2818100745  35.726890047  20.3742058397  11.1679164882  5.87627158415  2.95592915586  1.39293860309  0.544945860483  
407.279989043  342.185050905  260.435258733  185.923721878  126.319600041  82.1474512272  51.2371329792  30.6674485271  17.6145922329  9.70673573841  5.12801119234  2.58744769952  1.22207722938  0.478810764056  
265.790932939  233.317744539  185.923721878  137.800134052  96.3238542338  63.9770909619  40.533585288  24.5466703803  14.2244226739  7.89191497187  4.19121125354  2.12339857828  1.00598375848  0.394939637938  
171.095004053  153.793341527  126.319600041  96.3238542338  68.9645110927  46.6978913971  30.0407898212  18.4117126789  10.7703888911  6.02024731908  3.21615813241  1.63703280861  0.778333318396  0.306288940662  
107.521596397  98.0061334897  82.1474512272  63.9770909619  46.6978913971  32.1494055298  20.9695603203  12.9985909499  7.67441761199  4.32204842364  2.32305752023  1.18825990395  0.567114172159  0.22373807189  
65.554638336  60.2818100745  51.2371329792  40.533585288  30.0407898212  20.9695603203  13.8430564945  8.66936304863  5.16266360559  2.92843265907  1.58339946665  0.813878723499  0.389924794672  0.154230871611  
38.6239271248  35.726890047  30.6674485271  24.5466703803  18.4117126789  12.9985909499  8.66936304863  5.47834449847  3.28781844269  1.8773545618  1.02078341465  0.527141316992  0.253487443277  0.10051721947  
21.93595944  20.3742058397  17.6145922329  14.2244226739  10.7703888911  7.67441761199  5.16266360559  3.28781844269  1.98675686918  1.14123719712  0.623724260099  0.323495432375  0.156102298041  0.0620481369055  
11.9882885043  11.1679164882  9.70673573841  7.89191497187  6.02024731908  4.32204842364  2.92843265907  1.8773545618  1.14123719712  0.659027866183  0.361847151653  0.188414482279  0.0912105840038  0.0363347927096  
6.29403324672  5.87627158415  5.12801119234  4.19121125354  3.21615813241  2.32305752023  1.58339946665  1.02078341465  0.623724260099  0.361847151653  0.199489077675  0.104241327855  0.0506085109055  0.0202008292355  
3.16083016655  2.95592915586  2.58744769952  2.12339857828  1.63703280861  1.18825990395  0.813878723499  0.527141316992  0.323495432375  0.188414482279  0.104241327855  0.0546381824964  0.0265937532412  0.0106338586899  
1.48767777725  1.39293860309  1.22207722938  1.00598375848  0.778333318396  0.567114172159  0.389924794672  0.253487443277  0.156102298041  0.0912105840038  0.0506085109055  0.0265937532412  0.0129709980095  0.00519422175556  
0.58155014154  0.544945860483  0.478810764056  0.394939637938  0.306288940662  0.22373807189  0.154230871611  0.10051721947  0.0620481369055  0.0363347927096  0.0202008292355  0.0106338586899  0.00519422175556  0.00208215268337  
