1000.0  690.404555989  504.880808044  379.35932807  288.131931676  219.185935951  166.044078637  124.738568099  92.5603036582  67.4905548585  47.921049802  32.505056162  20.070481159  9.56252679855  
690.404555989  568.656123151  448.510503659  349.437333821  270.576393844  208.170252486  158.832094412  119.897226405  89.2703767363  65.2520603032  46.4152782873  31.5247899737  19.482585627  9.28728507275  
504.880808044  448.510503659  375.065239479  303.824710044  241.338697009  188.869019035  145.80788741  110.987875522  83.1411179185  61.0467706504  43.5701251131  29.6651649556  18.3643565922  8.76295416029  
379.35932807  349.437333821  303.824710044  254.159622465  206.901721905  164.907806819  129.05726861  99.2495027327  74.9287666689  55.3447782776  39.6793873609  27.1067930037  16.8197299922  8.03699017118  
288.131931676  270.576393844  241.338697009  206.901721905  172.006447639  139.46269839  110.646146038  86.017514568  65.4976435529  48.7058256956  35.1030686868  24.075420085  14.980325021  7.16994047861  
219.185935951  208.170252486  188.869019035  164.907806819  139.46269839  114.785310316  92.231192279  72.4613056673  55.654427651  41.6771211811  30.2051433119  20.8048019189  12.9846388642  6.22611242268  
166.044078637  158.832094412  145.80788741  129.05726861  110.646146038  92.231192279  74.9493897991  59.4609148118  46.048516557  34.7217510446  25.3052311948  17.5057753982  10.9598901808  5.26521019929  
124.738568099  119.897226405  110.987875522  99.2495027327  86.017514568  72.4613056673  59.4609148118  47.5865860711  37.1342824232  28.1824201921  20.6498694918  14.3459359803  9.00931176814  4.33627085087  
92.5603036582  89.2703767363  83.1411179185  74.9287666689  65.4976435529  55.654427651  46.048516557  37.1342824232  29.1757550815  22.2739102295  16.4020250412  11.4403259875  7.20559310122  3.47433857344  
67.4905548585  65.2520603032  61.0467706504  55.3447782776  48.7058256956  41.6771211811  34.7217510446  28.1824201921  22.2739102295  17.094067617  12.6440414112  8.85105545876  5.58966556208  2.69961918406  
47.921049802  46.4152782873  43.5701251131  39.6793873609  35.1030686868  30.2051433119  25.3052311948  20.6498694918  16.4020250412  12.6440414112  9.38856173452  6.5928424169  4.17329149631  2.01847531493  
32.505056162  31.5247899737  29.6651649556  27.1067930037  24.075420085  20.8048019189  17.5057753982  14.3459359803  11.4403259875  8.85105545876  6.5928424169  4.64159304617  2.94381922402  1.42552858662  
20.070481159  19.482585627  18.3643565922  16.8197299922  14.980325021  12.9846388642  10.9598901808  9.00931176814  7.20559310122  5.58966556208  4.17329149631  2.94381922402  1.86975252034  0.906233480095  
9.56252679855  9.28728507275  8.76295416029  8.03699017118  7.16994047861  6.22611242268  5.26521019929  4.33627085087  3.47433857344  2.69961918406  2.01847531493  1.42552858662  0.906233480095  0.43948063921  
