1000.0  369.998874515  107.710573079  24.7925404253  4.61751381021  0.712809120931  0.0931272080154  0.010476270272  0.00102919450412  8.93292528088e-05  6.91639974839e-06  4.81572337601e-07  3.0359797578e-08  1.73870002819e-09  
369.998874515  170.421900721  53.7684185979  12.7929521052  2.41530720195  0.37448956376  0.0489005771082  0.00548237044629  0.00053578478802  4.62033982552e-05  3.55097909508e-06  2.45247883519e-07  1.53271298707e-08  8.69767972356e-10  
107.710573079  53.7684185979  17.6822677756  4.28632863189  0.814570911566  0.126271960609  0.0164189748021  0.0018283217797  0.000177161941267  1.51287591381e-05  1.15029453236e-06  7.85346548162e-08  4.84873472622e-09  2.71682676446e-10  
24.7925404253  12.7929521052  4.28632863189  1.04650640794  0.198877686326  0.0306925018572  0.00396174834839  0.000437072830577  4.19002112733e-05  3.53611772227e-06  2.65483846805e-07  1.78848816598e-08  1.08888034569e-09  6.01354772524e-11  
4.61751381021  2.41530720195  0.814570911566  0.198877686326  0.0376251174538  0.00576313027851  0.000736780984863  8.03848238696e-05  7.6121667023e-06  6.34011148287e-07  4.69418901707e-08  3.11659488345e-09  1.86894446425e-10  1.01618339373e-11  
0.712809120931  0.37448956376  0.126271960609  0.0306925018572  0.00576313027851  0.000874233165223  0.000110511377182  1.1907520814e-05  1.11255860088e-06  9.1356651147e-08  6.66411816702e-09  4.35656763886e-10  2.57103534239e-11  1.37513300903e-12  
0.0931272080154  0.0489005771082  0.0164189748021  0.00396174834839  0.000736780984863  0.000110511377182  1.3795527186e-05  1.46647164818e-06  1.35065362892e-07  1.09252281063e-08  7.84582204087e-10  5.0466825287e-11  2.9289500993e-12  1.53996676423e-13  
0.010476270272  0.00548237044629  0.0018283217797  0.000437072830577  8.03848238696e-05  1.1907520814e-05  1.46647164818e-06  1.53659637619e-07  1.394020275e-08  1.10999802223e-09  7.84243644857e-11  4.96034102729e-12  2.82940063393e-13  1.46148694966e-14  
0.00102919450412  0.00053578478802  0.000177161941267  4.19002112733e-05  7.6121667023e-06  1.11255860088e-06  1.35065362892e-07  1.394020275e-08  1.24489590455e-09  9.75184817871e-11  6.77458861478e-12  4.2110495664e-13  2.35943646523e-14  1.19665620409e-15  
8.93292528088e-05  4.62033982552e-05  1.51287591381e-05  3.53611772227e-06  6.34011148287e-07  9.1356651147e-08  1.09252281063e-08  1.10999802223e-09  9.75184817871e-11  7.51103817018e-12  5.12777807674e-13  3.13078985465e-14  1.72218172294e-15  8.57180266137e-17  
6.91639974839e-06  3.55097909508e-06  1.15029453236e-06  2.65483846805e-07  4.69418901707e-08  6.66411816702e-09  7.84582204087e-10  7.84243644857e-11  6.77458861478e-12  5.12777807674e-13  3.43850915518e-14  2.06106828416e-15  1.11251155959e-16  5.43134580486e-18  
4.81572337601e-07  2.45247883519e-07  7.85346548162e-08  1.78848816598e-08  3.11659488345e-09  4.35656763886e-10  5.0466825287e-11  4.96034102729e-12  4.2110495664e-13  3.13078985465e-14  2.06106828416e-15  1.21226514796e-16  6.41771642581e-18  3.07165975993e-19  
3.0359797578e-08  1.53271298707e-08  4.84873472622e-09  1.08888034569e-09  1.86894446425e-10  2.57103534239e-11  2.9289500993e-12  2.82940063393e-13  2.35943646523e-14  1.72218172294e-15  1.11251155959e-16  6.41771642581e-18  3.33057044129e-19  1.56199756519e-20  
1.73870002819e-09  8.69767972356e-10  2.71682676446e-10  6.01354772524e-11  1.01618339373e-11  1.37513300903e-12  1.53996676423e-13  1.46148694966e-14  1.19665620409e-15  8.57180266137e-17  5.43134580486e-18  3.07165975993e-19  1.56199756519e-20  7.17494342719e-22  
