1000.0  559.214996891  310.403443722  165.243670852  82.8151332025  38.7065321783  16.8003125915  6.76380184937  2.52728140245  0.877802694332  0.284022917718  0.0858042548159  0.0241942102048  0.00606728416737  
559.214996891  391.711801333  240.153973278  134.285922535  69.1118767322  32.8053978568  14.37584188  5.82373103241  2.18512361391  0.761150732152  0.246778307943  0.07465980901  0.0210732276797  0.00528818678142  
310.403443722  240.153973278  158.516385617  93.035695772  49.4087752217  23.9418896253  10.6381377423  4.35076060631  1.64334910612  0.575142682329  0.187103192161  0.0567435369591  0.0160439557557  0.00403074859346  
165.243670852  134.285922535  93.035695772  56.7101556588  30.9631057172  15.3051446748  6.89822781417  2.85034677384  1.0846629625  0.381675165988  0.124656450849  0.0379135587039  0.0107418220874  0.00270233951507  
82.8151332025  69.1118767322  49.4087752217  30.9631057172  17.2839129478  8.68982453578  3.96708827161  1.65498180228  0.634297086994  0.224386300539  0.073572953722  0.022440808304  0.00637095200009  0.00160488153123  
38.7065321783  32.8053978568  23.9418896253  15.3051446748  8.68982453578  4.42927274493  2.04389453065  0.859755476685  0.331598412783  0.117863202538  0.0387821410811  0.0118595018848  0.00337298390029  0.000850649307185  
16.8003125915  14.37584188  10.6381377423  6.89822781417  3.96708827161  2.04389453065  0.951372476628  0.402932955152  0.156228974734  0.0557525937851  0.0183995511666  0.00563854951253  0.00160600010624  0.000405380029659  
6.76380184937  5.82373103241  4.35076060631  2.85034677384  1.65498180228  0.859755476685  0.402932955152  0.171587068321  0.0668124235192  0.0239197948217  0.00791266614206  0.00242882846801  0.000692521283497  0.000174902918545  
2.52728140245  2.18512361391  1.64334910612  1.0846629625  0.634297086994  0.331598412783  0.156228974734  0.0668124235192  0.0261013648488  0.00936777503271  0.00310431697457  0.000953988076429  0.000272184471277  6.87604680405e-05  
0.877802694332  0.761150732152  0.575142682329  0.381675165988  0.224386300539  0.117863202538  0.0557525937851  0.0239197948217  0.00936777503271  0.00336814563174  0.00111749579599  0.00034365902189  9.80769427467e-05  2.47755927955e-05  
0.284022917718  0.246778307943  0.187103192161  0.124656450849  0.073572953722  0.0387821410811  0.0183995511666  0.00791266614206  0.00310431697457  0.00111749579599  0.000371033512806  0.00011413543302  3.25706725509e-05  8.22517888988e-06  
0.0858042548159  0.07465980901  0.0567435369591  0.0379135587039  0.022440808304  0.0118595018848  0.00563854951253  0.00242882846801  0.000953988076429  0.00034365902189  0.00011413543302  3.51070377898e-05  1.00145536702e-05  2.52757062747e-06  
0.0241942102048  0.0210732276797  0.0160439557557  0.0107418220874  0.00637095200009  0.00337298390029  0.00160600010624  0.000692521283497  0.000272184471277  9.80769427467e-05  3.25706725509e-05  1.00145536702e-05  2.85486194828e-06  7.19976841797e-07  
0.00606728416737  0.00528818678142  0.00403074859346  0.00270233951507  0.00160488153123  0.000850649307185  0.000405380029659  0.000174902918545  6.87604680405e-05  2.47755927955e-05  8.22517888988e-06  2.52757062747e-06  7.19976841797e-07  1.81417955391e-07  
