1000.0  689.52360373  503.503884054  377.702380778  286.341778618  217.37319064  164.294729946  123.118578675  91.11820509  66.2598292203  46.9228360366  31.7511630079  19.5664341131  9.31028615344  
689.52360373  567.440695073  446.995167331  347.723934475  268.768762133  206.36004114  157.095595047  118.294826399  87.8471497557  64.0392641651  45.432614879  30.7831586941  18.9869617656  9.03932331413  
503.503884054  446.995167331  373.394130714  302.043385478  239.514734588  187.072132862  144.100768104  109.422142095  81.7560323119  59.8697084329  42.6182268533  28.9476917632  17.8852881279  8.52339180246  
377.702380778  347.723934475  302.043385478  252.336460735  205.082806602  163.145375376  127.40094762  97.7414221007  73.601414147  54.220797302  38.7727159079  26.4246175445  16.3647643107  7.80963318352  
286.341778618  268.768762133  239.514734588  205.082806602  170.227342875  137.763458251  109.065630639  84.5891475008  64.247257347  47.6512160867  34.2548155345  23.4385130351  14.5561377189  6.95813322541  
217.37319064  206.36004114  187.072132862  163.145375376  137.763458251  113.181057357  90.7524520174  71.1341659786  54.4988015925  40.7063511479  29.4266756769  20.2215724378  12.596780161  6.03261284207  
164.294729946  157.095595047  144.100768104  127.40094762  109.065630639  90.7524520174  73.5965783329  58.2542009786  45.0028708702  33.8467308963  24.605612249  16.9827638134  10.6126016131  5.09210400672  
123.118578675  118.294826399  109.422142095  97.7414221007  84.5891475008  71.1341659786  58.2542009786  46.5157786851  36.2103964152  27.4119877939  20.0355664049  13.8876568544  8.70544839897  4.18494016699  
91.11820509  87.8471497557  81.7560323119  73.601414147  64.247257347  54.4988015925  45.0028708702  36.2103964152  28.381570141  21.6136677019  15.8768818754  11.0493043097  6.94667297006  3.3454939042  
66.2598292203  64.0392641651  59.8697084329  54.220797302  47.6512160867  40.7063511479  33.8467308963  27.4119877939  21.6136677019  16.5466107164  12.209537845  8.52806351182  5.37604731944  2.59339398346  
46.9228360366  45.432614879  42.6182268533  38.7727159079  34.2548155345  29.4266756769  24.605612249  20.0355664049  15.8768818754  12.209537845  9.0443212239  6.33730779761  4.00445909533  1.93457207183  
31.7511630079  30.7831586941  28.9476917632  26.4246175445  23.4385130351  20.2215724378  16.9827638134  13.8876568544  11.0493043097  8.52806351182  6.33730779761  4.45211814727  2.81873439644  1.3633968961  
19.5664341131  18.9869617656  17.8852881279  16.3647643107  14.5561377189  12.596780161  10.6126016131  8.70544839897  6.94667297006  5.37604731944  4.00445909533  2.81873439644  1.78722485428  0.865255470945  
9.31028615344  9.03932331413  8.52339180246  7.80963318352  6.95813322541  6.03261284207  5.09210400672  4.18494016699  3.3454939042  2.59339398346  1.93457207183  1.3633968961  0.865255470945  0.419138056592  
