1000.0  570.543186571  326.01237725  180.331242536  94.766798584  46.8438520328  21.6719688748  9.36507727538  3.77903509044  1.42516309406  0.503027796798  0.166430299019  0.0515057512302  0.0140667060144  
570.543186571  406.532607754  256.25829929  148.798094327  80.2777380062  40.295534614  18.8210865778  8.18392388422  3.31638645683  1.25438093806  0.443680487178  0.147018252984  0.0455483183273  0.0124489176661  
326.01237725  256.25829929  173.852010105  105.964075942  59.002799646  30.2411387576  14.3255125248  6.29015715304  2.5665767601  0.97558543161  0.346312294617  0.115057154733  0.0357149587773  0.00977408700359  
180.331242536  148.798094327  105.964075942  67.1062121358  38.4372534331  20.1079229025  9.66733680355  4.29074108945  1.76461920896  0.674670701333  0.240531794976  0.0801704647471  0.024944726518  0.00683761825479  
94.766798584  80.2777380062  59.002799646  38.4372534331  22.5255585913  11.9950222278  5.84550666789  2.62122802967  1.08641437488  0.417817332726  0.14962122085  0.0500360992768  0.0156070277013  0.00428526001829  
46.8438520328  40.295534614  30.2411387576  20.1079229025  11.9950222278  6.48101541399  3.19514190109  1.4458048099  0.603469813083  0.233346418823  0.0839091983965  0.0281490884571  0.00880060409258  0.00242022388642  
21.6719688748  18.8210865778  14.3255125248  9.66733680355  5.84550666789  3.19514190109  1.59027433659  0.725129741156  0.304503606398  0.118302450404  0.0426960531421  0.0143630070995  0.00449966504416  0.00123913106164  
9.36507727538  8.18392388422  6.29015715304  4.29074108945  2.62122802967  1.4458048099  0.725129741156  0.332724916578  0.140426819374  0.0547741277561  0.0198290630995  0.00668598808306  0.00209812220649  0.000578422414906  
3.77903509044  3.31638645683  2.5665767601  1.76461920896  1.08641437488  0.603469813083  0.304503606398  0.140426819374  0.0595094680829  0.0232868435667  0.00845110629163  0.00285480902428  0.000897028517372  0.000247498275015  
1.42516309406  1.25438093806  0.97558543161  0.674670701333  0.417817332726  0.233346418823  0.118302450404  0.0547741277561  0.0232868435667  0.00913555799964  0.00332178618089  0.00112366411597  0.000353399752068  9.75571088887e-05  
0.503027796798  0.443680487178  0.346312294617  0.240531794976  0.14962122085  0.0839091983965  0.0426960531421  0.0198290630995  0.00845110629163  0.00332178618089  0.00120954330771  0.00040954688669  0.000128878480401  3.55861865697e-05  
0.166430299019  0.147018252984  0.115057154733  0.0801704647471  0.0500360992768  0.0281490884571  0.0143630070995  0.00668598808306  0.00285480902428  0.00112366411597  0.00040954688669  0.000138751431575  4.36738468482e-05  1.20593005486e-05  
0.0515057512302  0.0455483183273  0.0357149587773  0.024944726518  0.0156070277013  0.00880060409258  0.00449966504416  0.00209812220649  0.000897028517372  0.000353399752068  0.000128878480401  4.36738468482e-05  1.37464650361e-05  3.79487340383e-06  
0.0140667060144  0.0124489176661  0.00977408700359  0.00683761825479  0.00428526001829  0.00242022388642  0.00123913106164  0.000578422414906  0.000247498275015  9.75571088887e-05  3.55861865697e-05  1.20593005486e-05  3.79487340383e-06  1.04726291642e-06  
