1000.0  661.836033202  460.54897708  326.677938551  232.220555623  163.840149777  114.056260499  78.0363653894  52.3195428667  34.2699621307  21.8224536652  13.3451040131  7.54476887959  3.38433453701  
661.836033202  529.363951657  399.90985562  295.19669713  214.380776223  153.168910948  107.481922274  73.9345214565  49.7576552575  32.682083476  20.8541423865  12.7724219629  7.22881087053  3.2447415112  
460.54897708  399.90985562  321.92558937  247.943501884  185.169976489  134.802381534  95.8257593137  66.5261850975  45.0743526929  29.755361918  19.0590700034  11.7064379491  6.63904832073  2.98374664103  
326.677938551  295.19669713  247.943501884  197.762084248  151.688357878  112.649576854  81.2771743856  57.0609597598  38.99245752  25.9102186494  16.6807721617  10.2854884591  5.84956803519  2.63347989212  
232.220555623  214.380776223  185.169976489  151.688357878  119.028152184  90.0472892516  65.9366370749  46.8368042329  32.3049017078  21.6257172558  14.0042725091  8.67454773062  4.94985535076  2.23304236547  
163.840149777  153.168910948  134.802381534  112.649576854  90.0472892516  69.2320445328  51.3908433424  36.9202049098  25.7037014409  17.3386498116  11.2978783104  7.03254901989  4.02751203706  1.82108153862  
114.056260499  107.481922274  95.8257593137  81.2771743856  65.9366370749  51.3908433424  38.6106493697  28.0295104658  19.6880938375  13.3804164088  8.77291925943  5.48817321505  3.15485194108  1.42987588581  
78.0363653894  73.9345214565  66.5261850975  57.0609597598  46.8368042329  36.9202049098  28.0295104658  20.5387603756  14.5449614985  9.95500169601  6.56611523474  4.12774654389  2.38163321203  1.08197797144  
52.3195428667  49.7576552575  45.0743526929  38.99245752  32.3049017078  25.7037014409  19.6880938375  14.5449614985  10.3763041215  7.14801656499  4.74109311094  2.99430674176  1.73381819307  0.789471689692  
34.2699621307  32.682083476  29.755361918  25.9102186494  21.6257172558  17.3386498116  13.3804164088  9.95500169601  7.14801656499  4.95286815533  3.30190138104  2.09432145401  1.21672656905  0.555207229692  
21.8224536652  20.8541423865  19.0590700034  16.6807721617  14.0042725091  11.2978783104  8.77291925943  6.56611523474  4.74109311094  3.30190138104  2.21124653748  1.40794867477  0.820429406576  0.375100905199  
13.3451040131  12.7724219629  11.7064379491  10.2854884591  8.67454773062  7.03254901989  5.48817321505  4.12774654389  2.99430674176  2.09432145401  1.40794867477  0.899431998856  0.525470447466  0.240650582278  
7.54476887959  7.22881087053  6.63904832073  5.84956803519  4.94985535076  4.02751203706  3.15485194108  2.38163321203  1.73381819307  1.21672656905  0.820429406576  0.525470447466  0.307621845437  0.141070226376  
3.38433453701  3.2447415112  2.98374664103  2.63347989212  2.23304236547  1.82108153862  1.42987588581  1.08197797144  0.789471689692  0.555207229692  0.375100905199  0.240650582278  0.141070226376  0.0647488581818  
