1000.0  675.59455379  481.810123604  351.758187009  258.557417706  189.552064015  137.80231389  98.9508188465  69.9475604607  48.485436893  32.7305759955  21.1803179272  12.5759106101  5.83657638504  
675.59455379  548.252938559  423.166495614  320.954056244  240.778803744  178.646139657  130.864700393  94.451838658  67.0090839249  46.5710501546  31.4995551702  20.4128635443  12.1322957783  5.63403500754  
481.810123604  423.166495614  347.227606729  274.338407118  211.406388998  159.698178939  118.444734522  86.2457242204  61.5835236273  43.0069399875  29.1944209684  18.9699527697  11.2959726341  5.25158794894  
351.758187009  320.954056244  274.338407118  224.178727382  177.254467639  136.495369307  102.69706068  75.5907127544  54.4211819976  38.2461664153  26.0891061609  17.0143368966  10.1577789336  4.72982622991  
258.557417706  240.778803744  211.406388998  177.254467639  143.269671188  112.320996043  85.7276842497  63.8218460986  46.3645953436  32.8179965214  22.5126232099  14.7453095831  8.83039443169  4.11947986946  
189.552064015  178.646139657  159.698178939  136.495369307  112.320996043  89.4498915454  69.1837958053  52.0770435151  38.1778114787  27.2245105779  18.7874875369  12.3628802614  7.42873292975  3.4727751861  
137.80231389  130.864700393  118.444734522  102.69706068  85.7276842497  69.1837958053  54.1437354038  41.1739341832  30.4481364835  21.8713775719  15.1841072634  10.0393397623  6.05365148292  2.8360615923  
98.9508188465  94.451838658  86.2457242204  75.5907127544  63.8218460986  52.0770435151  41.1739341832  31.5986663508  23.555345494  17.0372259954  11.8966257125  7.90245162328  4.78163487962  2.24495892032  
69.9475604607  67.0090839249  61.5835236273  54.4211819976  46.3645953436  38.1778114787  30.4481364835  23.555345494  17.6864692811  12.8736123479  9.03801482392  6.03013733153  3.66082958049  1.72230809774  
48.485436893  46.5710501546  43.0069399875  38.2461664153  32.8179965214  27.2245105779  21.8713775719  17.0372259954  12.8736123479  9.42365456852  6.64850190415  4.4538807748  2.71221069773  1.27847697478  
32.7305759955  31.4995551702  29.1944209684  26.0891061609  22.5126232099  18.7874875369  15.1841072634  11.8966257125  9.03801482392  6.64850190415  4.71084897449  3.16719236825  1.93396582473  0.913208438497  
21.1803179272  20.4128635443  18.9699527697  17.0143368966  14.7453095831  12.3628802614  10.0393397623  7.90245162328  6.03013733153  4.4538807748  3.16719236825  2.13580364295  1.30719719758  0.618158449658  
12.5759106101  12.1322957783  11.2959726341  10.1577789336  8.83039443169  7.42873292975  6.05365148292  4.78163487962  3.66082958049  2.71221069773  1.93396582473  1.30719719758  0.801483751255  0.379441986376  
5.83657638504  5.63403500754  5.25158794894  4.72982622991  4.11947986946  3.4727751861  2.8360615923  2.24495892032  1.72230809774  1.27847697478  0.913208438497  0.618158449658  0.379441986376  0.17976672611  
