1000.0  630.891407713  413.500204424  272.733881496  177.829145446  113.450740966  70.3800645002  42.2880197991  24.5463297843  13.7391269178  7.4009815713  3.81756855352  1.84375754201  0.735483714025  
630.891407713  487.173557019  348.878669387  240.318173947  160.410970115  103.760583349  64.9326027396  39.2432187258  22.872127951  12.8399431116  6.9318198247  3.58147505579  1.73183036625  0.691373620047  
413.500204424  348.878669387  267.453191698  192.822335727  132.633598276  87.5381731207  55.5452707838  33.9007990416  19.8998032717  11.2307406141  6.08745902307  3.15485212605  1.52899709713  0.611293978994  
272.733881496  240.318173947  192.822335727  144.293696411  102.10089034  68.8181994034  44.3539193301  27.3886196898  16.2201226679  9.21644679756  5.022004432  2.61331901093  1.27042808916  0.508932252726  
177.829145446  160.410970115  132.633598276  102.10089034  73.9922453706  50.842614737  33.2720792894  20.7936755863  12.4314886864  7.11676890696  3.90101255277  2.03953888715  0.995042202847  0.399550395536  
113.450740966  103.760583349  87.5381731207  68.8181994034  50.842614737  35.5204471376  23.5694343827  14.8986799176  8.99038609072  5.18593494121  2.86019050625  1.50280189986  0.735990289651  0.296281181711  
70.3800645002  64.9326027396  55.5452707838  44.3539193301  33.2720792894  23.5694343827  15.8297419455  10.1100921576  6.15404800256  3.57573345501  1.98405629755  1.04763013911  0.515059800231  0.207880464904  
42.2880197991  39.2432187258  33.9007990416  27.3886196898  20.7936755863  14.8986799176  10.1100921576  6.51605707117  3.99767749568  2.33848810806  1.30496800422  0.692332980369  0.341662017283  0.138246463716  
24.5463297843  22.872127951  19.8998032717  16.2201226679  12.4314886864  8.99038609072  6.15404800256  3.99767749568  2.46978202416  1.45354922619  0.815404257469  0.434522871455  0.215196497917  0.087285080566  
13.7391269178  12.8399431116  11.2307406141  9.21644679756  7.11676890696  5.18593494121  3.57573345501  2.33848810806  1.45354922619  0.860103269181  0.484786321392  0.259387727246  0.128882713555  0.0523929621348  
7.4009815713  6.9318198247  6.08745902307  5.022004432  3.90101255277  2.86019050625  1.98405629755  1.30496800422  0.815404257469  0.484786321392  0.274393717727  0.147350366098  0.073431680903  0.0299121299844  
3.81756855352  3.58147505579  3.15485212605  2.61331901093  2.03953888715  1.50280189986  1.04763013911  0.692332980369  0.434522871455  0.259387727246  0.147350366098  0.0793790987813  0.0396616037947  0.0161851447965  
1.84375754201  1.73183036625  1.52899709713  1.27042808916  0.995042202847  0.735990289651  0.515059800231  0.341662017283  0.215196497917  0.128882713555  0.073431680903  0.0396616037947  0.019859540352  0.00811641005019  
0.735483714025  0.691373620047  0.611293978994  0.508932252726  0.399550395536  0.296281181711  0.207880464904  0.138246463716  0.087285080566  0.0523929621348  0.0299121299844  0.0161851447965  0.00811641005019  0.00332054652708  
