1000.0  652.118651858  445.650094106  309.343948353  214.376269096  146.863999612  98.8659354709  65.1423704542  41.8928066323  26.2284470242  15.9266118662  9.28908060829  5.03324933046  2.18988546442  
652.118651858  516.067726889  383.679581853  277.477092035  196.584093628  136.435630297  92.604924419  61.355650567  39.6116008369  24.8707117682  15.134125818  8.84082127888  4.79579567222  2.08803722209  
445.650094106  383.679581853  304.430895529  229.962935473  167.66324713  118.62424039  81.5914673055  54.5711001062  35.4750994943  22.388550345  13.6769994021  8.01324534659  4.35616823493  1.89915050148  
309.343948353  277.477092035  229.962935473  180.04172915  134.897196293  97.4035103051  68.0193408601  46.0155043092  30.1742983175  19.1710551659  11.7724063563  6.92494378139  3.77556297499  1.64904118199  
214.376269096  196.584093628  167.66324713  134.897196293  103.446496733  76.1155094971  53.9572225429  36.9388363905  24.4516265951  15.6519864272  9.66882370633  5.71411595992  3.12619780146  1.36840573109  
146.863999612  136.435630297  118.62424039  97.4035103051  76.1155094971  56.9308741715  40.9182002626  28.3344389193  18.9330819217  12.2131071824  7.59190654282  4.50916859513  2.47625726124  1.08651023574  
98.8659354709  92.604924419  81.5914673055  68.0193408601  53.9572225429  40.9182002626  29.7694934888  20.831660678  14.0442974547  9.12769465945  5.70946210405  3.40832170385  1.8789516323  0.82647591937  
65.1423704542  61.355650567  54.5711001062  46.0155043092  36.9388363905  28.3344389193  20.831660678  14.7141244172  10.0013592728  6.54606126444  4.11919729154  2.47116856081  1.36751120687  0.602998375293  
41.8928066323  39.6116008369  35.4750994943  30.1742983175  24.4516265951  18.9330819217  14.0442974547  10.0013592728  6.84802572534  4.5111802996  2.85461500575  1.72055397801  0.955609187282  0.422375052622  
26.2284470242  24.8707117682  22.388550345  19.1710551659  15.6519864272  12.2131071824  9.12769465945  6.54606126444  4.5111802996  2.9890478359  1.90109250072  1.15080603531  0.641346849863  0.284106726429  
15.9266118662  15.134125818  13.6769994021  11.7724063563  9.66882370633  7.59190654282  5.70946210405  4.11919729154  2.85461500575  1.90109250072  1.21463522671  0.738138090675  0.412641366521  0.183167526316  
9.28908060829  8.84082127888  8.01324534659  6.92494378139  5.71411595992  4.50916859513  3.40832170385  2.47116856081  1.72055397801  1.15080603531  0.738138090675  0.450086458409  0.252292179069  0.112190696618  
5.03324933046  4.79579567222  4.35616823493  3.77556297499  3.12619780146  2.47625726124  1.8789516323  1.36751120687  0.955609187282  0.641346849863  0.412641366521  0.252292179069  0.141727500299  0.0631151985341  
2.18988546442  2.08803722209  1.89915050148  1.64904118199  1.36840573109  1.08651023574  0.82647591937  0.602998375293  0.422375052622  0.284106726429  0.183167526316  0.112190696618  0.0631151985341  0.028133995785  
