1000.0  690.113006573  504.425059521  378.810772501  287.539089803  218.585371903  165.464243225  124.201324799  92.0817847369  67.0819408766  47.5894524328  32.2545003924  19.90289885  9.47864338797  
690.113006573  568.25385699  448.008906894  348.870043875  269.977711943  207.570473262  158.256463376  119.365764315  88.7980723901  64.8493578308  46.0888125672  31.278283377  19.3177862124  9.20481576134  
504.425059521  448.008906894  374.511994525  303.234832993  240.734500629  188.273545947  145.241888378  110.468473326  82.6813792675  60.6558539029  43.2538149259  29.4266381247  18.2050282642  8.68326141985  
378.810772501  348.870043875  303.234832993  253.555737622  206.299037944  164.323591809  128.507957025  98.7490810882  74.4880606155  54.9713780362  39.3780135758  26.8799307328  16.6683703856  7.96133384518  
287.539089803  269.977711943  240.734500629  206.299037944  171.416747387  138.899226724  110.12178095  85.5433645459  65.0823313775  48.3553336922  34.8210003057  23.8635264882  14.8391472623  7.09942960618  
218.585371903  207.570473262  188.273545947  164.323591809  138.899226724  114.253101651  91.7403716178  72.0205555457  55.2704098153  41.3543388425  29.9461553614  20.6106713611  12.8554881549  6.16166416617  
165.464243225  158.256463376  145.241888378  128.507957025  110.12178095  91.7403716178  74.5001334317  59.0599463214  45.7008581409  34.4306462765  25.0723460418  17.3315907537  10.84418306  5.20752139952  
124.201324799  119.365764315  110.468473326  98.7490810882  85.5433645459  72.0205555457  59.0599463214  47.2305692884  36.8269248982  27.9259558531  20.4452590897  14.193215778  8.90800972621  4.28580731602  
92.0817847369  88.7980723901  82.6813792675  74.4880606155  65.0823313775  55.2704098153  45.7008581409  36.8269248982  28.9113817983  22.0539873699  16.2269997387  11.3099347094  7.11921782571  3.43134510413  
67.0819408766  64.8493578308  60.6558539029  54.9713780362  48.3553336922  41.3543388425  34.4306462765  27.9259558531  22.0539873699  16.9115975374  12.4991325524  8.74327971425  5.51835627938  2.66415015648  
47.5894524328  46.0888125672  43.2538149259  39.3780135758  34.8210003057  29.9461553614  25.0723460418  20.4452590897  16.2269997387  12.4991325524  9.27368638868  6.50752350194  4.11689759947  1.9904422522  
32.2545003924  31.278283377  29.4266381247  26.8799307328  23.8635264882  20.6106713611  17.3315907537  14.193215778  11.3099347094  8.74327971425  6.50752350194  4.5782964144  2.90201536826  1.40475833817  
19.90289885  19.3177862124  18.2050282642  16.6683703856  14.8391472623  12.8554881549  10.84418306  8.90800972621  7.11921782571  5.51835627938  4.11689759947  2.90201536826  1.84215972605  0.892528928377  
9.47864338797  9.20481576134  8.68326141985  7.96133384518  7.09942960618  6.16166416617  5.20752139952  4.28580731602  3.43134510413  2.66415015648  1.9904422522  1.40475833817  0.892528928377  0.432675475169  
