1000.0  660.15440128  457.96329757  323.654539522  229.08570307  160.829892478  111.331927197  75.6931154155  50.3964230637  32.7629652573  20.6993977498  12.5604107943  7.05244665738  3.14808755016  
660.15440128  527.060183187  397.088917448  292.100869919  211.248685402  150.19617175  104.808654865  71.6440654694  47.8825974214  31.2152914757  19.762387934  12.0102634216  6.75091003456  3.01549450365  
457.96329757  397.088917448  318.874667602  244.790935519  182.077535571  131.917339634  93.2580585313  64.3407488391  43.2933003373  28.3665153148  18.0276883503  10.9876057535  6.18882085974  2.7679175951  
323.654539522  292.100869919  244.790935519  194.637880552  148.705444194  109.914999763  78.8715703681  55.0298334837  37.3465612778  24.6320788889  15.7345045849  9.62745142047  5.4380573839  2.43639266843  
229.08570307  211.248685402  182.077535571  148.705444194  116.238726648  87.5289248167  63.7458719687  45.0022577472  30.8274312913  20.4837045922  13.1617702828  8.09021242379  4.58511197129  2.05854791923  
160.829892478  150.19617175  131.917339634  109.914999763  87.5289248167  66.9866161845  49.456743132  35.313121777  24.4172863278  16.3490628379  10.5705501933  6.52953062254  3.71416523463  1.67136013622  
111.331927197  104.808654865  93.2580585313  78.8715703681  63.7458719687  49.456743132  36.9586284743  26.6663320011  18.6031285674  12.5496663329  8.16460801138  5.06868766693  2.8940909679  1.30544144829  
75.6931154155  71.6440654694  64.3407488391  55.0298334837  45.0022577472  35.313121777  26.6663320011  19.4207082092  13.6596778562  9.28008322342  6.07367664073  3.78913060119  2.17158320529  0.981872496182  
50.3964230637  47.8825974214  43.2933003373  37.3465612778  30.8274312913  24.4172863278  18.6031285674  13.6596778562  9.67851775548  6.61813634763  4.3557641527  2.73005680017  1.57022902554  0.711606548795  
32.7629652573  31.2152914757  28.3665153148  24.6320788889  20.4837045922  16.3490628379  12.5496663329  9.28008322342  6.61813634763  4.55189741688  3.01119409239  1.89545604931  1.09384645061  0.496788034685  
20.6993977498  19.762387934  18.0276883503  15.7345045849  13.1617702828  10.5705501933  8.16460801138  6.07367664073  4.3557641527  3.01119409239  2.00103879214  1.26446908382  0.73192266703  0.33306859991  
12.5604107943  12.0102634216  10.9876057535  9.62745142047  8.09021242379  6.52953062254  5.06868766693  3.78913060119  2.73005680017  1.89545604931  1.26446908382  0.801681844294  0.46525960117  0.212082572453  
7.05244665738  6.75091003456  6.18882085974  5.4380573839  4.58511197129  3.71416523463  2.8940909679  2.17158320529  1.57022902554  1.09384645061  0.73192266703  0.46525960117  0.270575740686  0.123505811833  
3.14808755016  3.01549450365  2.7679175951  2.43639266843  2.05854791923  1.67136013622  1.30544144829  0.981872496182  0.711606548795  0.496788034685  0.33306859991  0.212082572453  0.123505811833  0.0564250415625  
