1000.0  446.16268415  174.554872491  58.396174047  16.6802688669  4.10081893839  0.87720096499  0.165063613688  0.0276005981014  0.00413815488204  0.00056071639464  6.9138959631e-05  7.80429666773e-06  8.0395575276e-07  
446.16268415  252.075250535  108.751936354  38.0854266006  11.1337485718  2.77100447609  0.596611895016  0.112627217305  0.0188556213264  0.00282682927931  0.000382672598001  4.71117926496e-05  5.30719971228e-06  5.45452390456e-07  
174.554872491  108.751936354  49.9234879453  18.1200759767  5.40585250926  1.36073823538  0.294711171449  0.0557757745879  0.00934072209356  0.00139869536092  0.000188917808299  2.3187749027e-05  2.60268590464e-06  2.66423719353e-07  
58.396174047  38.0854266006  18.1200759767  6.7290223434  2.03496043819  0.516055500156  0.112147840466  0.0212389096085  0.00355258401332  0.000530620728976  7.1417626312e-05  8.72852112126e-06  9.7499780166e-07  9.92877630567e-08  
16.6802688669  11.1337485718  5.40585250926  2.03496043819  0.620297343987  0.157903423568  0.0343458814936  0.00649693962702  0.00108384386301  0.000161277537694  2.16072593761e-05  2.62698444411e-06  2.91755392409e-07  2.95306211238e-08  
4.10081893839  2.77100447609  1.36073823538  0.516055500156  0.157903423568  0.0402349804889  0.00874161048026  0.00164911591815  0.000274047351003  4.05845403249e-05  5.40768229873e-06  6.53509623482e-07  7.21107533779e-08  7.24981062644e-09  
0.87720096499  0.596611895016  0.294711171449  0.112147840466  0.0343458814936  0.00874161048026  0.00189408463432  0.000355921890196  5.88598662597e-05  8.66814859034e-06  1.147875197e-06  1.37798949295e-07  1.50984573739e-08  1.50696947058e-09  
0.165063613688  0.112627217305  0.0557757745879  0.0212389096085  0.00649693962702  0.00164911591815  0.000355921890196  6.65562410727e-05  1.09446582178e-05  1.6017449457e-06  2.10683054055e-07  2.51112857165e-08  2.73081407299e-09  2.70472991421e-10  
0.0276005981014  0.0188556213264  0.00934072209356  0.00355258401332  0.00108384386301  0.000274047351003  5.88598662597e-05  1.09446582178e-05  1.78850132765e-06  2.5997351565e-07  3.39490042174e-08  4.01577933786e-09  4.33272365366e-10  4.25693994398e-11  
0.00413815488204  0.00282682927931  0.00139869536092  0.000530620728976  0.000161277537694  4.05845403249e-05  8.66814859034e-06  1.6017449457e-06  2.5997351565e-07  3.75165023426e-08  4.86193216099e-09  5.70556704627e-10  6.10540208085e-11  5.94870558819e-12  
0.00056071639464  0.000382672598001  0.000188917808299  7.1417626312e-05  2.16072593761e-05  5.40768229873e-06  1.147875197e-06  2.10683054055e-07  3.39490042174e-08  4.86193216099e-09  6.25080890482e-10  7.27508975556e-11  7.71885960007e-12  7.45617842019e-13  
6.9138959631e-05  4.71117926496e-05  2.3187749027e-05  8.72852112126e-06  2.62698444411e-06  6.53509623482e-07  1.37798949295e-07  2.51112857165e-08  4.01577933786e-09  5.70556704627e-10  7.27508975556e-11  8.39526012229e-12  8.82952756939e-13  8.45378410029e-14  
7.80429666773e-06  5.30719971228e-06  2.60268590464e-06  9.7499780166e-07  2.91755392409e-07  7.21107533779e-08  1.50984573739e-08  2.73081407299e-09  4.33272365366e-10  6.10540208085e-11  7.71885960007e-12  8.82952756939e-13  9.20301593051e-14  8.73172707992e-15  
8.0395575276e-07  5.45452390456e-07  2.66423719353e-07  9.92877630567e-08  2.95306211238e-08  7.24981062644e-09  1.50696947058e-09  2.70472991421e-10  4.25693994398e-11  5.94870558819e-12  7.45617842019e-13  8.45378410029e-14  8.73172707992e-15  8.20911471058e-16  
