1000.0  677.599569967  484.923156501  355.460945324  262.492039254  193.452500873  141.471706584  102.252042183  72.7958001142  50.8392797918  34.5811789151  22.5395294761  13.4646810708  6.27498717478  
677.599569967  551.011205815  426.580202567  324.767456643  244.734449196  182.523158905  134.489692974  97.7011141412  69.8058565565  48.8786548204  33.3117880948  21.7428685943  13.001525394  6.06268145625  
484.923156501  426.580202567  350.962344591  278.269386  215.362176671  163.510946837  121.974263839  89.3894432546  64.2780034315  45.2236311858  30.9316594838  20.2430735624  12.1272222658  5.66127723574  
355.460945324  324.767456643  278.269386  228.149377882  181.145857923  140.18281803  106.072505969  78.5743199615  56.9647775191  40.3307211161  27.718272315  18.2059070663  10.9347493417  5.11246848045  
262.492039254  244.734449196  215.362176671  181.145857923  147.006914454  115.810298567  88.8876373877  66.5931867077  48.7136233748  34.7348508635  24.0059608433  15.8350121718  9.53981961933  4.46853464085  
193.452500873  182.523158905  163.510946837  140.18281803  115.810298567  92.6687724105  72.0714243953  54.5910146691  40.2966048069  28.9459186413  20.1240784802  13.3357853777  8.06103068352  3.78356532167  
141.471706584  134.489692974  121.974263839  106.072505969  88.8876373877  72.0714243953  56.713671053  43.3967485091  32.3116581795  23.3790051485  16.3508342717  10.8864734231  6.60323864531  3.10591332558  
102.252042183  97.7011141412  89.3894432546  78.5743199615  66.5931867077  54.5910146691  43.3967485091  33.5104601825  25.1505493377  18.3227482482  12.8883490041  8.62077593493  5.24685012619  2.47314574291  
72.7958001142  69.8058565565  64.2780034315  56.9647775191  48.7136233748  40.2966048069  32.3116581795  25.1505493377  19.012037307  13.9381170347  9.85687490126  6.62191556525  4.04346326891  1.90980300603  
50.8392797918  48.8786548204  45.2236311858  40.3307211161  34.7348508635  28.9459186413  23.3790051485  18.3227482482  13.9381170347  10.2759193498  7.30243040037  4.92550593724  3.01670247641  1.42754587113  
34.5811789151  33.3117880948  30.9316594838  27.718272315  24.0059608433  20.1240784802  16.3508342717  12.8883490041  9.85687490126  7.30243040037  5.21150817082  3.527643182  2.16637912821  1.02689928064  
22.5395294761  21.7428685943  20.2430735624  18.2059070663  15.8350121718  13.3357853777  10.8864734231  8.62077593493  6.62191556525  4.92550593724  3.527643182  2.39493890114  1.47410522391  0.699751725402  
13.4646810708  13.001525394  12.1272222658  10.9347493417  9.53981961933  8.06103068352  6.60323864531  5.24685012619  4.04346326891  3.01670247641  2.16637912821  1.47410522391  0.908902478833  0.431927675283  
6.27498717478  6.06268145625  5.66127723574  5.11246848045  4.46853464085  3.78356532167  3.10591332558  2.47314574291  1.90980300603  1.42754587113  1.02689928064  0.699751725402  0.431927675283  0.205403715124  
