1000.0  691.266892568  506.22914078  380.982927908  289.887675727  220.965923703  167.764200604  126.333968153  93.9828619701  68.7066313772  48.9089464186  33.2521971118  20.5705596079  9.81295623183  
691.266892568  569.846063987  449.994679398  351.11664181  272.349729943  209.948228353  160.54005828  121.475758601  90.6747340511  66.4507824218  47.3880839483  32.260007766  19.974461925  9.53354429374  
506.22914078  449.994679398  376.702725879  305.571440862  243.128974353  190.634855667  147.487888892  112.531171225  84.5086419243  62.210870575  44.5130485366  30.3768730081  18.8400994057  9.0010210736  
380.982927908  351.11664181  305.571440862  255.94871281  208.688432619  166.641177323  130.688629639  100.737235964  76.2404292929  56.4573670938  40.5783198781  27.7841050632  17.2719541689  8.26313764328  
289.887675727  272.349729943  243.128974353  208.688432619  173.755855743  141.135692417  112.204537667  87.4281785899  66.7346539609  49.7509545928  35.945070483  24.7085397825  15.4024634816  7.38087592392  
220.965923703  209.948228353  190.634855667  166.641177323  141.135692417  116.366832283  93.6911657977  73.7737701555  56.7992680498  42.6405138626  30.9789745116  21.3853994909  13.3711862833  6.41909785662  
167.764200604  160.54005828  147.487888892  130.688629639  112.204537667  93.6911657977  76.2870743162  60.6561436369  47.0860451836  35.5915208099  26.0018204686  18.0272886608  11.3065829424  5.43814660735  
126.333968153  121.475758601  112.531171225  100.737235964  87.4281785899  73.7737701555  60.6561436369  48.6490180519  38.0525926584  28.949584196  21.2626095435  14.8037318447  9.31320963847  4.487731731  
93.9828619701  90.6747340511  84.5086419243  76.2404292929  66.7346539609  56.7992680498  47.0860451836  38.0525926584  29.9665911242  22.9325729108  16.926818453  11.8316796549  7.46504058786  3.60354350809  
68.7066313772  66.4507824218  62.210870575  56.4573670938  49.7509545928  42.6405138626  35.5915208099  28.949584196  22.9325729108  17.6412298315  13.0790738536  9.17493799317  5.80413073325  2.80634753651  
48.9089464186  47.3880839483  44.5130485366  40.5783198781  35.945070483  30.9789745116  26.0018204686  21.2626095435  16.926818453  13.0790738536  9.7338348569  6.84954316697  4.34310135568  2.10293009259  
33.2521971118  32.260007766  30.3768730081  27.7841050632  24.7085397825  21.3853994909  18.0272886608  14.8037318447  11.8316796549  9.17493799317  6.84954316697  4.83223287027  3.06982851022  1.48816883552  
20.5705596079  19.974461925  18.8400994057  17.2719541689  15.4024634816  13.3711862833  11.3065829424  9.31320963847  7.46504058786  5.80413073325  4.34310135568  3.06982851022  1.95299373041  0.947598690116  
9.81295623183  9.53354429374  9.0010210736  8.26313764328  7.38087592392  6.41909785662  5.43814660735  4.487731731  3.60354350809  2.80634753651  2.10293009259  1.48816883552  0.947598690116  0.460031880678  
