1000.0  466.229888363  195.642712038  71.7421133886  22.8355162304  6.33300609113  1.54224867126  0.332724676429  0.0641439561659  0.0111385477469  0.001754755539  0.000252399790728  3.3330507841e-05  4.01464048047e-06  
466.229888363  275.522936166  127.799892038  49.1554929413  16.0376301123  4.50830304002  1.10627049269  0.239680512517  0.046308173851  0.00804854794267  0.00126797975433  0.000182274336022  2.40451058852e-05  2.89235725621e-06  
195.642712038  127.799892038  63.3328885125  25.3402030235  8.46274010511  2.41196746425  0.596618863525  0.129828618481  0.0251345147243  0.00437029483089  0.000688016791839  9.87536820803e-05  1.29996935666e-05  1.55978799121e-06  
71.7421133886  49.1554929413  25.3402030235  10.4123552224  3.53651434256  1.01833294302  0.253369044754  0.0552932084646  0.0107133078751  0.00186158446221  0.000292569775621  4.1888814181e-05  5.49704702429e-06  6.57274585214e-07  
22.8355162304  16.0376301123  8.46274010511  3.53651434256  1.21442935986  0.35199125285  0.0878733454374  0.0191976126926  0.00371753408503  0.000644826454801  0.000101069916108  1.44217623863e-05  1.88512229417e-06  2.24441192866e-07  
6.33300609113  4.50830304002  2.41196746425  1.01833294302  0.35199125285  0.102382002374  0.0255906185885  0.00558796346008  0.00108014239835  0.000186835901626  2.91809634915e-05  4.14663204515e-06  5.39520608663e-07  6.39210841729e-08  
1.54224867126  1.10627049269  0.596618863525  0.253369044754  0.0878733454374  0.0255906185885  0.00639337405439  0.00139354377562  0.000268608961625  4.62939385643e-05  7.19965946835e-06  1.01820313206e-06  1.31793261299e-07  1.55303454281e-08  
0.332724676429  0.239680512517  0.129828618481  0.0552932084646  0.0191976126926  0.00558796346008  0.00139354377562  0.000302885166477  5.81683243066e-05  9.98188230201e-06  1.54486631036e-06  2.17327182956e-07  2.79715550917e-08  3.2769830591e-09  
0.0641439561659  0.046308173851  0.0251345147243  0.0107133078751  0.00371753408503  0.00108014239835  0.000268608961625  5.81683243066e-05  1.11226747525e-05  1.89936951852e-06  2.92391630806e-07  4.08978625802e-08  5.23212273529e-09  6.09190069475e-10  
0.0111385477469  0.00804854794267  0.00437029483089  0.00186158446221  0.000644826454801  0.000186835901626  4.62939385643e-05  9.98188230201e-06  1.89936951852e-06  3.22611073357e-07  4.93779917678e-08  6.8647276262e-09  8.72634467047e-10  1.00947367255e-10  
0.001754755539  0.00126797975433  0.000688016791839  0.000292569775621  0.000101069916108  2.91809634915e-05  7.19965946835e-06  1.54486631036e-06  2.92391630806e-07  4.93779917678e-08  7.51165579112e-09  1.03763565007e-09  1.31027647925e-10  1.50557134729e-11  
0.000252399790728  0.000182274336022  9.87536820803e-05  4.1888814181e-05  1.44217623863e-05  4.14663204515e-06  1.01820313206e-06  2.17327182956e-07  4.08978625802e-08  6.8647276262e-09  1.03763565007e-09  1.42382595966e-10  1.78557099403e-11  2.03747826828e-12  
3.3330507841e-05  2.40451058852e-05  1.29996935666e-05  5.49704702429e-06  1.88512229417e-06  5.39520608663e-07  1.31793261299e-07  2.79715550917e-08  5.23212273529e-09  8.72634467047e-10  1.31027647925e-10  1.78557099403e-11  2.22334305951e-12  2.51891522668e-13  
4.01464048047e-06  2.89235725621e-06  1.55978799121e-06  6.57274585214e-07  2.24441192866e-07  6.39210841729e-08  1.55303454281e-08  3.2769830591e-09  6.09190069475e-10  1.00947367255e-10  1.50557134729e-11  2.03747826828e-12  2.51891522668e-13  2.83333835727e-14  
