1000.0  652.784915053  446.668247197  310.521623736  215.578460615  147.995203419  99.8645452422  65.9766117879  42.555291743  26.7293261812  16.2862926071  9.53156497879  5.18078979614  2.25920802887  
652.784915053  516.978085875  384.786803836  278.678623459  197.780562784  137.548188605  93.5806933368  62.1675796982  40.2546885484  25.3560480449  15.482194798  9.07525875498  4.93834798214  2.15499027155  
446.668247197  384.786803836  305.61972512  231.177124598  168.83512837  119.695056641  82.5207575154  55.3390967797  36.0805679746  22.843988503  14.002841093  8.23232688211  4.48922008596  1.96159548497  
310.521623736  278.678623459  231.177124598  181.230587503  136.013666805  98.4057069595  68.8787978401  46.7199675615  30.7264200515  19.5845734468  12.0673029749  7.12274455316  3.89548749251  1.70526752174  
215.578460615  197.780562784  168.83512837  136.013666805  104.473105514  77.0227986602  54.7264464804  37.5640227951  24.9385044115  16.0148717907  9.92664814126  5.88656236919  3.23053856884  1.41726515013  
147.995203419  137.548188605  119.695056641  98.4057069595  77.0227986602  57.7225585358  41.5826441263  28.8701670751  19.3476679419  12.5205703884  7.8094929313  4.6542568866  2.56384922024  1.1274703471  
99.8645452422  93.5806933368  82.5207575154  68.8787978401  54.7264464804  41.5826441263  30.3223631615  21.274240913  14.3847758224  9.37897349818  5.88658596624  3.52605999986  1.9498674782  0.859589983501  
65.9766117879  62.1675796982  55.3390967797  46.7199675615  37.5640227951  28.8701670751  21.274240913  15.0662037609  10.2707623228  6.74398054066  4.25817827154  2.56326835361  1.42285627616  0.628804007776  
42.555291743  40.2546885484  36.0805679746  30.7264200515  24.9385044115  19.3476679419  14.3847758224  10.2707623228  7.05318455682  4.66127486231  2.95963775423  1.78994601538  0.997215169464  0.441746906977  
26.7293261812  25.3560480449  22.843988503  19.5845734468  16.0148717907  12.5205703884  9.37897349818  6.74398054066  4.66127486231  3.09844812943  1.97739174702  1.20108170095  0.671427340815  0.298093252387  
16.2862926071  15.482194798  14.002841093  12.0673029749  9.92664814126  7.8094929313  5.88658596624  4.25817827154  2.95963775423  1.97739174702  1.2676944638  0.773013887956  0.433467590844  0.19283896073  
9.53156497879  9.07525875498  8.23232688211  7.12274455316  5.88656236919  4.6542568866  3.52605999986  2.56326835361  1.78994601538  1.20108170095  0.773013887956  0.472961397058  0.265929006692  0.118516497926  
5.18078979614  4.93834798214  4.48922008596  3.89548749251  3.23053856884  2.56384922024  1.9498674782  1.42285627616  0.997215169464  0.671427340815  0.433467590844  0.265929006692  0.149846130301  0.0668779179874  
2.25920802887  2.15499027155  1.96159548497  1.70526752174  1.41726515013  1.1274703471  0.859589983501  0.628804007776  0.441746906977  0.298093252387  0.19283896073  0.118516497926  0.0668779179874  0.0298768803751  
