1000.0  690.694037298  505.333380202  379.90417884  288.720950749  219.78286059  166.620666826  125.273079305  93.0366513859  67.8975410277  48.25150065  32.7548615168  20.2376223789  9.64620889003  
690.694037298  569.0555578  449.008638606  350.000836309  271.171265528  208.766450289  159.404555009  120.426036559  89.7405843882  65.6531988565  46.740648528  31.7705837904  19.6469685121  9.36956514043  
505.333380202  449.008638606  375.614749095  304.41074379  241.939150972  189.461042433  146.370873483  111.504784652  83.5989051956  61.4362469925  43.8854379172  29.9030510445  18.5233152711  8.84248066846  
379.90417884  350.000836309  304.41074379  254.75972199  207.500827883  165.488793031  129.603806945  99.7476635283  75.367729289  55.7169125585  39.9799010801  27.3331147263  16.9707848575  8.11251203676  
288.720950749  271.171265528  241.939150972  207.500827883  172.592848479  140.023253939  111.168052947  86.4896975127  65.9114693886  49.0552641079  35.3844422854  24.2868926971  15.1212750054  7.2403544168  
219.78286059  208.766450289  189.461042433  165.488793031  140.023253939  115.31499335  92.7199276979  72.9004250934  56.0372469143  41.999083625  30.463615916  20.9986398808  13.113643757  6.29050348954  
166.620666826  159.404555009  146.370873483  129.603806945  111.168052947  92.7199276979  75.3969652856  59.8606070342  46.3952728927  35.0122722437  25.5377795366  17.6797934109  11.0755309924  5.32288007766  
125.273079305  120.426036559  111.504784652  99.7476635283  86.4896975127  72.9004250934  59.8606070342  47.9416720708  37.4410202243  28.4385211872  20.8543060541  14.4986023496  9.1106175473  4.38674880247  
93.0366513859  89.7405843882  83.5989051956  75.367729289  65.9114693886  56.0372469143  46.3952728927  37.4410202243  29.4397560742  22.4936573743  16.5770113304  11.5707540338  7.29202688968  3.51737203053  
67.8975410277  65.6531988565  61.4362469925  55.7169125585  49.0552641079  41.999083625  35.0122722437  28.4385211872  22.4936573743  17.2765047978  12.7890089043  8.95893005804  5.66106888099  2.73514408379  
48.25150065  46.740648528  43.8854379172  39.9799010801  35.3844422854  30.463615916  25.5377795366  20.8543060541  16.5770113304  12.7890089043  9.50355171037  6.67829082368  4.2297939479  2.04656963362  
32.7548615168  31.7705837904  29.9030510445  27.3331147263  24.2868926971  20.9986398808  17.6797934109  14.4986023496  11.5707540338  8.95893005804  6.67829082368  4.70501905678  2.98572576016  1.44635532328  
20.2376223789  19.6469685121  18.5233152711  16.9707848575  15.1212750054  13.113643757  11.0755309924  9.1106175473  7.29202688968  5.66106888099  4.2297939479  2.98572576016  1.89742457341  0.919981042524  
9.64620889003  9.36956514043  8.84248066846  8.11251203676  7.2403544168  6.29050348954  5.32288007766  4.38674880247  3.51737203053  2.73514408379  2.04656963362  1.44635532328  0.919981042524  0.446308981961  
