1000.0  588.8416656  351.821229206  206.297404528  116.516099215  62.7270967898  32.0023831263  15.4256690807  7.01548169372  3.00961844371  1.21835467377  0.465504615573  0.166835209384  0.0519403703792  
588.8416656  430.705911858  283.199323158  174.103421251  100.885995413  55.1347985322  28.3945270846  13.7716243417  6.28989866639  2.70647785913  1.09803295856  0.420209581778  0.15078095214  0.0469800935055  
351.821229206  283.199323158  200.205945285  129.152073623  77.2370113834  43.1054926343  22.5188437542  11.0313125756  5.0743266173  2.19478763512  0.893865498564  0.343062099951  0.123363099413  0.038493568061  
206.297404528  174.103421251  129.152073623  86.5889267331  53.2952795453  30.3772159825  16.1158174199  7.98468578947  3.70397980123  1.61224112654  0.659767374887  0.254142293534  0.0916402598312  0.028649156082  
116.516099215  100.885995413  77.2370113834  53.2952795453  33.5894906644  19.5062018127  10.4992266469  5.26014385271  2.46110541197  1.07835970042  0.443554699883  0.171535701479  0.0620409854704  0.0194363526056  
62.7270967898  55.1347985322  43.1054926343  30.3772159825  19.5062018127  11.5058681729  6.2719511112  3.17422275637  1.49711682398  0.66015192311  0.272897548888  0.105952998117  0.0384374057738  0.0120672287692  
32.0023831263  28.3945270846  22.5188437542  16.1158174199  10.4992266469  6.2719511112  3.45556937418  1.76430473634  0.838104196875  0.371698258665  0.154366105286  0.0601532776191  0.0218846375675  0.00688429810701  
15.4256690807  13.7716243417  11.0313125756  7.98468578947  5.26014385271  3.17422275637  1.76430473634  0.907520072549  0.433771308552  0.193352373919  0.0806290418954  0.0315228658233  0.0114979489075  0.00362344131518  
7.01548169372  6.28989866639  5.0743266173  3.70397980123  2.46110541197  1.49711682398  0.838104196875  0.433771308552  0.208414069144  0.0933023012003  0.0390453508675  0.0153087501026  0.00559630150467  0.00176635233298  
3.00961844371  2.70647785913  2.19478763512  1.61224112654  1.07835970042  0.66015192311  0.371698258665  0.193352373919  0.0933023012003  0.0419207308015  0.0175953381518  0.00691527530052  0.00253269240519  0.000800427083539  
1.21835467377  1.09803295856  0.893865498564  0.659767374887  0.443554699883  0.272897548888  0.154366105286  0.0806290418954  0.0390453508675  0.0175953381518  0.00740337331233  0.00291538221218  0.00106936954683  0.000338312806589  
0.465504615573  0.420209581778  0.343062099951  0.254142293534  0.171535701479  0.105952998117  0.0601532776191  0.0315228658233  0.0153087501026  0.00691527530052  0.00291538221218  0.00114984814395  0.000422267816895  0.00013369740482  
0.166835209384  0.15078095214  0.123363099413  0.0916402598312  0.0620409854704  0.0384374057738  0.0218846375675  0.0114979489075  0.00559630150467  0.00253269240519  0.00106936954683  0.000422267816895  0.00015520835987  4.91693049093e-05  
0.0519403703792  0.0469800935055  0.038493568061  0.028649156082  0.0194363526056  0.0120672287692  0.00688429810701  0.00362344131518  0.00176635233298  0.000800427083539  0.000338312806589  0.00013369740482  4.91693049093e-05  1.55819263842e-05  
