1000.0  684.814283096  496.152516431  368.87539696  276.834833636  207.784370415  155.084701217  114.634553152  83.6083000753  59.8872164562  41.7822659005  27.887419836  16.9929264107  8.02554447865  
684.814283096  560.946956038  438.910374959  338.60333167  259.177095653  196.793150754  147.961677001  109.910917634  80.4427544771  57.7657376391  40.3772413262  26.9861497436  16.4590753809  7.77768813942  
496.152516431  438.910374959  364.491776074  292.576622385  229.85301075  177.592642915  135.137978037  101.245620053  74.5640461244  53.7930553595  37.7309518392  25.2818292918  15.4468504015  7.30700612184  
368.87539696  338.60333167  292.576622385  242.671576446  195.472820006  153.872565065  118.728807983  89.8881724704  66.7290267409  48.4351593561  34.131469612  22.9495804322  14.05603075  6.65874076416  
276.834833636  259.177095653  229.85301075  195.472820006  160.860138773  128.854772985  100.82036547  77.1784987315  57.7977362248  42.2434322174  29.9294572086  20.2068073595  12.4121103594  5.89022155606  
207.784370415  196.793150754  177.592642915  153.872565065  128.854772985  104.806845713  83.0722410747  64.2797037431  48.5653392035  35.7516052525  25.4758516834  17.2763171041  10.6457839398  5.06171471082  
155.084701217  147.961677001  135.137978037  118.728807983  100.82036547  83.0722410747  66.6063434243  52.054108834  39.6624212975  29.4045839496  21.0741950692  14.3560673035  8.8753251554  4.22835142166  
114.634553152  109.910917634  101.245620053  89.8881724704  77.1784987315  64.2797037431  52.054108834  41.045514883  31.5192485296  23.5238386935  16.9532834803  11.5999304096  7.19463353663  3.43445035967  
83.6083000753  80.4427544771  74.5640461244  66.7290267409  57.7977362248  48.5653392035  39.6624212975  31.5192485296  24.3737272373  18.3023120804  13.2585203016  9.10971746254  5.66755270921  2.71062655255  
59.8872164562  57.7657376391  53.7930553595  48.4351593561  42.2434322174  35.7516052525  29.4045839496  23.5238386935  18.3023120804  13.8180604495  10.0567881783  6.93614482608  4.32751201853  2.0733628402  
41.7822659005  40.3772413262  37.7309518392  34.131469612  29.9294572086  25.4758516834  21.0741950692  16.9532834803  13.2585203016  10.0567881783  7.349004804  5.08548876266  3.18080924163  1.52633781638  
27.887419836  26.9861497436  25.2818292918  22.9495804322  20.2068073595  17.2763171041  14.3560673035  11.5999304096  9.10971746254  6.93614482608  5.08548876266  3.52885908138  2.21178368555  1.06272410014  
16.9929264107  16.4590753809  15.4468504015  14.05603075  12.4121103594  10.6457839398  8.8753251554  7.19463353663  5.66755270921  4.32751201853  3.18080924163  2.21178368555  1.38846549862  0.667792765035  
8.02554447865  7.77768813942  7.30700612184  6.65874076416  5.89022155606  5.06171471082  4.22835142166  3.43445035967  2.71062655255  2.0733628402  1.52633781638  1.06272410014  0.667792765035  0.321378946857  
