1000.0  586.807390281  348.917785657  203.316428978  113.948154544  60.7851431061  30.6869214827  14.6181215439  6.56258010111  2.77611915366  1.10713136819  0.41639875453  0.146866773055  0.0450862186145  
586.807390281  428.005192776  280.150457618  171.179113976  98.4357269368  53.3073634277  27.1665040957  13.0215966729  5.87073471551  2.49092757989  0.995561102599  0.375037858332  0.132435011044  0.0406884562574  
348.917785657  280.150457618  197.182816112  126.434488039  75.0375432557  41.4979577158  21.4523174257  10.3855306066  4.71564872013  2.01119539259  0.806901205468  0.304837292536  0.107874644703  0.0331908203736  
203.316428978  171.179113976  126.434488039  84.2553902907  51.4633588988  29.0654949522  15.2578692067  7.47051757637  3.4205961345  1.46805317802  0.591793275104  0.224380723573  0.0796192804312  0.024543092779  
113.948154544  98.4357269368  75.0375432557  51.4633588988  32.1852821869  18.5187371162  9.86213500265  4.88232787349  2.25458382207  0.973973882572  0.394611224442  0.150203393291  0.0534569694352  0.0165123983446  
60.7851431061  53.3073634277  41.4979577158  29.0654949522  18.5187371162  10.8218043443  5.8359630294  2.91822173093  1.35831640153  0.590468700648  0.240410969212  0.0918622153928  0.0327905338284  0.0101496385702  
30.6869214827  27.1665040957  21.4523174257  15.2578692067  9.86213500265  5.8359630294  3.18060726832  1.60430034567  0.752015164657  0.328761832555  0.13446268672  0.051563046263  0.0184567130211  0.00572397358094  
14.6181215439  13.0215966729  10.3855306066  7.47051757637  4.88232787349  2.91822173093  1.60430034567  0.815152964781  0.384423509524  0.168893292147  0.069353312965  0.0266801061604  0.00957368530988  0.00297422485082  
6.56258010111  5.87073471551  4.71564872013  3.4205961345  2.25458382207  1.35831640153  0.752015164657  0.384423509524  0.182218230321  0.080393578989  0.0331255718058  0.0127783447983  0.00459506524527  0.00142965106973  
2.77611915366  2.49092757989  2.01119539259  1.46805317802  0.973973882572  0.590468700648  0.328761832555  0.168893292147  0.080393578989  0.0355936741462  0.0147081679508  0.00568676307566  0.00204857256303  0.000638145226557  
1.10713136819  0.995561102599  0.806901205468  0.591793275104  0.394611224442  0.240410969212  0.13446268672  0.069353312965  0.0331255718058  0.0147081679508  0.0060920039807  0.00235979751775  0.000851289788133  0.000265437725091  
0.41639875453  0.375037858332  0.304837292536  0.224380723573  0.150203393291  0.0918622153928  0.051563046263  0.0266801061604  0.0127783447983  0.00568676307566  0.00235979751775  0.00091542629737  0.000330596868258  0.00010315582426  
0.146866773055  0.132435011044  0.107874644703  0.0796192804312  0.0534569694352  0.0327905338284  0.0184567130211  0.00957368530988  0.00459506524527  0.00204857256303  0.000851289788133  0.000330596868258  0.000119484907082  3.73008181648e-05  
0.0450862186145  0.0406884562574  0.0331908203736  0.024543092779  0.0165123983446  0.0101496385702  0.00572397358094  0.00297422485082  0.00142965106973  0.000638145226557  0.000265437725091  0.00010315582426  3.73008181648e-05  1.16477848578e-05  
