1000.0  598.15915816  365.222408097  220.241180858  128.756344686  72.208738544  38.6132488839  19.6214066862  9.45813538219  4.32169472744  1.8716494757  0.767780760394  0.295691870967  0.0979729374537  
598.15915816  443.115689892  297.326603327  187.842047344  112.620472079  64.1016952271  34.5979244916  17.6893518917  8.56302737697  3.92452535517  1.70339746677  0.699908821601  0.269880757835  0.0894940651326  
365.222408097  297.326603327  214.339422324  142.0398228  87.8739191056  51.0736815487  27.9629647072  14.4408681401  7.04091342874  3.24395883206  1.41354354135  0.582533786032  0.225120483118  0.0747635921785  
220.241180858  187.842047344  142.0398228  97.8191323717  62.2891784857  36.9802019554  20.5648647649  10.7434372531  5.28348682502  2.4501565507  1.07296362253  0.443867630375  0.172029981625  0.0572450858399  
128.756344686  112.620472079  87.8739191056  62.2891784857  40.625031063  24.5807695723  13.8731987185  7.33113663582  3.63752723073  1.69855195659  0.747844337766  0.31067715885  0.120799883179  0.0402874971618  
72.208738544  64.1016952271  51.0736815487  36.9802019554  24.5807695723  15.1128234846  8.64190677385  4.6151147942  2.30929606952  1.08560830166  0.480543355501  0.200483572232  0.0782121126878  0.0261443069997  
38.6132488839  34.5979244916  27.9629647072  20.5648647649  13.8731987185  8.64190677385  4.99700622995  2.69344846701  1.35804394714  0.642398402082  0.285792627143  0.119717788615  0.0468531531171  0.0156967858637  
19.6214066862  17.6893518917  14.4408681401  10.7434372531  7.33113663582  4.6151147942  2.69344846701  1.46336036579  0.742764173999  0.353301648965  0.157895984241  0.0663882161126  0.0260584920158  0.00874821981463  
9.45813538219  8.56302737697  7.04091342874  5.28348682502  3.63752723073  2.30929606952  1.35804394714  0.742764173999  0.379166124718  0.181223679386  0.0813171633668  0.0343031620429  0.0135000210695  0.00454056611237  
4.32169472744  3.92452535517  3.24395883206  2.4501565507  1.69855195659  1.08560830166  0.642398402082  0.353301648965  0.181223679386  0.0869731874647  0.0391609976289  0.0165671414981  0.00653493895189  0.0022014969166  
1.8716494757  1.70339746677  1.41354354135  1.07296362253  0.747844337766  0.480543355501  0.285792627143  0.157895984241  0.0813171633668  0.0391609976289  0.0176844902616  0.00749965063523  0.00296400585357  0.000999884336698  
0.767780760394  0.699908821601  0.582533786032  0.443867630375  0.31067715885  0.200483572232  0.119717788615  0.0663882161126  0.0343031620429  0.0165671414981  0.00749965063523  0.00318687593715  0.00126154192756  0.000426050745415  
0.295691870967  0.269880757835  0.225120483118  0.172029981625  0.120799883179  0.0782121126878  0.0468531531171  0.0260584920158  0.0135000210695  0.00653493895189  0.00296400585357  0.00126154192756  0.000500024721322  0.000169018678998  
0.0979729374537  0.0894940651326  0.0747635921785  0.0572450858399  0.0402874971618  0.0261443069997  0.0156967858637  0.00874821981463  0.00454056611237  0.0022014969166  0.000999884336698  0.000426050745415  0.000169018678998  5.71663843283e-05  
