1000.0  641.749181319  429.872513182  291.232722448  196.088649338  129.898003851  84.1448729856  53.0898254854  32.5368695712  19.3278299597  11.0976139698  6.11456888468  3.14366876236  1.31556256498  
641.749181319  501.925356772  366.560378474  259.045615205  178.432691067  119.796316037  78.2622365746  49.6600447508  30.5566986175  18.2043347702  10.4751550422  5.78097817771  2.975666251  1.24618217368  
429.872513182  366.560378474  286.143180671  211.436923878  149.983761975  102.700843215  68.0116690883  43.5737632285  27.000778368  16.1704145598  9.34185685415  5.17113861644  2.6676620689  1.11876136239  
291.232722448  259.045615205  211.436923878  162.05389774  118.197739826  82.6302350916  55.5707658511  36.0176991038  22.5158246028  13.5760116763  7.88434463694  4.38210116476  2.26743937909  0.952747531375  
196.088649338  178.432691067  149.983761975  118.197739826  88.2691173228  62.8979463942  42.9471756155  28.1714874202  17.7786172663  10.8006435241  6.31017506068  3.52375022593  1.82977581646  0.770604446162  
129.898003851  119.796316037  102.700843215  82.6302350916  62.8979463942  45.5669170118  31.5482526018  20.9328007084  13.3350844242  8.16361644667  4.79943714881  2.69360456397  1.40407028237  0.59279240305  
84.1448729856  78.2622365746  68.0116690883  55.5707658511  42.9471756155  31.5482526018  22.1102548107  14.8247239829  9.527941649  5.87642499806  3.47622354888  1.96085829612  1.02611822695  0.434333145083  
53.0898254854  49.6600447508  43.5737632285  36.0176991038  28.1714874202  20.9328007084  14.8247239829  10.0324145546  6.50015044663  4.03693630033  2.40218778177  1.36166996183  0.71529746399  0.303536947145  
32.5368695712  30.5566986175  27.000778368  22.5158246028  17.7786172663  13.3350844242  9.527941649  6.50015044663  4.24198765851  2.65121786377  1.58626929002  0.903326655086  0.476260460801  0.202592990809  
19.3278299597  18.2043347702  16.1704145598  13.5760116763  10.8006435241  8.16361644667  5.87642499806  4.03693630033  2.65121786377  1.66640296966  1.0020107146  0.573041156553  0.303152106664  0.129249503298  
11.0976139698  10.4751550422  9.34185685415  7.88434463694  6.31017506068  4.79943714881  3.47622354888  2.40218778177  1.58626929002  1.0020107146  0.605188070009  0.347430172308  0.184367249201  0.078769137639  
6.11456888468  5.78097817771  5.17113861644  4.38210116476  3.52375022593  2.69360456397  1.96085829612  1.36166996183  0.903326655086  0.573041156553  0.347430172308  0.200122508731  0.106485590864  0.0455786229032  
3.14366876236  2.975666251  2.6676620689  2.26743937909  1.82977581646  1.40407028237  1.02611822695  0.71529746399  0.476260460801  0.303152106664  0.184367249201  0.106485590864  0.0567869161291  0.0243429169449  
1.31556256498  1.24618217368  1.11876136239  0.952747531375  0.770604446162  0.59279240305  0.434333145083  0.303536947145  0.202592990809  0.129249503298  0.078769137639  0.0455786229032  0.0243429169449  0.0104458131351  
