1000.0  346.939800817  91.4899844067  18.6681759861  3.04008382242  0.40649172128  0.0456766468378  0.00439430744245  0.000367383395139  2.70166497015e-05  1.76494650983e-06  1.03274108468e-07  5.45010232178e-09  2.60466151479e-10  
346.939800817  148.436384275  42.1088533707  8.83540803749  1.45274201687  0.194434374953  0.0217680472491  0.00208075077385  0.000172531942602  1.25673765641e-05  8.12420558197e-07  4.70032284864e-08  2.45090019301e-09  1.15665414631e-10  
91.4899844067  42.1088533707  12.3612876496  2.62731403556  0.432769560902  0.057670568274  0.00640486200855  0.000605867553185  4.96324585221e-05  3.56725029596e-06  2.2731447312e-07  1.29528152046e-08  6.64704334819e-10  3.08532530388e-11  
18.6681759861  8.83540803749  2.62731403556  0.559573068412  0.0917604932798  0.0121240295826  0.00133150339858  0.000124320885675  1.00384547349e-05  7.10389542644e-07  4.45305835684e-08  2.49413783708e-09  1.25718253751e-10  5.72821951744e-12  
3.04008382242  1.45274201687  0.432769560902  0.0917604932798  0.0149175040195  0.00194855942403  0.000211145510421  1.94233147494e-05  1.54343756225e-06  1.07386877973e-07  6.61287241275e-09  3.63587712358e-10  1.79781975396e-11  8.03099580499e-13  
0.40649172128  0.194434374953  0.057670568274  0.0121240295826  0.00194855942403  0.000251107598689  2.68035171348e-05  2.4259296851e-06  1.89479850436e-07  1.29472703203e-08  7.82424623167e-10  4.21874784727e-11  2.04434371617e-12  8.94453192518e-14  
0.0456766468378  0.0217680472491  0.00640486200855  0.00133150339858  0.000211145510421  2.68035171348e-05  2.81475256618e-06  2.50379429363e-07  1.92033418788e-08  1.28750534224e-09  7.62888372065e-11  4.03048015067e-12  1.91248539546e-13  8.18880426775e-15  
0.00439430744245  0.00208075077385  0.000605867553185  0.000124320885675  1.94233147494e-05  2.4259296851e-06  2.50379429363e-07  2.18691810153e-08  1.64565245158e-09  1.08173401411e-10  6.27977646204e-12  3.24835933292e-13  1.50815789538e-14  6.31474392832e-16  
0.000367383395139  0.000172531942602  4.96324585221e-05  1.00384547349e-05  1.54343756225e-06  1.89479850436e-07  1.92033418788e-08  1.64565245158e-09  1.21406617221e-10  7.81838922928e-12  4.44365801378e-13  2.24891841566e-14  1.02090391431e-15  4.17697844007e-17  
2.70166497015e-05  1.25673765641e-05  3.56725029596e-06  7.10389542644e-07  1.07386877973e-07  1.29472703203e-08  1.28750534224e-09  1.08173401411e-10  7.81838922928e-12  4.92928856487e-13  2.74099318527e-14  1.35629110768e-15  6.01570444078e-17  2.40336008768e-18  
1.76494650983e-06  8.12420558197e-07  2.2731447312e-07  4.45305835684e-08  6.61287241275e-09  7.82424623167e-10  7.62888372065e-11  6.27977646204e-12  4.44365801378e-13  2.74099318527e-14  1.49017874439e-15  7.20438382387e-17  3.11994914636e-18  1.21624226613e-19  
1.03274108468e-07  4.70032284864e-08  1.29528152046e-08  2.49413783708e-09  3.63587712358e-10  4.21874784727e-11  4.03048015067e-12  3.24835933292e-13  2.24891841566e-14  1.35629110768e-15  7.20438382387e-17  3.40070315161e-18  1.43690298279e-19  5.46159984782e-21  
5.45010232178e-09  2.45090019301e-09  6.64704334819e-10  1.25718253751e-10  1.79781975396e-11  2.04434371617e-12  1.91248539546e-13  1.50815789538e-14  1.02090391431e-15  6.01570444078e-17  3.11994914636e-18  1.43690298279e-19  5.91940558021e-21  2.19210401195e-22  
2.60466151479e-10  1.15665414631e-10  3.08532530388e-11  5.72821951744e-12  8.03099580499e-13  8.94453192518e-14  8.18880426775e-15  6.31474392832e-16  4.17697844007e-17  2.40336008768e-18  1.21624226613e-19  5.46159984782e-21  2.19210401195e-22  7.90347395082e-24  
