1000.0  680.262675973  489.06324493  360.396376578  267.753371086  198.689738348  146.423359314  106.732417791  76.6856513845  54.0749458759  37.1414026434  24.4308859644  14.7072226244  6.88978419807  
680.262675973  554.676820882  431.123256714  329.854275966  250.028286153  187.733500366  139.385862057  102.115095982  73.6290605168  52.0538436617  35.82140656  23.5954388147  14.2179791992  6.66439893026  
489.06324493  431.123256714  355.940207211  283.521550696  220.665217336  168.644000876  126.750179811  93.6680070107  67.9683961766  48.2796487652  33.3421704656  22.0199556161  13.2928754685  6.23755354324  
360.396376578  329.854275966  283.521550696  233.467937635  186.376168907  145.160464348  110.652465329  82.6463561032  60.458464884  43.2129135869  29.9854882096  19.8739333092  12.0275721427  5.6523332918  
267.753371086  250.028286153  220.665217336  186.376168907  152.047708441  120.537388553  93.1909061719  70.3896151091  51.9522870974  37.3953629996  26.0922520865  17.3664558964  10.541612827  4.96298497301  
198.689738348  187.733500366  168.644000876  145.160464348  120.537388553  97.0490287012  76.0217168198  58.0507698207  43.2315145696  31.3464985099  22.0003591149  14.7097305698  8.95829019802  4.22598444733  
146.423359314  139.385862057  126.750179811  110.652465329  93.1909061719  76.0217168198  60.2482216746  46.4724408748  34.9071852997  25.493181289  17.9979035775  12.0896244523  7.38761325962  3.49227718032  
106.732417791  102.115095982  93.6680070107  82.6463561032  70.3896151091  58.0507698207  46.4724408748  36.1720409881  27.3861676347  20.1367947346  14.2972654951  9.64753538665  5.91510742003  2.80198215322  
76.6856513845  73.6290605168  67.9683961766  60.458464884  51.9522870974  43.2315145696  34.9071852997  27.3861676347  20.882282656  15.4505075799  11.0282168316  7.473672203  4.59694770736  2.18190223176  
54.0749458759  52.0538436617  48.2796487652  43.2129135869  37.3953629996  31.3464985099  25.493181289  20.1367947346  15.4505075799  11.4953122464  8.24451363194  5.609210186  3.46034905452  1.64545761404  
37.1414026434  35.82140656  33.3421704656  29.9854882096  26.0922520865  22.0003591149  17.9979035775  14.2972654951  11.0282168316  8.24451363194  5.93781946345  4.05386414442  2.50741300819  1.1942818328  
24.4308859644  23.5954388147  22.0199556161  19.8739333092  17.3664558964  14.7097305698  12.0896244523  9.64753538665  7.473672203  5.609210186  4.05386414442  2.77566892951  1.72059817515  0.820656835491  
14.7072226244  14.2179791992  13.2928754685  12.0275721427  10.541612827  8.95829019802  7.38761325962  5.91510742003  4.59694770736  3.46034905452  2.50741300819  1.72059817515  1.06836634746  0.510108172977  
6.88978419807  6.66439893026  6.23755354324  5.6523332918  4.96298497301  4.22598444733  3.49227718032  2.80198215322  2.18190223176  1.64545761404  1.1942818328  0.820656835491  0.510108172977  0.243722164873  
