1000.0  683.464312792  494.048202197  366.355018929  274.129968481  205.068624823  152.490394408  112.259405513  81.5197321947  58.1268846356  40.3714730823  26.8331583086  16.2939291627  7.67762085022  
683.464312792  559.086632993  436.597918244  336.001413116  256.450732157  194.086347873  145.39150852  107.566338453  78.3858159764  56.0347425661  38.991432657  25.9513118646  15.7732833572  7.43642987064  
494.048202197  436.597918244  361.949864254  289.880932237  227.112076451  174.916010495  132.621256234  98.9639729037  72.570531605  52.1201651808  36.3942999654  24.2850618898  14.7868831808  6.97876767296  
366.355018929  336.001413116  289.880932237  239.927304629  192.754617505  151.262281076  116.301343597  87.7037848294  64.8303644649  46.8477246267  32.866433067  22.0079659654  13.4333514801  6.34926793509  
274.129968481  256.450732157  227.112076451  192.754617505  158.221068098  126.357147318  98.5219614579  75.1259567804  56.0236038596  40.7662020634  28.7557928848  19.335096556  11.8365016505  5.60438585618  
205.068624823  194.086347873  174.916010495  151.262281076  126.357147318  102.470778488  80.9422480288  62.3910630806  46.9417902027  34.4054048636  24.4096652789  16.4862641024  10.1249229154  4.80330570311  
152.490394408  145.39150852  132.621256234  116.301343597  98.5219614579  80.9422480288  64.6791950342  50.3560719521  38.2100974162  28.2051762034  20.1272160449  13.6559765032  8.41451900773  3.99995480623  
112.259405513  107.566338453  98.9639729037  87.7037848294  75.1259567804  62.3910630806  50.3560719521  39.5574001983  30.252187851  22.4812714136  16.132537881  10.9945116279  6.79676618415  3.23743335581  
81.5197321947  78.3858159764  72.570531605  64.8303644649  56.0236038596  46.9417902027  38.2100974162  30.252187851  23.2990654146  17.4209321151  12.5665017332  8.60029971861  5.33326495456  2.54523860254  
58.1268846356  56.0347425661  52.1201651808  46.8477246267  40.7662020634  34.4054048636  28.2051762034  22.4812714136  17.4209321151  13.0972200865  9.49212782692  6.52123653832  4.05560071127  1.93894247826  
40.3714730823  38.991432657  36.3942999654  32.866433067  28.7557928848  24.4096652789  20.1272160449  16.132537881  12.5665017332  9.49212782692  6.90754722054  4.76161212104  2.96879567207  1.42160025181  
26.8331583086  25.9513118646  24.2850618898  22.0079659654  19.335096556  16.4862641024  13.6559765032  10.9945116279  8.60029971861  6.52123653832  4.76161212104  3.29154258785  2.05657577277  0.986092286716  
16.2939291627  15.7732833572  14.7868831808  13.4333514801  11.8365016505  10.1249229154  8.41451900773  6.79676618415  5.33326495456  4.05560071127  2.96879567207  2.05657577277  1.28702627577  0.617729327932  
7.67762085022  7.43642987064  6.97876767296  6.34926793509  5.60438585618  4.80330570311  3.99995480623  3.23743335581  2.54523860254  1.93894247826  1.42160025181  0.986092286716  0.617729327932  0.296677393073  
