1000.0  684.480772067  495.632514813  368.252309899  276.165723621  207.112036257  154.441823104  114.045352139  83.0895915784  59.4495096379  41.4310714604  27.6247111007  16.8186043285  7.93873099349  
684.480772067  560.487312175  438.338862082  337.959988353  258.502556656  196.122914451  147.324665879  109.329192017  79.931804501  57.3352422294  40.0321985334  26.7282298129  16.2880121522  7.69252056192  
495.632514813  438.338862082  363.863367029  291.909880984  229.174639274  176.929645799  134.513988801  100.679299503  74.0686637662  53.3768504237  37.3980181587  25.0332995647  15.2821630619  7.22505493577  
368.252309899  337.959988353  291.909880984  241.992484636  194.799731261  153.225662272  118.126624142  89.345693158  66.2569493547  48.0399891258  33.8161908299  22.7146642035  13.9005559334  6.58142863139  
276.165723621  258.502556656  229.174639274  194.799731261  160.206198415  128.235357252  100.249790475  76.668391281  57.3562946801  41.8754190931  29.6367274016  19.989162904  12.2682764351  5.81875845176  
207.112036257  196.122914451  176.929645799  153.225662272  128.235357252  104.226996697  82.5430092217  63.8099104363  48.1609993318  35.4159259379  25.2096804286  17.0788744782  10.5155065909  4.99704685959  
154.441823104  147.324665879  134.513988801  118.126624142  100.249790475  82.5430092217  66.1270208425  51.6312881678  39.3003428068  29.1051879469  20.8375276915  14.1809156984  8.75994148347  4.17113086755  
114.045352139  109.329192017  100.679299503  89.345693158  76.668391281  63.8099104363  51.6312881678  40.6745365251  31.2029869498  23.2632836305  16.7479172749  11.4482800644  7.0948873176  3.38503056543  
83.0895915784  79.931804501  74.0686637662  66.2569493547  57.3562946801  48.1609993318  39.3003428068  31.2029869498  24.105152939  18.0817611701  13.0851420132  8.98194898395  5.58363662357  2.66908615907  
59.4495096379  57.3352422294  53.3768504237  48.0399891258  41.8754190931  35.4159259379  29.1051879469  23.2632836305  18.0817611701  13.6374493521  9.91513373415  6.83194347956  4.25916366042  2.03955551534  
41.4310714604  40.0321985334  37.3980181587  33.8161908299  29.6367274016  25.2096804286  20.8375276915  16.7479172749  13.0851420132  9.91513373415  7.23811911698  5.00404649746  3.1274489978  1.49996209331  
27.6247111007  26.7282298129  25.0332995647  22.7146642035  19.989162904  17.0788744782  14.1809156984  11.4482800644  8.98194898395  6.83194347956  5.00404649746  3.46911612769  2.17267614994  1.04340415042  
16.8186043285  16.2880121522  15.2821630619  13.9005559334  12.2682764351  10.5155065909  8.75994148347  7.0948873176  5.58363662357  4.25916366042  3.1274489978  2.17267614994  1.36288297057  0.655159647051  
7.93873099349  7.69252056192  7.22505493577  6.58142863139  5.81875845176  4.99704685959  4.17113086755  3.38503056543  2.66908615907  2.03955551534  1.49996209331  1.04340415042  0.655159647051  0.315142060344  
