1000.0  640.923365705  428.621759001  289.80853268  194.667245373  128.599232645  83.0388613382  52.2041246772  31.866529094  18.8471042893  10.7711283277  5.90628156933  3.02297313864  1.26077740461  
640.923365705  500.801265449  365.2065038  257.600133315  177.025955595  118.526429465  77.1880577868  48.8033724679  29.9100935213  17.7415139891  10.1612643011  5.58092957406  2.85982832844  1.19362524757  
428.621759001  365.2065038  284.704689753  209.992320397  148.621783882  101.493121818  67.0011172663  42.7735118068  26.3996860447  15.7416671521  9.05182264844  4.98664787396  2.56097922104  1.07039907375  
289.80853268  257.600133315  209.992320397  160.663825632  116.9231259  81.520350373  54.6533679194  35.2973789039  21.9780830199  13.1941951081  7.62694730468  4.21879799394  2.17318702249  0.910070586221  
194.667245373  177.025955595  148.621783882  116.9231259  87.1252400882  61.9176631205  42.1463783199  27.5482078984  17.3164004786  10.4741280169  6.09093398391  3.38508306219  1.74992375919  0.734499318534  
128.599232645  118.526429465  101.493121818  81.520350373  61.9176631205  44.7377535196  30.8779461812  20.4153889564  12.9538964809  7.89575538335  4.62033795283  2.58070431745  1.33921841114  0.563516053244  
83.0388613382  77.1880577868  67.0011172663  54.6533679194  42.1463783199  30.8779461812  21.573177996  14.4132323475  9.226659032  5.66579726655  3.33598698096  1.87275827296  0.975643594516  0.411585197663  
52.2041246772  48.8033724679  42.7735118068  35.2973789039  27.5482078984  20.4153889564  14.4132323475  9.71919543542  6.27211024157  3.87828042605  2.29698527029  1.29580202833  0.677658518016  0.286602500864  
31.866529094  29.9100935213  26.3996860447  21.9780830199  17.3164004786  12.9538964809  9.226659032  6.27211024157  4.07679648571  2.536797185  1.51069006995  0.856159296109  0.449376124802  0.190517411244  
18.8471042893  17.7415139891  15.7416671521  13.1941951081  10.4741280169  7.89575538335  5.66579726655  3.87828042605  2.536797185  1.58746581972  0.950054697287  0.540715232295  0.28477171415  0.121006875433  
10.7711283277  10.1612643011  9.05182264844  7.62694730468  6.09093398391  4.62033795283  3.33598698096  2.29698527029  1.51069006995  0.950054697287  0.571100535489  0.326280919045  0.172368971411  0.073396652028  
5.90628156933  5.58092957406  4.98664787396  4.21879799394  3.38508306219  2.58070431745  1.87275827296  1.29580202833  0.856159296109  0.540715232295  0.326280919045  0.187033090981  0.0990747276783  0.0422647497427  
3.02297313864  2.85982832844  2.56097922104  2.17318702249  1.74992375919  1.33921841114  0.975643594516  0.677658518016  0.449376124802  0.28477171415  0.172368971411  0.0990747276783  0.0525980401882  0.0224719029697  
1.26077740461  1.19362524757  1.07039907375  0.910070586221  0.734499318534  0.563516053244  0.411585197663  0.286602500864  0.190517411244  0.121006875433  0.073396652028  0.0422647497427  0.0224719029697  0.00961073942112  
