1000.0  617.393954308  393.382543806  250.460720006  156.474162657  94.9252315161  55.5700410265  31.2718795267  16.8771313273  8.72266790081  4.31234044443  2.03350383356  0.9000009753  0.334912384948  
617.393954308  468.925261269  327.281727003  217.920601142  139.485184843  85.8339771722  50.7015582112  28.703488642  15.5556691802  8.06384789175  3.99548093235  1.88722562228  0.836289883583  0.311455915095  
393.382543806  327.281727003  244.932409453  170.875714829  112.784953494  70.8452091622  42.4425920423  24.2682603421  13.2470936137  6.90380550315  3.43446601984  1.62720129935  0.72271414079  0.26956427098  
250.460720006  217.920601142  170.875714829  123.818280064  84.1033881775  53.9632224075  32.8407819958  18.9993063905  10.4629873146  5.4897346027  2.74524259405  1.30590863139  0.581786368021  0.217441876194  
156.474162657  139.485184843  112.784953494  84.1033881775  58.5184553252  38.2787955003  23.6522059878  13.8471561899  7.69706558205  4.06821954471  2.04620620963  0.977839299605  0.437163475209  0.163776055295  
94.9252315161  85.8339771722  70.8452091622  53.9632224075  38.2787955003  25.4558577828  15.945541997  9.44007367276  5.29504422483  2.81920970852  1.42640065331  0.684896565651  0.307333633863  0.115427554329  
55.5700410265  50.7015582112  42.4425920423  32.8407819958  23.6522059878  15.945541997  10.1071405441  6.04380284734  3.41848803351  1.83274209956  0.932606418804  0.449895414043  0.202627383945  0.0762947923551  
31.2718795267  28.703488642  24.2682603421  18.9993063905  13.8471561899  9.44007367276  6.04380284734  3.64570636479  2.0775557832  1.12091229968  0.573430309922  0.277851250291  0.125582861458  0.047400689305  
16.8771313273  15.5556691802  13.2470936137  10.4629873146  7.69706558205  5.29504422483  3.41848803351  2.0775557832  1.19170432158  0.646612466178  0.332391885619  0.161713273838  0.0733307017164  0.0277414280374  
8.72266790081  8.06384789175  6.90380550315  5.4897346027  4.06821954471  2.81920970852  1.83274209956  1.12091229968  0.646612466178  0.352594720625  0.182032343085  0.0888855486649  0.0404261715338  0.01532527983  
4.31234044443  3.99548093235  3.43446601984  2.74524259405  2.04620620963  1.42640065331  0.932606418804  0.573430309922  0.332391885619  0.182032343085  0.0943313229996  0.0462106525399  0.0210728678602  0.00800345022206  
2.03350383356  1.88722562228  1.62720129935  1.30590863139  0.977839299605  0.684896565651  0.449895414043  0.277851250291  0.161713273838  0.0888855486649  0.0462106525399  0.0227008859434  0.0103758859138  0.00394715513201  
0.9000009753  0.836289883583  0.72271414079  0.581786368021  0.437163475209  0.307333633863  0.202627383945  0.125582861458  0.0733307017164  0.0404261715338  0.0210728678602  0.0103758859138  0.00475155322702  0.00181000391624  
0.334912384948  0.311455915095  0.26956427098  0.217441876194  0.163776055295  0.115427554329  0.0762947923551  0.047400689305  0.0277414280374  0.01532527983  0.00800345022206  0.00394715513201  0.00181000391624  0.000690139747591  
