1000.0  614.803792176  389.554131347  246.283830572  152.552774565  91.6150026829  53.0106378396  29.441480262  15.6588394396  7.96478452858  3.8705357985  1.79249898904  0.779319920246  0.285820937125  
614.803792176  465.435746197  323.189451438  213.740671384  135.662623246  82.6483418709  48.2562515993  26.9625718151  14.4004565286  7.34676359391  3.5781350992  1.65984388522  0.722536081087  0.265210647539  
389.554131347  323.189451438  240.706663351  166.822113195  109.198192072  67.9119294804  40.2171114929  22.6960285067  12.2094302457  6.2622274969  3.06218154507  1.42483942081  0.62165492333  0.2285276367  
246.283830572  213.740671384  166.822113195  120.097460381  80.9051439127  51.3973926187  30.9194108582  17.6544338302  9.58138566943  4.94744219613  2.43182419067  1.13607960175  0.497178960653  0.183141273842  
152.552774565  135.662623246  109.198192072  80.9051439127  55.8306936384  36.1585976814  22.0844063916  12.7601569822  6.98970423378  3.63559993463  1.79731923685  0.843474958958  0.370417386503  0.136769372893  
91.6150026829  82.6483418709  67.9119294804  51.3973926187  36.1585976814  23.8065114575  14.7395237895  8.61139284187  4.75967692585  2.49370742098  1.24004500842  0.584691471795  0.257714104643  0.0953941401397  
53.0106378396  48.2562515993  40.2171114929  30.9194108582  22.0844063916  14.7395237895  9.23373434219  5.44852156444  3.03652427035  1.60184033558  0.801052188342  0.37944629379  0.167857636197  0.0622889524607  
29.441480262  26.9625718151  22.6960285067  17.6544338302  12.7601569822  8.61139284187  5.44852156444  3.24288022682  1.82069062138  0.966474317636  0.485853704387  0.231142059534  0.102606375782  0.0381669187168  
15.6588394396  14.4004565286  12.2094302457  9.58138566943  6.98970423378  4.75967692585  3.03652427035  1.82069062138  1.02883067812  0.549176462347  0.277384911947  0.132489570226  0.0590022658963  0.0219964332574  
7.96478452858  7.34676359391  6.2622274969  4.94744219613  3.63559993463  2.49370742098  1.60184033558  0.966474317636  0.549176462347  0.294572542108  0.149412305926  0.0716196692933  0.031987298865  0.0119493324801  
3.8705357985  3.5781350992  3.06218154507  2.43182419067  1.79731923685  1.24004500842  0.801052188342  0.485853704387  0.277384911947  0.149412305926  0.0760627254931  0.0365746824884  0.0163772757855  0.006129056742  
1.79249898904  1.65984388522  1.42483942081  1.13607960175  0.843474958958  0.584691471795  0.37944629379  0.231142059534  0.132489570226  0.0716196692933  0.0365746824884  0.0176345577225  0.00791394421534  0.00296639018729  
0.779319920246  0.722536081087  0.62165492333  0.497178960652  0.370417386503  0.257714104643  0.167857636197  0.102606375782  0.0590022658963  0.031987298865  0.0163772757855  0.00791394421534  0.00355811682986  0.00133542875166  
0.285820937125  0.265210647539  0.2285276367  0.183141273842  0.136769372893  0.0953941401397  0.0622889524607  0.0381669187168  0.0219964332574  0.0119493324801  0.006129056742  0.00296639018729  0.00133542875166  0.00050167378688  
