1000.0  642.562327898  431.104934939  292.637750711  197.493388385  131.18447572  85.2434723516  53.9724814034  33.2074047677  19.8106816656  11.4269837005  6.32562040244  3.2664491569  1.37145199031  
642.562327898  503.032529465  367.894889717  260.472226116  179.823537784  121.054749626  79.3297183933  50.514183359  31.2038091425  18.6694342508  10.7919787291  5.98378545392  3.09356608622  1.29982647344  
431.104934939  367.894889717  287.562253945  212.863895548  151.331566246  103.898782354  69.0168755386  44.3724216292  27.6029334364  16.601703483  9.63489734545  5.35836502587  2.7763562894  1.1681757775  
292.637750711  260.472226116  212.863895548  163.428859404  119.460838236  83.7326898747  56.4846276795  36.7376384521  23.0553164658  13.9606683695  8.1448048571  4.54808018109  2.36361762337  0.996421049274  
197.493388385  179.823537784  151.331566246  119.460838236  89.4047999253  63.8735329727  43.7464348097  28.7956608191  18.2432587916  11.1302469903  6.5324737805  3.66497737487  1.91142743409  0.807629370197  
131.18447572  121.054749626  103.898782354  83.7326898747  63.8735329727  46.3941013853  32.2189037101  21.4522299664  13.7192231568  8.43468729735  4.9814921678  2.80888150929  1.47055366965  0.622892044738  
85.2434723516  79.3297183933  69.0168755386  56.4846276795  43.7464348097  32.2189037101  22.6491823758  15.2390392027  9.83245856902  6.09021419798  3.6192038243  2.05108577024  1.07802074623  0.457792654181  
53.9724814034  50.514183359  44.3724216292  36.7376384521  28.7956608191  21.4522299664  15.2390392027  10.3488627615  6.73143235132  4.19853121027  2.50982218868  1.42936494638  0.754137723023  0.321063037621  
33.2074047677  31.2038091425  27.6029334364  23.0553164658  18.2432587916  13.7192231568  9.83245856902  6.73143235132  4.41017804474  2.76821318979  1.66389914294  0.951993700127  0.504113002086  0.215140312013  
19.8106816656  18.6694342508  16.601703483  13.9606683695  11.1302469903  8.43468729735  6.09021419798  4.19853121027  2.76821318979  1.74746241815  1.05560635827  0.60653935706  0.322277372927  0.13785159803  
11.4269837005  10.7919787291  9.63489734545  8.1448048571  6.5324737805  4.9814921678  3.6192038243  2.50982218868  1.66389914294  1.05560635827  0.640512098879  0.369447105446  0.196909436908  0.0844019329421  
6.32562040244  5.98378545392  5.35836502587  4.54808018109  3.66497737487  2.80888150929  2.05108577024  1.42936494638  0.951993700127  0.60653935706  0.369447105446  0.213811771589  0.114268319602  0.0490692380685  
3.2664491569  3.09356608622  2.7763562894  2.36361762337  1.91142743409  1.47055366965  1.07802074623  0.754137723023  0.504113002086  0.322277372927  0.196909436908  0.114268319602  0.0612043947987  0.0263220058132  
1.37145199031  1.29982647344  1.1681757775  0.996421049274  0.807629370197  0.622892044738  0.457792654181  0.321063037621  0.215140312013  0.13785159803  0.0844019329421  0.0490692380685  0.0263220058132  0.0113318072996  
