1000.0  633.815348037  417.893393536  277.666458247  182.65384967  117.745316896  73.9220489176  45.0198384031  26.5273344922  15.0941497719  8.27589982258  4.34792902711  2.13710184382  0.864189481648  
633.815348037  491.14010895  353.614406916  245.301263603  165.162098243  107.937738056  68.3541065461  41.8709248756  24.7722521361  14.1370565157  7.76812531171  4.08787803365  2.01170315414  0.814108021755  
417.893393536  353.614406916  272.437921555  197.753327372  137.186327102  91.468742352  58.7291582516  36.3282758486  21.6463266887  12.4186721746  6.85129652728  3.61642871733  1.78371479277  0.722891630548  
277.666458247  245.301263603  197.753327372  148.965406922  106.29424845  72.3720696944  47.1968560845  29.5372322995  17.7562189941  10.2563040172  5.68820863792  3.01477627117  1.49151276098  0.605667387453  
182.65384967  165.162098243  137.186327102  106.29424845  77.6748416281  53.9132672186  35.6990630198  22.6114623694  13.7221769425  7.98585703128  4.45548407145  2.37256954491  1.17799166198  0.479472538949  
117.745316896  107.937738056  91.468742352  72.3720696944  53.9132672186  38.0468359258  25.5449781604  16.365791625  10.0250202534  5.87880378892  3.30028086467  1.76619362337  0.880291050337  0.359208174362  
73.9220489176  68.3541065461  58.7291582516  47.1968560845  35.6990630198  25.5449781604  17.3604762998  11.2381785888  6.94451876175  4.10227523188  2.31701853459  1.24618128073  0.623529556389  0.255094130515  
45.0198384031  41.8709248756  36.3282758486  29.5372322995  22.6114623694  16.365791625  11.2381785888  7.34182443678  4.5729389993  2.71975623422  1.54503267055  0.834973388052  0.419366100159  0.172004809965  
26.5273344922  24.7722521361  21.6463266887  17.7562189941  13.7221769425  10.0250202534  6.94451876175  4.5729389993  2.86844160915  1.71655026826  0.98033286032  0.532180427378  0.268248257121  0.110290228115  
15.0941497719  14.1370565157  12.4186721746  10.2563040172  7.98585703128  5.87880378892  4.10227523188  2.71975623422  1.71655026826  1.0328813946  0.592729720571  0.323094493569  0.163398924513  0.067333374548  
8.27589982258  7.76812531171  6.85129652728  5.68820863792  4.45548407145  3.30028086467  2.31701853459  1.54503267055  0.98033286032  0.592729720571  0.341601074206  0.186895287251  0.0948035848462  0.0391471646177  
4.34792902711  4.08787803365  3.61642871733  3.01477627117  2.37256954491  1.76619362337  1.24618128073  0.834973388052  0.532180427378  0.323094493569  0.186895287251  0.102584230831  0.0521743231547  0.0215835570308  
2.13710184382  2.01170315414  1.78371479277  1.49151276098  1.17799166198  0.880291050337  0.623529556389  0.419366100159  0.268248257121  0.163398924513  0.0948035848462  0.0521743231547  0.0265938035249  0.0110179403378  
0.864189481648  0.814108021755  0.722891630548  0.605667387453  0.479472538949  0.359208174362  0.255094130515  0.172004809965  0.110290228115  0.067333374548  0.0391471646177  0.0215835570308  0.0110179403378  0.00456954015156  
