1000.0  567.874259986  322.308378876  176.707084599  91.8476076034  44.8150840972  20.428261351  8.68334285909  3.44160229328  1.27316971505  0.440315525741  0.142606797429  0.0431803511491  0.0115610369491  
567.874259986  403.030392513  252.423081816  145.29831194  77.5389579554  38.4199319216  17.6811530715  7.5625657425  3.01004375355  1.11679419974  0.387041266707  0.12554122699  0.0380541846503  0.0101959933158  
322.308378876  252.423081816  170.169851988  102.819667015  56.6289698467  28.6496995812  13.3714184222  5.77496465358  2.31430880475  0.862875208123  0.300105500118  0.097595216458  0.029638886158  0.00795136323523  
176.707084599  145.29831194  102.819667015  64.5444265533  36.5633669751  18.8783453593  8.94125680364  3.90299744804  1.57635478014  0.591114736271  0.206461955739  0.0673530869727  0.0205016233844  0.00550863686602  
91.8476076034  77.5389579554  56.6289698467  36.5633669751  21.1884272674  11.1340746644  5.34440794035  2.35662717924  0.959088325069  0.361719376449  0.126886640729  0.0415274617822  0.012670579572  0.00340996471189  
44.8150840972  38.4199319216  28.6496995812  18.8783453593  11.1340746644  5.93533816392  2.88161765616  1.28199922258  0.525338471033  0.199177836617  0.0701497082608  0.0230278536801  0.00704165163089  0.00189789707003  
20.428261351  17.6811530715  13.3714184222  8.94125680364  5.34440794035  2.88161765616  1.41214398818  0.632955762889  0.260902643001  0.0993719014379  0.035120960557  0.0115593590563  0.0035414695061  0.000955714636429  
8.68334285909  7.5625657425  5.77496465358  3.90299744804  2.35662717924  1.28199922258  0.632955762889  0.285438465194  0.118229802651  0.0452023711015  0.0160223348711  0.00528484290415  0.00162162404383  0.000438046965036  
3.44160229328  3.01004375355  2.31430880475  1.57635478014  0.959088325069  0.525338471033  0.260902643001  0.118229802651  0.0491626359723  0.0188535683282  0.00669826840519  0.00221309747715  0.000679858519906  0.000183775062728  
1.27316971505  1.11679419974  0.862875208123  0.591114736271  0.361719376449  0.199177836617  0.0993719014379  0.0452023711015  0.0188535683282  0.00724733568313  0.00257934763615  0.00085325889661  0.000262321934671  7.09371856813e-05  
0.440315525741  0.387041266707  0.300105500118  0.206461955739  0.126886640729  0.0701497082608  0.035120960557  0.0160223348711  0.00669826840519  0.00257934763615  0.000919146989886  0.000304302704238  9.35927363962e-05  2.53124301594e-05  
0.142606797429  0.12554122699  0.097595216458  0.0673530869727  0.0415274617822  0.0230278536801  0.0115593590563  0.00528484290415  0.00221309747715  0.00085325889661  0.000304302704238  0.000100788808135  3.10021769565e-05  8.38354068632e-06  
0.0431803511491  0.0380541846503  0.029638886158  0.0205016233844  0.012670579572  0.00704165163089  0.0035414695061  0.00162162404383  0.000679858519906  0.000262321934671  9.35927363962e-05  3.10021769565e-05  9.53445069261e-06  2.57739629022e-06  
0.0115610369491  0.0101959933158  0.00795136323523  0.00550863686602  0.00340996471189  0.00189789707003  0.000955714636429  0.000438046965036  0.000183775062728  7.09371856813e-05  2.53124301594e-05  8.38354068632e-06  2.57739629022e-06  6.96415967804e-07  
