1000.0  482.918802569  214.251571241  84.5753823735  29.3975563831  9.00157807171  2.44080523932  0.590172905785  0.12818121989  0.0251830604222  0.00450441788392  0.000737833989969  0.000111238600784  1.52772779083e-05  
482.918802569  295.52640812  145.111997275  60.1543840975  21.4526633811  6.66359651612  1.82193492778  0.442694351975  0.0964221027221  0.0189721465975  0.00339563715979  0.000556226277632  8.38241156152e-05  1.15041112813e-05  
214.251571241  145.111997275  76.3383255783  33.0071115064  12.0759622808  3.81004568518  1.0517196188  0.257014661339  0.0561611733895  0.0110675710647  0.00198164083251  0.000324457299178  4.88436345861e-05  6.69339509096e-06  
84.5753823735  60.1543840975  33.0071115064  14.698444402  5.48310205473  1.75165894104  0.487291710172  0.119626300402  0.0262013086382  0.00516745457637  0.000924897658291  0.000151253246513  2.27277633358e-05  3.10754934622e-06  
29.3975563831  21.4526633811  12.0759622808  5.48310205473  2.07308551791  0.668108621692  0.18685624789  0.0460037659007  0.0100869195115  0.00198887424528  0.000355540885525  5.80280073584e-05  8.69706602383e-06  1.18566046494e-06  
9.00157807171  6.66359651612  3.81004568518  1.75165894104  0.668108621692  0.216525979825  0.0607480152007  0.0149749893278  0.00328296289144  0.000646518958715  0.000115337203042  1.87733294114e-05  2.80464165715e-06  3.81010433481e-07  
2.44080523932  1.82193492778  1.0517196188  0.487291710172  0.18685624789  0.0607480152007  0.017065907627  0.00420647921121  0.000921061720388  0.000181006966835  3.22014246396e-05  5.22395051087e-06  7.7748979789e-07  1.05199001653e-07  
0.590172905785  0.442694351975  0.257014661339  0.119626300402  0.0460037659007  0.0149749893278  0.00420647921121  0.00103557229365  0.000226274640679  4.43422714325e-05  7.86182193643e-06  1.27048328232e-06  1.8828694478e-07  2.53637928195e-08  
0.12818121989  0.0964221027221  0.0561611733895  0.0262013086382  0.0100869195115  0.00328296289144  0.000921061720388  0.000226274640679  4.93017030188e-05  9.62847411747e-06  1.70045540484e-06  2.73614332441e-07  4.03620860199e-08  5.41118453033e-09  
0.0251830604222  0.0189721465975  0.0110675710647  0.00516745457637  0.00198887424528  0.000646518958715  0.000181006966835  4.43422714325e-05  9.62847411747e-06  1.87305047272e-06  3.29361685986e-07  5.27485939977e-08  7.74253601314e-09  1.03275437376e-09  
0.00450441788392  0.00339563715979  0.00198164083251  0.000924897658291  0.000355540885525  0.000115337203042  3.22014246396e-05  7.86182193643e-06  1.70045540484e-06  3.29361685986e-07  5.76441614439e-08  9.18582988359e-09  1.34123103792e-09  1.77951202414e-10  
0.000737833989969  0.000556226277632  0.000324457299178  0.000151253246513  5.80280073584e-05  1.87733294114e-05  5.22395051087e-06  1.27048328232e-06  2.73614332441e-07  5.27485939977e-08  9.18582988359e-09  1.45608828303e-09  2.11435598401e-10  2.78972875435e-11  
0.000111238600784  8.38241156152e-05  4.88436345861e-05  2.27277633358e-05  8.69706602383e-06  2.80464165715e-06  7.7748979789e-07  1.8828694478e-07  4.03620860199e-08  7.74253601314e-09  1.34123103792e-09  2.11435598401e-10  3.05268367386e-11  4.0046894944e-12  
1.52772779083e-05  1.15041112813e-05  6.69339509096e-06  3.10754934622e-06  1.18566046494e-06  3.81010433481e-07  1.05199001653e-07  2.53637928195e-08  5.41118453033e-09  1.03275437376e-09  1.77951202414e-10  2.78972875435e-11  4.0046894944e-12  5.22341947296e-13  
