1000.0  644.151955467  433.516634808  295.392089605  200.254170194  133.721200081  87.4185407794  55.7283653253  34.548574974  20.7822626973  12.0939652099  6.75573372722  3.51810068566  1.48647192739  
644.151955467  505.197876848  370.507730829  263.270516601  182.558741055  123.537827889  81.4446231971  52.2145276032  32.4990510054  19.6059741418  11.4340267537  6.39740593845  3.3353969925  1.4103101542  
433.516634808  370.507730829  290.343945462  215.666391601  153.985579551  106.265680361  71.0111517204  45.9645626598  28.809921781  17.4714249239  10.2296240085  5.74077889705  2.99964183596  1.2701028461  
295.392089605  263.270516601  215.666391601  166.134508769  121.953062939  85.9154133862  58.3014833447  38.1759094447  24.1390357375  14.7380496666  8.67457971295  4.88785479581  2.56163926232  1.08671190493  
200.254170194  182.558741055  153.985579551  121.953062939  91.6517657874  65.8104527028  45.3399343243  30.0461774338  19.1793176325  11.7983123337  6.98596225762  3.95494424402  2.0800460944  0.88440699291  
133.721200081  123.537827889  106.265680361  85.9154133862  65.8104527028  48.0421554267  33.5607414983  22.496624081  14.4959012018  8.9861187175  5.35425052441  3.04644651099  1.60836276038  0.685544319387  
87.4185407794  81.4446231971  71.0111517204  58.3014833447  45.3399343243  33.5607414983  23.732068835  16.0756669711  10.450818831  6.52701710953  3.91324375295  2.23785244151  1.18608667277  0.506843000154  
55.7283653253  52.2145276032  45.9645626598  38.1759094447  30.0461774338  22.496624081  16.0756669711  10.9910574306  7.20343899217  4.53036272422  2.73229969264  1.57020865817  0.835424237814  0.357897713645  
34.548574974  32.4990510054  28.809921781  24.1390357375  19.1793176325  14.4959012018  10.450818831  7.20343899217  4.75537237891  3.00983076237  1.8252787572  1.05383333717  0.56274277655  0.241665157128  
20.7822626973  19.6059741418  17.4714249239  14.7380496666  11.7983123337  8.9861187175  6.52701710953  4.53036272422  3.00983076237  1.91591421074  1.16772472547  0.677081262936  0.362792885039  0.15615281233  
12.0939652099  11.4340267537  10.2296240085  8.67457971295  6.98596225762  5.35425052441  3.91324375295  2.73229969264  1.8252787572  1.16772472547  0.714901152583  0.416122857011  0.223658780761  0.0964672695796  
6.75573372722  6.39740593845  5.74077889705  4.88785479581  3.95494424402  3.04644651099  2.23785244151  1.57020865817  1.05383333717  0.677081262936  0.416122857011  0.243028279234  0.130979348574  0.0565969490532  
3.51810068566  3.3353969925  2.99964183596  2.56163926232  2.0800460944  1.60836276038  1.18608667277  0.835424237814  0.56274277655  0.362792885039  0.223658780761  0.130979348574  0.070747416372  0.0306161808738  
1.48647192739  1.4103101542  1.2701028461  1.08671190493  0.88440699291  0.685544319387  0.506843000154  0.357897713645  0.241665157128  0.15615281233  0.0964672695796  0.0565969490532  0.0306161808738  0.0132627020557  
