1000.0  644.92907589  434.696798447  296.7422481  201.610841183  134.971787024  88.4950703633  56.6014595626  35.2189803243  21.270750413  12.4313758145  6.97465474142  3.64688876477  1.54556544694  
644.92907589  506.256890213  371.786973753  264.643004448  183.903668106  124.762755301  82.4920708435  53.0605804754  33.1469468709  20.077175138  11.7590555084  6.60808418473  3.45924939503  1.46711482079  
434.696798447  371.786973753  291.707426282  217.042614836  155.292240837  107.43482479  72.0001820001  46.7578605328  29.4145116658  17.909624184  10.5311262818  5.93584293644  3.11416297369  1.32258513807  
296.7422481  264.643004448  217.042614836  167.465710913  123.18247424  86.9957416178  59.2043603363  38.8940220045  24.6830158879  15.1305538118  8.9437287741  5.06154378076  2.66342439886  1.13330489642  
201.610841183  183.903668106  155.292240837  123.18247424  92.7631474959  66.7717161974  46.1339863972  30.6722771513  19.6504941894  12.1365753906  7.21701129458  4.10359840893  2.16696921178  0.924142408506  
134.971787024  124.762755301  107.43482479  86.9957416178  66.7717161974  48.8628504984  34.2316922284  23.0213406491  14.8882205274  9.26631129961  5.54484319569  3.16867258392  1.67965985921  0.718087017309  
88.4950703633  82.4920708435  72.0001820001  59.2043603363  46.1339863972  34.2316922284  24.2757780169  16.4977498282  10.7644770106  6.74990070695  4.06422534348  2.33435342839  1.24223617729  0.532430731703  
56.6014595626  53.0605804754  46.7578605328  38.8940220045  30.6722771513  23.0213406491  16.4977498282  11.3166129338  7.44402302799  4.70050983504  2.84709638979  1.64334067748  0.877869162969  0.377208804866  
35.2189803243  33.1469468709  29.4145116658  24.6830158879  19.6504941894  14.8882205274  10.7644770106  7.44402302799  4.93228267703  3.13440169122  1.90900937508  1.10700636343  0.593528006736  0.255649111473  
21.270750413  20.077175138  17.909624184  15.1305538118  12.1365753906  9.26631129961  6.74990070695  4.70050983504  3.13440169122  2.00328638658  1.22624858448  0.714136921794  0.384196688741  0.16586043496  
12.4313758145  11.7590555084  10.5311262818  8.9437287741  7.21701129458  5.54484319569  4.06422534348  2.84709638979  1.90900937508  1.22624858448  0.753979459069  0.440799263531  0.237881380455  0.102908654418  
6.97465474142  6.60808418473  5.93584293644  5.06154378076  4.10359840893  3.16867258392  2.33435342839  1.64334067748  1.10700636343  0.714136921794  0.440799263531  0.258573475999  0.13992186543  0.0606418159017  
3.64688876477  3.45924939503  3.11416297369  2.66342439886  2.16696921178  1.67965985921  1.24223617729  0.877869162969  0.593528006736  0.384196688741  0.237881380455  0.13992186543  0.0758836430827  0.0329369558749  
1.54556544694  1.46711482079  1.32258513807  1.13330489642  0.924142408506  0.718087017309  0.532430731703  0.377208804866  0.255649111473  0.16586043496  0.102908654418  0.0606418159017  0.0329369558749  0.014310590146  
