1000.0  621.077007824  398.844638266  256.45509757  162.149222989  99.7679104382  59.3638329503  34.0270012374  18.7430544945  9.90597401623  5.01662317749  2.42608584255  1.10069713732  0.417877230952  
621.077007824  473.894172806  333.130351966  223.930952454  145.02872324  90.5045412615  54.3343957694  31.3299788771  17.3291536115  9.18613795932  4.66239250344  2.25852986015  1.02593837692  0.389808039196  
398.844638266  333.130351966  250.995504718  176.728530896  118.008942912  75.1649135057  45.7639261599  26.651298265  14.8476573647  7.91274620788  4.03226606221  1.95927791291  0.892038938775  0.33944196494  
256.45509757  223.930952454  176.728530896  129.225500983  88.7925141829  57.7674721636  35.728091589  21.0520529681  11.832513469  6.34868711497  3.25218753783  1.58665365197  0.724603028303  0.276288983298  
162.149222989  145.02872324  118.008942912  88.7925141829  62.4947402268  41.4511361208  26.0300637993  15.5218819863  8.80635123811  4.76003062648  2.45267254969  1.20212995836  0.55094329285  0.210571171587  
99.7679104382  90.5045412615  75.1649135057  57.7674721636  41.4511361208  27.9520812122  17.7959413431  10.7317794572  6.14453653322  3.34593417472  1.7344041741  0.85419455325  0.39295320084  0.150567944723  
59.3638329503  54.3343957694  45.7639261599  35.728091589  26.0300637993  17.7959413431  11.4658090542  6.98466951014  4.03310166693  2.21168318783  1.15314081906  0.570632806997  0.263493397379  0.101221095263  
34.0270012374  31.3299788771  26.651298265  21.0520529681  15.5218819863  10.7317794572  6.98466951014  4.29266250308  2.49758428158  1.37850555335  0.722654519169  0.359226994  0.1664744112  0.0641096865069  
18.7430544945  17.3291536115  14.8476573647  11.832513469  8.80635123811  6.14453653322  4.03310166693  2.49758428158  1.46289995827  0.812113473876  0.427850220766  0.213571810743  0.0993079053815  0.0383327869656  
9.90597401623  9.18613795932  7.91274620788  6.34868711497  4.76003062648  3.34593417472  2.21168318783  1.37850555335  0.812113473876  0.453141384588  0.239791114129  0.120150623384  0.0560402397952  0.0216777660735  
5.01662317749  4.66239250344  4.03226606221  3.25218753783  2.45267254969  1.7344041741  1.15314081906  0.722654519169  0.427850220766  0.239791114129  0.12738694088  0.064043589118  0.0299532651731  0.0116089735424  
2.42608584255  2.25852986015  1.95927791291  1.58665365197  1.20212995836  0.85419455325  0.570632806997  0.359226994  0.213571810743  0.120150623384  0.064043589118  0.0322918268646  0.0151392793049  0.0058774326497  
1.10069713732  1.02593837692  0.892038938775  0.724603028303  0.55094329285  0.39295320084  0.263493397379  0.1664744112  0.0993079053815  0.0560402397952  0.0299532651731  0.0151392793049  0.00711185158346  0.00276486472009  
0.417877230952  0.389808039196  0.33944196494  0.276288983298  0.210571171587  0.150567944723  0.101221095263  0.0641096865069  0.0383327869656  0.0216777660735  0.0116089735424  0.0058774326497  0.00276486472009  0.00107595526006  
