0.27860186073  0.581042679549  0.929812024639  1.34446458305  1.8396379821  2.42266122813  3.090950762  3.82963670191  4.61009246309  5.3901744002  6.11690636884  6.73196373835  7.17958927467  7.41563704599  7.41563704599  7.17958927467  6.73196373835  6.11690636884  5.3901744002  4.61009246309  3.82963670191  3.090950762  2.42266122813  1.8396379821  1.34446458305  0.929812024639  0.581042679549  0.27860186073  
0.581042679549  1.21258559284  1.94242664486  2.81243714835  3.85444659616  5.08517044985  6.50055369691  8.07043456508  9.73496284255  11.4045682619  12.9652236995  14.2900171317  15.2564809365  15.7669223564  15.7669223564  15.2564809365  14.2900171317  12.9652236995  11.4045682619  9.73496284255  8.07043456508  6.50055369691  5.08517044985  3.85444659616  2.81243714835  1.94242664486  1.21258559284  0.581042679549  
0.929812024639  1.94242664486  3.11662526407  4.52223998243  6.21364198652  8.2214351178  10.5428400405  13.1321445102  15.8935636598  18.6796556607  21.2986543015  23.5331470637  25.1699395059  26.0367412548  26.0367412548  25.1699395059  23.5331470637  21.2986543015  18.6796556607  15.8935636598  13.1321445102  10.5428400405  8.2214351178  6.21364198652  4.52223998243  3.11662526407  1.94242664486  0.929812024639  
1.34446458305  2.81243714835  4.52223998243  6.58038774063  9.07239157233  12.0504705374  15.5186212406  19.4168237112  23.6077662864  27.8710826762  31.9111034829  35.3834855089  37.9424657189  39.3030939797  39.3030939797  37.9424657189  35.3834855089  31.9111034829  27.8710826762  23.6077662864  19.4168237112  15.5186212406  12.0504705374  9.07239157233  6.58038774063  4.52223998243  2.81243714835  1.34446458305  
1.8396379821  3.85444659616  6.21364198652  9.07239157233  12.5597782176  16.7617452764  21.6991465694  27.3028148817  33.3900041268  39.6495101437  45.6455635214  50.8515556766  54.7208640916  56.7901225932  56.7901225932  54.7208640916  50.8515556766  45.6455635214  39.6495101437  33.3900041268  27.3028148817  21.6991465694  16.7617452764  12.5597782176  9.07239157233  6.21364198652  3.85444659616  1.8396379821  
2.42266122813  5.08517044985  8.2214351178  12.0504705374  16.7617452764  22.4928458183  29.2987579354  37.1141742179  45.7135574755  54.6785352824  63.3883318665  71.0544237936  76.8200627785  79.9291840549  79.9291840549  76.8200627785  71.0544237936  63.3883318665  54.6785352824  45.7135574755  37.1141742179  29.2987579354  22.4928458183  16.7617452764  12.0504705374  8.2214351178  5.08517044985  2.42266122813  
3.090950762  6.50055369691  10.5428400405  15.5186212406  21.6991465694  29.2987579354  38.4342945329  49.0709631351  60.9581341737  73.5653432374  86.0400338702  97.2238542517  105.776647566  110.445580792  110.445580792  105.776647566  97.2238542517  86.0400338702  73.5653432374  60.9581341737  49.0709631351  38.4342945329  29.2987579354  21.6991465694  15.5186212406  10.5428400405  6.50055369691  3.090950762  
3.82963670191  8.07043456508  13.1321445102  19.4168237112  27.3028148817  37.1141742179  49.0709631351  63.2166817911  79.3218229504  96.769738449  114.447570979  130.696845725  143.424542185  150.504104236  150.504104236  143.424542185  130.696845725  114.447570979  96.769738449  79.3218229504  63.2166817911  49.0709631351  37.1141742179  27.3028148817  19.4168237112  13.1321445102  8.07043456508  3.82963670191  
4.61009246309  9.73496284255  15.8935636598  23.6077662864  33.3900041268  45.7135574755  60.9581341737  79.3218229504  100.689278914  124.448509074  149.264219601  172.86459184  192.010080494  202.984638782  202.984638782  192.010080494  172.86459184  149.264219601  124.448509074  100.689278914  79.3218229504  60.9581341737  45.7135574755  33.3900041268  23.6077662864  15.8935636598  9.73496284255  4.61009246309  
5.3901744002  11.4045682619  18.6796556607  27.8710826762  39.6495101437  54.6785352824  73.5653432374  96.769738449  124.448509074  156.200253799  190.669813979  225.007279778  254.355451739  272.050396657  272.050396657  254.355451739  225.007279778  190.669813979  156.200253799  124.448509074  96.769738449  73.5653432374  54.6785352824  39.6495101437  27.8710826762  18.6796556607  11.4045682619  5.3901744002  
6.11690636884  12.9652236995  21.2986543015  31.9111034829  45.6455635214  63.3883318665  86.0400338702  114.447570979  149.264219601  190.669813979  237.819159158  287.807674144  333.998756016  364.414420132  364.414420132  333.998756016  287.807674144  237.819159158  190.669813979  149.264219601  114.447570979  86.0400338702  63.3883318665  45.6455635214  31.9111034829  21.2986543015  12.9652236995  6.11690636884  
6.73196373835  14.2900171317  23.5331470637  35.3834855089  50.8515556766  71.0544237936  97.2238542517  130.696845725  172.86459184  225.007279778  287.807674144  359.992670474  434.816132374  492.426275388  492.426275388  434.816132374  359.992670474  287.807674144  225.007279778  172.86459184  130.696845725  97.2238542517  71.0544237936  50.8515556766  35.3834855089  23.5331470637  14.2900171317  6.73196373835  
7.17958927467  15.2564809365  25.1699395059  37.9424657189  54.7208640916  76.8200627785  105.776647566  143.424542185  192.010080494  254.355451739  333.998756016  434.816132374  557.652284988  682.423188571  682.423188571  557.652284988  434.816132374  333.998756016  254.355451739  192.010080494  143.424542185  105.776647566  76.8200627785  54.7208640916  37.9424657189  25.1699395059  15.2564809365  7.17958927467  
7.41563704599  15.7669223564  26.0367412548  39.3030939797  56.7901225932  79.9291840549  110.445580792  150.504104236  202.984638782  272.050396657  364.414420132  492.426275388  682.423188571  1000.0  1000.0  682.423188571  492.426275388  364.414420132  272.050396657  202.984638782  150.504104236  110.445580792  79.9291840549  56.7901225932  39.3030939797  26.0367412548  15.7669223564  7.41563704599  
7.41563704599  15.7669223564  26.0367412548  39.3030939797  56.7901225932  79.9291840549  110.445580792  150.504104236  202.984638782  272.050396657  364.414420132  492.426275388  682.423188571  1000.0  1000.0  682.423188571  492.426275388  364.414420132  272.050396657  202.984638782  150.504104236  110.445580792  79.9291840549  56.7901225932  39.3030939797  26.0367412548  15.7669223564  7.41563704599  
7.17958927467  15.2564809365  25.1699395059  37.9424657189  54.7208640916  76.8200627785  105.776647566  143.424542185  192.010080494  254.355451739  333.998756016  434.816132374  557.652284988  682.423188571  682.423188571  557.652284988  434.816132374  333.998756016  254.355451739  192.010080494  143.424542185  105.776647566  76.8200627785  54.7208640916  37.9424657189  25.1699395059  15.2564809365  7.17958927467  
6.73196373835  14.2900171317  23.5331470637  35.3834855089  50.8515556766  71.0544237936  97.2238542517  130.696845725  172.86459184  225.007279778  287.807674144  359.992670474  434.816132374  492.426275388  492.426275388  434.816132374  359.992670474  287.807674144  225.007279778  172.86459184  130.696845725  97.2238542517  71.0544237936  50.8515556766  35.3834855089  23.5331470637  14.2900171317  6.73196373835  
6.11690636884  12.9652236995  21.2986543015  31.9111034829  45.6455635214  63.3883318665  86.0400338702  114.447570979  149.264219601  190.669813979  237.819159158  287.807674144  333.998756016  364.414420132  364.414420132  333.998756016  287.807674144  237.819159158  190.669813979  149.264219601  114.447570979  86.0400338702  63.3883318665  45.6455635214  31.9111034829  21.2986543015  12.9652236995  6.11690636884  
5.3901744002  11.4045682619  18.6796556607  27.8710826762  39.6495101437  54.6785352824  73.5653432374  96.769738449  124.448509074  156.200253799  190.669813979  225.007279778  254.355451739  272.050396657  272.050396657  254.355451739  225.007279778  190.669813979  156.200253799  124.448509074  96.769738449  73.5653432374  54.6785352824  39.6495101437  27.8710826762  18.6796556607  11.4045682619  5.3901744002  
4.61009246309  9.73496284255  15.8935636598  23.6077662864  33.3900041268  45.7135574755  60.9581341737  79.3218229504  100.689278914  124.448509074  149.264219601  172.86459184  192.010080494  202.984638782  202.984638782  192.010080494  172.86459184  149.264219601  124.448509074  100.689278914  79.3218229504  60.9581341737  45.7135574755  33.3900041268  23.6077662864  15.8935636598  9.73496284255  4.61009246309  
3.82963670191  8.07043456508  13.1321445102  19.4168237112  27.3028148817  37.1141742179  49.0709631351  63.2166817911  79.3218229504  96.769738449  114.447570979  130.696845725  143.424542185  150.504104236  150.504104236  143.424542185  130.696845725  114.447570979  96.769738449  79.3218229504  63.2166817911  49.0709631351  37.1141742179  27.3028148817  19.4168237112  13.1321445102  8.07043456508  3.82963670191  
3.090950762  6.50055369691  10.5428400405  15.5186212406  21.6991465694  29.2987579354  38.4342945329  49.0709631351  60.9581341737  73.5653432374  86.0400338702  97.2238542517  105.776647566  110.445580792  110.445580792  105.776647566  97.2238542517  86.0400338702  73.5653432374  60.9581341737  49.0709631351  38.4342945329  29.2987579354  21.6991465694  15.5186212406  10.5428400405  6.50055369691  3.090950762  
2.42266122813  5.08517044985  8.2214351178  12.0504705374  16.7617452764  22.4928458183  29.2987579354  37.1141742179  45.7135574755  54.6785352824  63.3883318665  71.0544237936  76.8200627785  79.9291840549  79.9291840549  76.8200627785  71.0544237936  63.3883318665  54.6785352824  45.7135574755  37.1141742179  29.2987579354  22.4928458183  16.7617452764  12.0504705374  8.2214351178  5.08517044985  2.42266122813  
1.8396379821  3.85444659616  6.21364198652  9.07239157233  12.5597782176  16.7617452764  21.6991465694  27.3028148817  33.3900041268  39.6495101437  45.6455635214  50.8515556766  54.7208640916  56.7901225932  56.7901225932  54.7208640916  50.8515556766  45.6455635214  39.6495101437  33.3900041268  27.3028148817  21.6991465694  16.7617452764  12.5597782176  9.07239157233  6.21364198652  3.85444659616  1.8396379821  
1.34446458305  2.81243714835  4.52223998243  6.58038774063  9.07239157233  12.0504705374  15.5186212406  19.4168237112  23.6077662864  27.8710826762  31.9111034829  35.3834855089  37.9424657189  39.3030939797  39.3030939797  37.9424657189  35.3834855089  31.9111034829  27.8710826762  23.6077662864  19.4168237112  15.5186212406  12.0504705374  9.07239157233  6.58038774063  4.52223998243  2.81243714835  1.34446458305  
0.929812024639  1.94242664486  3.11662526407  4.52223998243  6.21364198652  8.2214351178  10.5428400405  13.1321445102  15.8935636598  18.6796556607  21.2986543015  23.5331470637  25.1699395059  26.0367412548  26.0367412548  25.1699395059  23.5331470637  21.2986543015  18.6796556607  15.8935636598  13.1321445102  10.5428400405  8.2214351178  6.21364198652  4.52223998243  3.11662526407  1.94242664486  0.929812024639  
0.581042679549  1.21258559284  1.94242664486  2.81243714835  3.85444659616  5.08517044985  6.50055369691  8.07043456508  9.73496284255  11.4045682619  12.9652236995  14.2900171317  15.2564809365  15.7669223564  15.7669223564  15.2564809365  14.2900171317  12.9652236995  11.4045682619  9.73496284255  8.07043456508  6.50055369691  5.08517044985  3.85444659616  2.81243714835  1.94242664486  1.21258559284  0.581042679549  
0.27860186073  0.581042679549  0.929812024639  1.34446458305  1.8396379821  2.42266122813  3.090950762  3.82963670191  4.61009246309  5.3901744002  6.11690636884  6.73196373835  7.17958927467  7.41563704599  7.41563704599  7.17958927467  6.73196373835  6.11690636884  5.3901744002  4.61009246309  3.82963670191  3.090950762  2.42266122813  1.8396379821  1.34446458305  0.929812024639  0.581042679549  0.27860186073  
