0.0903110841164  0.194637304011  0.32689110886  0.500466094771  0.727252813676  1.01595848629  1.36980480387  1.7839479136  2.24325915543  2.72133306438  3.18161651944  3.58124101046  3.87742649359  4.03533226983  4.03533226983  3.87742649359  3.58124101046  3.18161651944  2.72133306438  2.24325915543  1.7839479136  1.36980480387  1.01595848629  0.727252813676  0.500466094771  0.32689110886  0.194637304011  0.0903110841164  
0.194637304011  0.419826974121  0.705995437206  1.08262791703  1.57619402771  2.20650526888  2.98162283601  3.89202242034  4.90539323396  5.96401399841  6.98680902407  7.87759559632  8.53946864109  8.89291196789  8.89291196789  8.53946864109  7.87759559632  6.98680902407  5.96401399841  4.90539323396  3.89202242034  2.98162283601  2.20650526888  1.57619402771  1.08262791703  0.705995437206  0.419826974121  0.194637304011  
0.32689110886  0.705995437206  1.18957252059  1.82878500143  2.67035584154  3.75041929491  5.08564680136  6.66272349568  8.42846261877  10.2839942733  12.0870344795  13.66552664  14.8433197084  15.4740101398  15.4740101398  14.8433197084  13.66552664  12.0870344795  10.2839942733  8.42846261877  6.66272349568  5.08564680136  3.75041929491  2.67035584154  1.82878500143  1.18957252059  0.705995437206  0.32689110886  
0.500466094771  1.08262791703  1.82878500143  2.82057326587  4.13418387831  5.83096371212  7.94326392871  10.4569042094  13.2936097452  16.2989338222  19.2427409356  21.839018995  23.7880591025  24.8359955886  24.8359955886  23.7880591025  21.839018995  19.2427409356  16.2989338222  13.2936097452  10.4569042094  7.94326392871  5.83096371212  4.13418387831  2.82057326587  1.82878500143  1.08262791703  0.500466094771  
0.727252813676  1.57619402771  2.67035584154  4.13418387831  6.08680477101  8.6285859432  11.8198018802  15.6527773833  20.0218946578  24.699620993  29.3303540831  33.4553859955  36.5783120385  38.2671268871  38.2671268871  36.5783120385  33.4553859955  29.3303540831  24.699620993  20.0218946578  15.6527773833  11.8198018802  8.6285859432  6.08680477101  4.13418387831  2.67035584154  1.57619402771  0.727252813676  
1.01595848629  2.20650526888  3.75041929491  5.83096371212  8.6285859432  12.3029126114  16.9622381793  22.6211936785  29.1514125966  36.2360433314  43.3463925009  49.7654079345  54.682084396  57.3629398853  57.3629398853  54.682084396  49.7654079345  43.3463925009  36.2360433314  29.1514125966  22.6211936785  16.9622381793  12.3029126114  8.6285859432  5.83096371212  3.75041929491  2.20650526888  1.01595848629  
1.36980480387  2.98162283601  5.08564680136  7.94326392871  11.8198018802  16.9622381793  23.558157047  31.6746796688  41.1809015407  51.665816707  62.3769120131  72.2216289683  79.8867923819  84.1172718814  84.1172718814  79.8867923819  72.2216289683  62.3769120131  51.665816707  41.1809015407  31.6746796688  23.558157047  16.9622381793  11.8198018802  7.94326392871  5.08564680136  2.98162283601  1.36980480387  
1.7839479136  3.89202242034  6.66272349568  10.4569042094  15.6527773833  22.6211936785  31.6746796688  42.9851272237  56.468990187  71.648098601  87.5134719616  102.45442627  114.364053279  121.060253928  121.060253928  114.364053279  102.45442627  87.5134719616  71.648098601  56.468990187  42.9851272237  31.6746796688  22.6211936785  15.6527773833  10.4569042094  6.66272349568  3.89202242034  1.7839479136  
2.24325915543  4.90539323396  8.42846261877  13.2936097452  20.0218946578  29.1514125966  41.1809015407  56.468990187  75.0783251972  96.5585233368  119.68071227  142.190000089  160.760638027  171.517522854  171.517522854  160.760638027  142.190000089  119.68071227  96.5585233368  75.0783251972  56.468990187  41.1809015407  29.1514125966  20.0218946578  13.2936097452  8.42846261877  4.90539323396  2.24325915543  
2.72133306438  5.96401399841  10.2839942733  16.2989338222  24.699620993  36.2360433314  51.665816707  71.648098601  96.5585233368  126.190651961  159.306054298  193.035808561  222.326786927  240.1635538  240.1635538  222.326786927  193.035808561  159.306054298  126.190651961  96.5585233368  71.648098601  51.665816707  36.2360433314  24.699620993  16.2989338222  10.2839942733  5.96401399841  2.72133306438  
3.18161651944  6.98680902407  12.0870344795  19.2427409356  29.3303540831  43.3463925009  62.3769120131  87.5134719616  119.68071227  159.306054298  205.698082381  255.920436336  303.010632101  334.30012948  334.30012948  303.010632101  255.920436336  205.698082381  159.306054298  119.68071227  87.5134719616  62.3769120131  43.3463925009  29.3303540831  19.2427409356  12.0870344795  6.98680902407  3.18161651944  
3.58124101046  7.87759559632  13.66552664  21.839018995  33.4553859955  49.7654079345  72.2216289683  102.45442627  142.190000089  193.035808561  255.920436336  329.616325861  407.004206145  467.044917497  467.044917497  407.004206145  329.616325861  255.920436336  193.035808561  142.190000089  102.45442627  72.2216289683  49.7654079345  33.4553859955  21.839018995  13.66552664  7.87759559632  3.58124101046  
3.87742649359  8.53946864109  14.8433197084  23.7880591025  36.5783120385  54.682084396  79.8867923819  114.364053279  160.760638027  222.326786927  303.010632101  407.004206145  535.145077939  666.052378961  666.052378961  535.145077939  407.004206145  303.010632101  222.326786927  160.760638027  114.364053279  79.8867923819  54.682084396  36.5783120385  23.7880591025  14.8433197084  8.53946864109  3.87742649359  
4.03533226983  8.89291196789  15.4740101398  24.8359955886  38.2671268871  57.3629398853  84.1172718814  121.060253928  171.517522854  240.1635538  334.30012948  467.044917497  666.052378961  1000.0  1000.0  666.052378961  467.044917497  334.30012948  240.1635538  171.517522854  121.060253928  84.1172718814  57.3629398853  38.2671268871  24.8359955886  15.4740101398  8.89291196789  4.03533226983  
4.03533226983  8.89291196789  15.4740101398  24.8359955886  38.2671268871  57.3629398853  84.1172718814  121.060253928  171.517522854  240.1635538  334.30012948  467.044917497  666.052378961  1000.0  1000.0  666.052378961  467.044917497  334.30012948  240.1635538  171.517522854  121.060253928  84.1172718814  57.3629398853  38.2671268871  24.8359955886  15.4740101398  8.89291196789  4.03533226983  
3.87742649359  8.53946864109  14.8433197084  23.7880591025  36.5783120385  54.682084396  79.8867923819  114.364053279  160.760638027  222.326786927  303.010632101  407.004206145  535.145077939  666.052378961  666.052378961  535.145077939  407.004206145  303.010632101  222.326786927  160.760638027  114.364053279  79.8867923819  54.682084396  36.5783120385  23.7880591025  14.8433197084  8.53946864109  3.87742649359  
3.58124101046  7.87759559632  13.66552664  21.839018995  33.4553859955  49.7654079345  72.2216289683  102.45442627  142.190000089  193.035808561  255.920436336  329.616325861  407.004206145  467.044917497  467.044917497  407.004206145  329.616325861  255.920436336  193.035808561  142.190000089  102.45442627  72.2216289683  49.7654079345  33.4553859955  21.839018995  13.66552664  7.87759559632  3.58124101046  
3.18161651944  6.98680902407  12.0870344795  19.2427409356  29.3303540831  43.3463925009  62.3769120131  87.5134719616  119.68071227  159.306054298  205.698082381  255.920436336  303.010632101  334.30012948  334.30012948  303.010632101  255.920436336  205.698082381  159.306054298  119.68071227  87.5134719616  62.3769120131  43.3463925009  29.3303540831  19.2427409356  12.0870344795  6.98680902407  3.18161651944  
2.72133306438  5.96401399841  10.2839942733  16.2989338222  24.699620993  36.2360433314  51.665816707  71.648098601  96.5585233368  126.190651961  159.306054298  193.035808561  222.326786927  240.1635538  240.1635538  222.326786927  193.035808561  159.306054298  126.190651961  96.5585233368  71.648098601  51.665816707  36.2360433314  24.699620993  16.2989338222  10.2839942733  5.96401399841  2.72133306438  
2.24325915543  4.90539323396  8.42846261877  13.2936097452  20.0218946578  29.1514125966  41.1809015407  56.468990187  75.0783251972  96.5585233368  119.68071227  142.190000089  160.760638027  171.517522854  171.517522854  160.760638027  142.190000089  119.68071227  96.5585233368  75.0783251972  56.468990187  41.1809015407  29.1514125966  20.0218946578  13.2936097452  8.42846261877  4.90539323396  2.24325915543  
1.7839479136  3.89202242034  6.66272349568  10.4569042094  15.6527773833  22.6211936785  31.6746796688  42.9851272237  56.468990187  71.648098601  87.5134719616  102.45442627  114.364053279  121.060253928  121.060253928  114.364053279  102.45442627  87.5134719616  71.648098601  56.468990187  42.9851272237  31.6746796688  22.6211936785  15.6527773833  10.4569042094  6.66272349568  3.89202242034  1.7839479136  
1.36980480387  2.98162283601  5.08564680136  7.94326392871  11.8198018802  16.9622381793  23.558157047  31.6746796688  41.1809015407  51.665816707  62.3769120131  72.2216289683  79.8867923819  84.1172718814  84.1172718814  79.8867923819  72.2216289683  62.3769120131  51.665816707  41.1809015407  31.6746796688  23.558157047  16.9622381793  11.8198018802  7.94326392871  5.08564680136  2.98162283601  1.36980480387  
1.01595848629  2.20650526888  3.75041929491  5.83096371212  8.6285859432  12.3029126114  16.9622381793  22.6211936785  29.1514125966  36.2360433314  43.3463925009  49.7654079345  54.682084396  57.3629398853  57.3629398853  54.682084396  49.7654079345  43.3463925009  36.2360433314  29.1514125966  22.6211936785  16.9622381793  12.3029126114  8.6285859432  5.83096371212  3.75041929491  2.20650526888  1.01595848629  
0.727252813676  1.57619402771  2.67035584154  4.13418387831  6.08680477101  8.6285859432  11.8198018802  15.6527773833  20.0218946578  24.699620993  29.3303540831  33.4553859955  36.5783120385  38.2671268871  38.2671268871  36.5783120385  33.4553859955  29.3303540831  24.699620993  20.0218946578  15.6527773833  11.8198018802  8.6285859432  6.08680477101  4.13418387831  2.67035584154  1.57619402771  0.727252813676  
0.500466094771  1.08262791703  1.82878500143  2.82057326587  4.13418387831  5.83096371212  7.94326392871  10.4569042094  13.2936097452  16.2989338222  19.2427409356  21.839018995  23.7880591025  24.8359955886  24.8359955886  23.7880591025  21.839018995  19.2427409356  16.2989338222  13.2936097452  10.4569042094  7.94326392871  5.83096371212  4.13418387831  2.82057326587  1.82878500143  1.08262791703  0.500466094771  
0.32689110886  0.705995437206  1.18957252059  1.82878500143  2.67035584154  3.75041929491  5.08564680136  6.66272349568  8.42846261877  10.2839942733  12.0870344795  13.66552664  14.8433197084  15.4740101398  15.4740101398  14.8433197084  13.66552664  12.0870344795  10.2839942733  8.42846261877  6.66272349568  5.08564680136  3.75041929491  2.67035584154  1.82878500143  1.18957252059  0.705995437206  0.32689110886  
0.194637304011  0.419826974121  0.705995437206  1.08262791703  1.57619402771  2.20650526888  2.98162283601  3.89202242034  4.90539323396  5.96401399841  6.98680902407  7.87759559632  8.53946864109  8.89291196789  8.89291196789  8.53946864109  7.87759559632  6.98680902407  5.96401399841  4.90539323396  3.89202242034  2.98162283601  2.20650526888  1.57619402771  1.08262791703  0.705995437206  0.419826974121  0.194637304011  
0.0903110841164  0.194637304011  0.32689110886  0.500466094771  0.727252813676  1.01595848629  1.36980480387  1.7839479136  2.24325915543  2.72133306438  3.18161651944  3.58124101046  3.87742649359  4.03533226983  4.03533226983  3.87742649359  3.58124101046  3.18161651944  2.72133306438  2.24325915543  1.7839479136  1.36980480387  1.01595848629  0.727252813676  0.500466094771  0.32689110886  0.194637304011  0.0903110841164  
