5.28686114923e-15  5.11745537613e-14  4.50842879239e-13  3.62367921126e-12  2.63885752971e-11  1.72673304554e-10  1.00523251157e-09  5.14399623012e-09  2.27958506318e-08  8.58607511972e-08  2.68348435459e-07  6.74580493149e-07  1.30984100041e-06  1.86893266526e-06  1.86893266526e-06  1.30984100041e-06  6.74580493149e-07  2.68348435459e-07  8.58607511972e-08  2.27958506318e-08  5.14399623012e-09  1.00523251157e-09  1.72673304554e-10  2.63885752971e-11  3.62367921126e-12  4.50842879239e-13  5.11745537613e-14  5.28686114923e-15  
5.11745537613e-14  4.91359055878e-13  4.29417158167e-12  3.42454238402e-11  2.47495814472e-10  1.60764367116e-09  9.29339581696e-09  4.72394736738e-08  2.08036758365e-07  7.79081992968e-07  2.42254905384e-06  6.0639000051e-06  1.17368510861e-05  1.67170060212e-05  1.67170060212e-05  1.17368510861e-05  6.0639000051e-06  2.42254905384e-06  7.79081992968e-07  2.08036758365e-07  4.72394736738e-08  9.29339581696e-09  1.60764367116e-09  2.47495814472e-10  3.42454238402e-11  4.29417158167e-12  4.91359055878e-13  5.11745537613e-14  
4.50842879239e-13  4.29417158167e-12  3.72300343529e-11  2.94608578657e-10  2.11323350296e-09  1.36279111312e-08  7.82377693444e-08  3.95109845351e-07  1.72952002463e-06  6.44151326592e-06  1.99343442679e-05  4.97036349748e-05  9.59337516361e-05  0.000136439259228  0.000136439259228  9.59337516361e-05  4.97036349748e-05  1.99343442679e-05  6.44151326592e-06  1.72952002463e-06  3.95109845351e-07  7.82377693444e-08  1.36279111312e-08  2.11323350296e-09  2.94608578657e-10  3.72300343529e-11  4.29417158167e-12  4.50842879239e-13  
3.62367921126e-12  3.42454238402e-11  2.94608578657e-10  2.31381263789e-09  1.64769888334e-08  1.05521600899e-07  6.01820449692e-07  3.02059597071e-06  1.31476616092e-05  4.87227398816e-05  0.000150141592582  0.000373121212008  0.000718581370474  0.00102093880043  0.00102093880043  0.000718581370474  0.000373121212008  0.000150141592582  4.87227398816e-05  1.31476616092e-05  3.02059597071e-06  6.01820449692e-07  1.05521600899e-07  1.64769888334e-08  2.31381263789e-09  2.94608578657e-10  3.42454238402e-11  3.62367921126e-12  
2.63885752971e-11  2.47495814472e-10  2.11323350296e-09  1.64769888334e-08  1.16520665913e-07  7.41293918323e-07  4.20160345668e-06  2.09676272585e-05  9.07961345602e-05  0.000334982558672  0.00102858392625  0.0025496714992  0.00490341332227  0.00696378079081  0.00696378079081  0.00490341332227  0.0025496714992  0.00102858392625  0.000334982558672  9.07961345602e-05  2.09676272585e-05  4.20160345668e-06  7.41293918323e-07  1.16520665913e-07  1.64769888334e-08  2.11323350296e-09  2.47495814472e-10  2.63885752971e-11  
1.72673304554e-10  1.60764367116e-09  1.36279111312e-08  1.05521600899e-07  7.41293918323e-07  4.68672031687e-06  2.64109633048e-05  0.000131114376407  0.000565190833432  0.00207748736289  0.00636185162403  0.015745877169  0.0302722099975  0.0430123631109  0.0430123631109  0.0302722099975  0.015745877169  0.00636185162403  0.00207748736289  0.000565190833432  0.000131114376407  2.64109633048e-05  4.68672031687e-06  7.41293918323e-07  1.05521600899e-07  1.36279111312e-08  1.60764367116e-09  1.72673304554e-10  
1.00523251157e-09  9.29339581696e-09  7.82377693444e-08  6.01820449692e-07  4.20160345668e-06  2.64109633048e-05  0.00014805459664  0.000731635807856  0.00314194971317  0.0115169971731  0.0352139658684  0.0871453160081  0.16774872473  0.23876730012  0.23876730012  0.16774872473  0.0871453160081  0.0352139658684  0.0115169971731  0.00314194971317  0.000731635807856  0.00014805459664  2.64109633048e-05  4.20160345668e-06  6.01820449692e-07  7.82377693444e-08  9.29339581696e-09  1.00523251157e-09  
5.14399623012e-09  4.72394736738e-08  3.95109845351e-07  3.02059597071e-06  2.09676272585e-05  0.000131114376407  0.000731635807856  0.00360179365609  0.0154243850268  0.0564521877498  0.172611211447  0.427955887878  0.826698732591  1.18115808786  1.18115808786  0.826698732591  0.427955887878  0.172611211447  0.0564521877498  0.0154243850268  0.00360179365609  0.000731635807856  0.000131114376407  2.09676272585e-05  3.02059597071e-06  3.95109845351e-07  4.72394736738e-08  5.14399623012e-09  
2.27958506318e-08  2.08036758365e-07  1.72952002463e-06  1.31476616092e-05  9.07961345602e-05  0.000565190833432  0.00314194971317  0.0154243850268  0.0659525379677  0.241408208927  0.739770032215  1.84275042756  3.5848691059  5.15853310475  5.15853310475  3.5848691059  1.84275042756  0.739770032215  0.241408208927  0.0659525379677  0.0154243850268  0.00314194971317  0.000565190833432  9.07961345602e-05  1.31476616092e-05  1.72952002463e-06  2.08036758365e-07  2.27958506318e-08  
8.58607511972e-08  7.79081992968e-07  6.44151326592e-06  4.87227398816e-05  0.000334982558672  0.00207748736289  0.0115169971731  0.0564521877498  0.241408208927  0.885686141349  2.7283906196  6.85735233258  13.5100104849  19.6943196344  19.6943196344  13.5100104849  6.85735233258  2.7283906196  0.885686141349  0.241408208927  0.0564521877498  0.0115169971731  0.00207748736289  0.000334982558672  4.87227398816e-05  6.44151326592e-06  7.79081992968e-07  8.58607511972e-08  
2.68348435459e-07  2.42254905384e-06  1.99343442679e-05  0.000150141592582  0.00102858392625  0.00636185162403  0.0352139658684  0.172611211447  0.739770032215  2.7283906196  8.48548091191  21.6562693972  43.6124502843  65.1227579685  65.1227579685  43.6124502843  21.6562693972  8.48548091191  2.7283906196  0.739770032215  0.172611211447  0.0352139658684  0.00636185162403  0.00102858392625  0.000150141592582  1.99343442679e-05  2.42254905384e-06  2.68348435459e-07  
6.74580493149e-07  6.0639000051e-06  4.97036349748e-05  0.000373121212008  0.0025496714992  0.015745877169  0.0871453160081  0.427955887878  1.84275042756  6.85735233258  21.6562693972  56.6621414146  118.500814818  185.43771383  185.43771383  118.500814818  56.6621414146  21.6562693972  6.85735233258  1.84275042756  0.427955887878  0.0871453160081  0.015745877169  0.0025496714992  0.000373121212008  4.97036349748e-05  6.0639000051e-06  6.74580493149e-07  
1.30984100041e-06  1.17368510861e-05  9.59337516361e-05  0.000718581370474  0.00490341332227  0.0302722099975  0.16774872473  0.826698732591  3.5848691059  13.5100104849  43.6124502843  118.500814818  264.287709889  456.688365922  456.688365922  264.287709889  118.500814818  43.6124502843  13.5100104849  3.5848691059  0.826698732591  0.16774872473  0.0302722099975  0.00490341332227  0.000718581370474  9.59337516361e-05  1.17368510861e-05  1.30984100041e-06  
1.86893266526e-06  1.67170060212e-05  0.000136439259228  0.00102093880043  0.00696378079081  0.0430123631109  0.23876730012  1.18115808786  5.15853310475  19.6943196344  65.1227579685  185.43771383  456.688365922  1000.0  1000.0  456.688365922  185.43771383  65.1227579685  19.6943196344  5.15853310475  1.18115808786  0.23876730012  0.0430123631109  0.00696378079081  0.00102093880043  0.000136439259228  1.67170060212e-05  1.86893266526e-06  
1.86893266526e-06  1.67170060212e-05  0.000136439259228  0.00102093880043  0.00696378079081  0.0430123631109  0.23876730012  1.18115808786  5.15853310475  19.6943196344  65.1227579685  185.43771383  456.688365922  1000.0  1000.0  456.688365922  185.43771383  65.1227579685  19.6943196344  5.15853310475  1.18115808786  0.23876730012  0.0430123631109  0.00696378079081  0.00102093880043  0.000136439259228  1.67170060212e-05  1.86893266526e-06  
1.30984100041e-06  1.17368510861e-05  9.59337516361e-05  0.000718581370474  0.00490341332227  0.0302722099975  0.16774872473  0.826698732591  3.5848691059  13.5100104849  43.6124502843  118.500814818  264.287709889  456.688365922  456.688365922  264.287709889  118.500814818  43.6124502843  13.5100104849  3.5848691059  0.826698732591  0.16774872473  0.0302722099975  0.00490341332227  0.000718581370474  9.59337516361e-05  1.17368510861e-05  1.30984100041e-06  
6.74580493149e-07  6.0639000051e-06  4.97036349748e-05  0.000373121212008  0.0025496714992  0.015745877169  0.0871453160081  0.427955887878  1.84275042756  6.85735233258  21.6562693972  56.6621414146  118.500814818  185.43771383  185.43771383  118.500814818  56.6621414146  21.6562693972  6.85735233258  1.84275042756  0.427955887878  0.0871453160081  0.015745877169  0.0025496714992  0.000373121212008  4.97036349748e-05  6.0639000051e-06  6.74580493149e-07  
2.68348435459e-07  2.42254905384e-06  1.99343442679e-05  0.000150141592582  0.00102858392625  0.00636185162403  0.0352139658684  0.172611211447  0.739770032215  2.7283906196  8.48548091191  21.6562693972  43.6124502843  65.1227579685  65.1227579685  43.6124502843  21.6562693972  8.48548091191  2.7283906196  0.739770032215  0.172611211447  0.0352139658684  0.00636185162403  0.00102858392625  0.000150141592582  1.99343442679e-05  2.42254905384e-06  2.68348435459e-07  
8.58607511972e-08  7.79081992968e-07  6.44151326592e-06  4.87227398816e-05  0.000334982558672  0.00207748736289  0.0115169971731  0.0564521877498  0.241408208927  0.885686141349  2.7283906196  6.85735233258  13.5100104849  19.6943196344  19.6943196344  13.5100104849  6.85735233258  2.7283906196  0.885686141349  0.241408208927  0.0564521877498  0.0115169971731  0.00207748736289  0.000334982558672  4.87227398816e-05  6.44151326592e-06  7.79081992968e-07  8.58607511972e-08  
2.27958506318e-08  2.08036758365e-07  1.72952002463e-06  1.31476616092e-05  9.07961345602e-05  0.000565190833432  0.00314194971317  0.0154243850268  0.0659525379677  0.241408208927  0.739770032215  1.84275042756  3.5848691059  5.15853310475  5.15853310475  3.5848691059  1.84275042756  0.739770032215  0.241408208927  0.0659525379677  0.0154243850268  0.00314194971317  0.000565190833432  9.07961345602e-05  1.31476616092e-05  1.72952002463e-06  2.08036758365e-07  2.27958506318e-08  
5.14399623012e-09  4.72394736738e-08  3.95109845351e-07  3.02059597071e-06  2.09676272585e-05  0.000131114376407  0.000731635807856  0.00360179365609  0.0154243850268  0.0564521877498  0.172611211447  0.427955887878  0.826698732591  1.18115808786  1.18115808786  0.826698732591  0.427955887878  0.172611211447  0.0564521877498  0.0154243850268  0.00360179365609  0.000731635807856  0.000131114376407  2.09676272585e-05  3.02059597071e-06  3.95109845351e-07  4.72394736738e-08  5.14399623012e-09  
1.00523251157e-09  9.29339581696e-09  7.82377693444e-08  6.01820449692e-07  4.20160345668e-06  2.64109633048e-05  0.00014805459664  0.000731635807856  0.00314194971317  0.0115169971731  0.0352139658684  0.0871453160081  0.16774872473  0.23876730012  0.23876730012  0.16774872473  0.0871453160081  0.0352139658684  0.0115169971731  0.00314194971317  0.000731635807856  0.00014805459664  2.64109633048e-05  4.20160345668e-06  6.01820449692e-07  7.82377693444e-08  9.29339581696e-09  1.00523251157e-09  
1.72673304554e-10  1.60764367116e-09  1.36279111312e-08  1.05521600899e-07  7.41293918323e-07  4.68672031687e-06  2.64109633048e-05  0.000131114376407  0.000565190833432  0.00207748736289  0.00636185162403  0.015745877169  0.0302722099975  0.0430123631109  0.0430123631109  0.0302722099975  0.015745877169  0.00636185162403  0.00207748736289  0.000565190833432  0.000131114376407  2.64109633048e-05  4.68672031687e-06  7.41293918323e-07  1.05521600899e-07  1.36279111312e-08  1.60764367116e-09  1.72673304554e-10  
2.63885752971e-11  2.47495814472e-10  2.11323350296e-09  1.64769888334e-08  1.16520665913e-07  7.41293918323e-07  4.20160345668e-06  2.09676272585e-05  9.07961345602e-05  0.000334982558672  0.00102858392625  0.0025496714992  0.00490341332227  0.00696378079081  0.00696378079081  0.00490341332227  0.0025496714992  0.00102858392625  0.000334982558672  9.07961345602e-05  2.09676272585e-05  4.20160345668e-06  7.41293918323e-07  1.16520665913e-07  1.64769888334e-08  2.11323350296e-09  2.47495814472e-10  2.63885752971e-11  
3.62367921126e-12  3.42454238402e-11  2.94608578657e-10  2.31381263789e-09  1.64769888334e-08  1.05521600899e-07  6.01820449692e-07  3.02059597071e-06  1.31476616092e-05  4.87227398816e-05  0.000150141592582  0.000373121212008  0.000718581370474  0.00102093880043  0.00102093880043  0.000718581370474  0.000373121212008  0.000150141592582  4.87227398816e-05  1.31476616092e-05  3.02059597071e-06  6.01820449692e-07  1.05521600899e-07  1.64769888334e-08  2.31381263789e-09  2.94608578657e-10  3.42454238402e-11  3.62367921126e-12  
4.50842879239e-13  4.29417158167e-12  3.72300343529e-11  2.94608578657e-10  2.11323350296e-09  1.36279111312e-08  7.82377693444e-08  3.95109845351e-07  1.72952002463e-06  6.44151326592e-06  1.99343442679e-05  4.97036349748e-05  9.59337516361e-05  0.000136439259228  0.000136439259228  9.59337516361e-05  4.97036349748e-05  1.99343442679e-05  6.44151326592e-06  1.72952002463e-06  3.95109845351e-07  7.82377693444e-08  1.36279111312e-08  2.11323350296e-09  2.94608578657e-10  3.72300343529e-11  4.29417158167e-12  4.50842879239e-13  
5.11745537613e-14  4.91359055878e-13  4.29417158167e-12  3.42454238402e-11  2.47495814472e-10  1.60764367116e-09  9.29339581696e-09  4.72394736738e-08  2.08036758365e-07  7.79081992968e-07  2.42254905384e-06  6.0639000051e-06  1.17368510861e-05  1.67170060212e-05  1.67170060212e-05  1.17368510861e-05  6.0639000051e-06  2.42254905384e-06  7.79081992968e-07  2.08036758365e-07  4.72394736738e-08  9.29339581696e-09  1.60764367116e-09  2.47495814472e-10  3.42454238402e-11  4.29417158167e-12  4.91359055878e-13  5.11745537613e-14  
5.28686114923e-15  5.11745537613e-14  4.50842879239e-13  3.62367921126e-12  2.63885752971e-11  1.72673304554e-10  1.00523251157e-09  5.14399623012e-09  2.27958506318e-08  8.58607511972e-08  2.68348435459e-07  6.74580493149e-07  1.30984100041e-06  1.86893266526e-06  1.86893266526e-06  1.30984100041e-06  6.74580493149e-07  2.68348435459e-07  8.58607511972e-08  2.27958506318e-08  5.14399623012e-09  1.00523251157e-09  1.72673304554e-10  2.63885752971e-11  3.62367921126e-12  4.50842879239e-13  5.11745537613e-14  5.28686114923e-15  
