0.10874954793  0.233009002678  0.388034292355  0.588260007538  0.846169945433  1.17049221858  1.56381563045  2.01999603883  2.52200935897  3.04112081345  3.53824793534  3.96806565138  4.28567984108  4.45470624331  4.45470624331  4.28567984108  3.96806565138  3.53824793534  3.04112081345  2.52200935897  2.01999603883  1.56381563045  1.17049221858  0.846169945433  0.588260007538  0.388034292355  0.233009002678  0.10874954793  
0.233009002678  0.499649583861  0.833109296645  1.26499993546  1.82298172776  2.52686620211  3.38336342879  4.38023086906  5.48123643144  6.62388087728  7.72194333391  8.67428612333  9.37977524697  9.7558292725  9.7558292725  9.37977524697  8.67428612333  7.72194333391  6.62388087728  5.48123643144  4.38023086906  3.38336342879  2.52686620211  1.82298172776  1.26499993546  0.833109296645  0.499649583861  0.233009002678  
0.388034292355  0.833109296645  1.39179669412  2.11854665203  3.0618666012  4.25777788484  5.7207081006  7.43297404695  9.33519356373  11.3210564499  13.2403837089  14.9136334882  16.1583676701  16.8236920704  16.8236920704  16.1583676701  14.9136334882  13.2403837089  11.3210564499  9.33519356373  7.43297404695  5.7207081006  4.25777788484  3.0618666012  2.11854665203  1.39179669412  0.833109296645  0.388034292355  
0.588260007538  1.26499993546  2.11854665203  3.2350647944  4.69309077817  6.55358722807  8.84549764242  11.548281178  14.5748491317  17.7603885701  20.8640101275  23.5897649144  25.629831337  26.7247093065  26.7247093065  25.629831337  23.5897649144  20.8640101275  17.7603885701  14.5748491317  11.548281178  8.84549764242  6.55358722807  4.69309077817  3.2350647944  2.11854665203  1.26499993546  0.588260007538  
0.846169945433  1.82298172776  3.0618666012  4.69309077817  6.83859574295  9.597847844  13.0261715683  17.1070896493  21.7231334157  26.6332157055  31.4681296558  35.7571097043  38.9944032847  40.741878438  40.741878438  38.9944032847  35.7571097043  31.4681296558  26.6332157055  21.7231334157  17.1070896493  13.0261715683  9.597847844  6.83859574295  4.69309077817  3.0618666012  1.82298172776  0.846169945433  
1.17049221858  2.52686620211  4.25777788484  6.55358722807  9.597847844  13.5484152758  18.5065932367  24.4752084702  31.3105226817  38.6787146531  46.0348446038  52.6484264994  57.6990711173  60.4479917991  60.4479917991  57.6990711173  52.6484264994  46.0348446038  38.6787146531  31.3105226817  24.4752084702  18.5065932367  13.5484152758  9.597847844  6.55358722807  4.25777788484  2.52686620211  1.17049221858  
1.56381563045  3.38336342879  5.7207081006  8.84549764242  13.0261715683  18.5065932367  25.4646873527  33.9520818604  43.8184067508  54.6320588559  65.6220680257  75.6823604238  83.4924690484  87.7952345341  87.7952345341  83.4924690484  75.6823604238  65.6220680257  54.6320588559  43.8184067508  33.9520818604  25.4646873527  18.5065932367  13.0261715683  8.84549764242  5.7207081006  3.38336342879  1.56381563045  
2.01999603883  4.38023086906  7.43297404695  11.548281178  17.1070896493  24.4752084702  33.9520818604  45.6895834642  59.5798729305  75.1202291675  91.2815236291  106.441324628  118.490945135  125.253950088  125.253950088  118.490945135  106.441324628  91.2815236291  75.1202291675  59.5798729305  45.6895834642  33.9520818604  24.4752084702  17.1070896493  11.548281178  7.43297404695  4.38023086906  2.01999603883  
2.52200935897  5.48123643144  9.33519356373  14.5748491317  21.7231334157  31.3105226817  43.8184067508  59.5798729305  78.6274249944  100.481444785  123.891387612  146.594413727  165.2734692  176.074673111  176.074673111  165.2734692  146.594413727  123.891387612  100.481444785  78.6274249944  59.5798729305  43.8184067508  31.3105226817  21.7231334157  14.5748491317  9.33519356373  5.48123643144  2.52200935897  
3.04112081345  6.62388087728  11.3210564499  17.7603885701  26.6332157055  38.6787146531  54.6320588559  75.1202291675  100.481444785  130.473759921  163.834418347  197.691290445  227.016392439  244.844922964  244.844922964  227.016392439  197.691290445  163.834418347  130.473759921  100.481444785  75.1202291675  54.6320588559  38.6787146531  26.6332157055  17.7603885701  11.3210564499  6.62388087728  3.04112081345  
3.53824793534  7.72194333391  13.2403837089  20.8640101275  31.4681296558  46.0348446038  65.6220680257  91.2815236291  123.891387612  163.834418347  210.388273996  260.614832147  307.596633103  338.767863426  338.767863426  307.596633103  260.614832147  210.388273996  163.834418347  123.891387612  91.2815236291  65.6220680257  46.0348446038  31.4681296558  20.8640101275  13.2403837089  7.72194333391  3.53824793534  
3.96806565138  8.67428612333  14.9136334882  23.5897649144  35.7571097043  52.6484264994  75.6823604238  106.441324628  146.594413727  197.691290445  260.614832147  334.123726047  411.151432783  470.838001464  470.838001464  411.151432783  334.123726047  260.614832147  197.691290445  146.594413727  106.441324628  75.6823604238  52.6484264994  35.7571097043  23.5897649144  14.9136334882  8.67428612333  3.96806565138  
4.28567984108  9.37977524697  16.1583676701  25.629831337  38.9944032847  57.6990711173  83.4924690484  118.490945135  165.2734692  227.016392439  307.596633103  411.151432783  538.51658234  668.509034008  668.509034008  538.51658234  411.151432783  307.596633103  227.016392439  165.2734692  118.490945135  83.4924690484  57.6990711173  38.9944032847  25.629831337  16.1583676701  9.37977524697  4.28567984108  
4.45470624331  9.7558292725  16.8236920704  26.7247093065  40.741878438  60.4479917991  87.7952345341  125.253950088  176.074673111  244.844922964  338.767863426  470.838001464  668.509034008  1000.0  1000.0  668.509034008  470.838001464  338.767863426  244.844922964  176.074673111  125.253950088  87.7952345341  60.4479917991  40.741878438  26.7247093065  16.8236920704  9.7558292725  4.45470624331  
4.45470624331  9.7558292725  16.8236920704  26.7247093065  40.741878438  60.4479917991  87.7952345341  125.253950088  176.074673111  244.844922964  338.767863426  470.838001464  668.509034008  1000.0  1000.0  668.509034008  470.838001464  338.767863426  244.844922964  176.074673111  125.253950088  87.7952345341  60.4479917991  40.741878438  26.7247093065  16.8236920704  9.7558292725  4.45470624331  
4.28567984108  9.37977524697  16.1583676701  25.629831337  38.9944032847  57.6990711173  83.4924690484  118.490945135  165.2734692  227.016392439  307.596633103  411.151432783  538.51658234  668.509034008  668.509034008  538.51658234  411.151432783  307.596633103  227.016392439  165.2734692  118.490945135  83.4924690484  57.6990711173  38.9944032847  25.629831337  16.1583676701  9.37977524697  4.28567984108  
3.96806565138  8.67428612333  14.9136334882  23.5897649144  35.7571097043  52.6484264994  75.6823604238  106.441324628  146.594413727  197.691290445  260.614832147  334.123726047  411.151432783  470.838001464  470.838001464  411.151432783  334.123726047  260.614832147  197.691290445  146.594413727  106.441324628  75.6823604238  52.6484264994  35.7571097043  23.5897649144  14.9136334882  8.67428612333  3.96806565138  
3.53824793534  7.72194333391  13.2403837089  20.8640101275  31.4681296558  46.0348446038  65.6220680257  91.2815236291  123.891387612  163.834418347  210.388273996  260.614832147  307.596633103  338.767863426  338.767863426  307.596633103  260.614832147  210.388273996  163.834418347  123.891387612  91.2815236291  65.6220680257  46.0348446038  31.4681296558  20.8640101275  13.2403837089  7.72194333391  3.53824793534  
3.04112081345  6.62388087728  11.3210564499  17.7603885701  26.6332157055  38.6787146531  54.6320588559  75.1202291675  100.481444785  130.473759921  163.834418347  197.691290445  227.016392439  244.844922964  244.844922964  227.016392439  197.691290445  163.834418347  130.473759921  100.481444785  75.1202291675  54.6320588559  38.6787146531  26.6332157055  17.7603885701  11.3210564499  6.62388087728  3.04112081345  
2.52200935897  5.48123643144  9.33519356373  14.5748491317  21.7231334157  31.3105226817  43.8184067508  59.5798729305  78.6274249944  100.481444785  123.891387612  146.594413727  165.2734692  176.074673111  176.074673111  165.2734692  146.594413727  123.891387612  100.481444785  78.6274249944  59.5798729305  43.8184067508  31.3105226817  21.7231334157  14.5748491317  9.33519356373  5.48123643144  2.52200935897  
2.01999603883  4.38023086906  7.43297404695  11.548281178  17.1070896493  24.4752084702  33.9520818604  45.6895834642  59.5798729305  75.1202291675  91.2815236291  106.441324628  118.490945135  125.253950088  125.253950088  118.490945135  106.441324628  91.2815236291  75.1202291675  59.5798729305  45.6895834642  33.9520818604  24.4752084702  17.1070896493  11.548281178  7.43297404695  4.38023086906  2.01999603883  
1.56381563045  3.38336342879  5.7207081006  8.84549764242  13.0261715683  18.5065932367  25.4646873527  33.9520818604  43.8184067508  54.6320588559  65.6220680257  75.6823604238  83.4924690484  87.7952345341  87.7952345341  83.4924690484  75.6823604238  65.6220680257  54.6320588559  43.8184067508  33.9520818604  25.4646873527  18.5065932367  13.0261715683  8.84549764242  5.7207081006  3.38336342879  1.56381563045  
1.17049221858  2.52686620211  4.25777788484  6.55358722807  9.597847844  13.5484152758  18.5065932367  24.4752084702  31.3105226817  38.6787146531  46.0348446038  52.6484264994  57.6990711173  60.4479917991  60.4479917991  57.6990711173  52.6484264994  46.0348446038  38.6787146531  31.3105226817  24.4752084702  18.5065932367  13.5484152758  9.597847844  6.55358722807  4.25777788484  2.52686620211  1.17049221858  
0.846169945433  1.82298172776  3.0618666012  4.69309077817  6.83859574295  9.597847844  13.0261715683  17.1070896493  21.7231334157  26.6332157055  31.4681296558  35.7571097043  38.9944032847  40.741878438  40.741878438  38.9944032847  35.7571097043  31.4681296558  26.6332157055  21.7231334157  17.1070896493  13.0261715683  9.597847844  6.83859574295  4.69309077817  3.0618666012  1.82298172776  0.846169945433  
0.588260007538  1.26499993546  2.11854665203  3.2350647944  4.69309077817  6.55358722807  8.84549764242  11.548281178  14.5748491317  17.7603885701  20.8640101275  23.5897649144  25.629831337  26.7247093065  26.7247093065  25.629831337  23.5897649144  20.8640101275  17.7603885701  14.5748491317  11.548281178  8.84549764242  6.55358722807  4.69309077817  3.2350647944  2.11854665203  1.26499993546  0.588260007538  
0.388034292355  0.833109296645  1.39179669412  2.11854665203  3.0618666012  4.25777788484  5.7207081006  7.43297404695  9.33519356373  11.3210564499  13.2403837089  14.9136334882  16.1583676701  16.8236920704  16.8236920704  16.1583676701  14.9136334882  13.2403837089  11.3210564499  9.33519356373  7.43297404695  5.7207081006  4.25777788484  3.0618666012  2.11854665203  1.39179669412  0.833109296645  0.388034292355  
0.233009002678  0.499649583861  0.833109296645  1.26499993546  1.82298172776  2.52686620211  3.38336342879  4.38023086906  5.48123643144  6.62388087728  7.72194333391  8.67428612333  9.37977524697  9.7558292725  9.7558292725  9.37977524697  8.67428612333  7.72194333391  6.62388087728  5.48123643144  4.38023086906  3.38336342879  2.52686620211  1.82298172776  1.26499993546  0.833109296645  0.499649583861  0.233009002678  
0.10874954793  0.233009002678  0.388034292355  0.588260007538  0.846169945433  1.17049221858  1.56381563045  2.01999603883  2.52200935897  3.04112081345  3.53824793534  3.96806565138  4.28567984108  4.45470624331  4.45470624331  4.28567984108  3.96806565138  3.53824793534  3.04112081345  2.52200935897  2.01999603883  1.56381563045  1.17049221858  0.846169945433  0.588260007538  0.388034292355  0.233009002678  0.10874954793  
