0.249411316805  0.521691920358  0.838514744874  1.21890805018  1.67737923943  2.22158454565  2.84973176154  3.54815506208  4.28974008177  5.03401999152  5.72969878201  6.31998016088  6.75035465308  6.97755205689  6.97755205689  6.75035465308  6.31998016088  5.72969878201  5.03401999152  4.28974008177  3.54815506208  2.84973176154  2.22158454565  1.67737923943  1.21890805018  0.838514744874  0.521691920358  0.249411316805  
0.521691920358  1.09194550715  1.75693210585  2.55748731633  3.52520953234  4.67750830873  6.01195528289  7.50083552006  9.08734537786  10.6852634971  12.1838861217  13.4592920964  14.3914282053  14.8842785361  14.8842785361  14.3914282053  13.4592920964  12.1838861217  10.6852634971  9.08734537786  7.50083552006  6.01195528289  4.67750830873  3.52520953234  2.55748731633  1.75693210585  1.09194550715  0.521691920358  
0.838514744874  1.75693210585  2.83161591892  4.13089226855  5.70886268411  7.59727355081  9.79589603857  12.2627833719  14.9067708891  17.5854183767  20.1118359878  22.2729097576  23.8588364975  24.6996286748  24.6996286748  23.8588364975  22.2729097576  20.1118359878  17.5854183767  14.9067708891  12.2627833719  9.79589603857  7.59727355081  5.70886268411  4.13089226855  2.83161591892  1.75693210585  0.838514744874  
1.21890805018  2.55748731633  4.13089226855  6.04373026078  8.38130588133  11.1975570567  14.5000899359  18.2340803788  22.2684603513  26.3894681742  30.3076913135  33.6841043603  36.1769572503  37.5038970131  37.5038970131  36.1769572503  33.6841043603  30.3076913135  26.3894681742  22.2684603513  18.2340803788  14.5000899359  11.1975570567  8.38130588133  6.04373026078  4.13089226855  2.55748731633  1.21890805018  
1.67737923943  3.52520953234  5.70886268411  8.38130588133  11.671626812  15.6682438227  20.396865551  25.7951013512  31.6881308601  37.7728652346  43.6208853171  48.7114363077  52.5019205069  54.5312772382  54.5312772382  52.5019205069  48.7114363077  43.6208853171  37.7728652346  31.6881308601  25.7951013512  20.396865551  15.6682438227  11.671626812  8.38130588133  5.70886268411  3.52520953234  1.67737923943  
2.22158454565  4.67750830873  7.59727355081  11.1975570567  15.6682438227  21.1503884227  27.7053215302  35.2762935046  43.6474560252  52.4099344767  60.9509766164  68.4877036483  74.1664103909  77.2320394258  77.2320394258  74.1664103909  68.4877036483  60.9509766164  52.4099344767  43.6474560252  35.2762935046  27.7053215302  21.1503884227  15.6682438227  11.1975570567  7.59727355081  4.67750830873  2.22158454565  
2.84973176154  6.01195528289  9.79589603857  14.5000899359  20.396865551  27.7053215302  36.5504449118  46.9080558749  58.5391212671  70.923942054  83.2181331052  94.2677237257  102.733065025  107.359312749  107.359312749  102.733065025  94.2677237257  83.2181331052  70.923942054  58.5391212671  46.9080558749  36.5504449118  27.7053215302  20.396865551  14.5000899359  9.79589603857  6.01195528289  2.84973176154  
3.54815506208  7.50083552006  12.2627833719  18.2340803788  25.7951013512  35.2762935046  46.9080558749  60.7469413085  76.5772333077  93.7943388726  111.293220707  127.417194993  140.068885441  147.11372693  147.11372693  140.068885441  127.417194993  111.293220707  93.7943388726  76.5772333077  60.7469413085  46.9080558749  35.2762935046  25.7951013512  18.2340803788  12.2627833719  7.50083552006  3.54815506208  
4.28974008177  9.08734537786  14.9067708891  22.2684603513  31.6881308601  43.6474560252  58.5391212671  76.5772333077  97.6629762664  121.19809277  145.854618739  169.358618493  188.458067675  199.417643283  199.417643283  188.458067675  169.358618493  145.854618739  121.19809277  97.6629762664  76.5772333077  58.5391212671  43.6474560252  31.6881308601  22.2684603513  14.9067708891  9.08734537786  4.28974008177  
5.03401999152  10.6852634971  17.5854183767  26.3894681742  37.7728652346  52.4099344767  70.923942054  93.7943388726  121.19809277  152.750316675  187.103581513  221.401533094  250.762533297  268.482726203  268.482726203  250.762533297  221.401533094  187.103581513  152.750316675  121.19809277  93.7943388726  70.923942054  52.4099344767  37.7728652346  26.3894681742  17.5854183767  10.6852634971  5.03401999152  
5.72969878201  12.1838861217  20.1118359878  30.3076913135  43.6208853171  60.9509766164  83.2181331052  111.293220707  145.854618739  187.103581513  234.206025585  284.249265152  330.5583588  361.079172368  361.079172368  330.5583588  284.249265152  234.206025585  187.103581513  145.854618739  111.293220707  83.2181331052  60.9509766164  43.6208853171  30.3076913135  20.1118359878  12.1838861217  5.72969878201  
6.31998016088  13.4592920964  22.2729097576  33.6841043603  48.7114363077  68.4877036483  94.2677237257  127.417194993  169.358618493  221.401533094  284.249265152  356.628858777  431.751150862  489.635198516  489.635198516  431.751150862  356.628858777  284.249265152  221.401533094  169.358618493  127.417194993  94.2677237257  68.4877036483  48.7114363077  33.6841043603  22.2729097576  13.4592920964  6.31998016088  
6.75035465308  14.3914282053  23.8588364975  36.1769572503  52.5019205069  74.1664103909  102.733065025  140.068885441  188.458067675  250.762533297  330.5583588  431.751150862  555.182994007  680.630287222  680.630287222  555.182994007  431.751150862  330.5583588  250.762533297  188.458067675  140.068885441  102.733065025  74.1664103909  52.5019205069  36.1769572503  23.8588364975  14.3914282053  6.75035465308  
6.97755205689  14.8842785361  24.6996286748  37.5038970131  54.5312772382  77.2320394258  107.359312749  147.11372693  199.417643283  268.482726203  361.079172368  489.635198516  680.630287222  1000.0  1000.0  680.630287222  489.635198516  361.079172368  268.482726203  199.417643283  147.11372693  107.359312749  77.2320394258  54.5312772382  37.5038970131  24.6996286748  14.8842785361  6.97755205689  
6.97755205689  14.8842785361  24.6996286748  37.5038970131  54.5312772382  77.2320394258  107.359312749  147.11372693  199.417643283  268.482726203  361.079172368  489.635198516  680.630287222  1000.0  1000.0  680.630287222  489.635198516  361.079172368  268.482726203  199.417643283  147.11372693  107.359312749  77.2320394258  54.5312772382  37.5038970131  24.6996286748  14.8842785361  6.97755205689  
6.75035465308  14.3914282053  23.8588364975  36.1769572503  52.5019205069  74.1664103909  102.733065025  140.068885441  188.458067675  250.762533297  330.5583588  431.751150862  555.182994007  680.630287222  680.630287222  555.182994007  431.751150862  330.5583588  250.762533297  188.458067675  140.068885441  102.733065025  74.1664103909  52.5019205069  36.1769572503  23.8588364975  14.3914282053  6.75035465308  
6.31998016088  13.4592920964  22.2729097576  33.6841043603  48.7114363077  68.4877036483  94.2677237257  127.417194993  169.358618493  221.401533094  284.249265152  356.628858777  431.751150862  489.635198516  489.635198516  431.751150862  356.628858777  284.249265152  221.401533094  169.358618493  127.417194993  94.2677237257  68.4877036483  48.7114363077  33.6841043603  22.2729097576  13.4592920964  6.31998016088  
5.72969878201  12.1838861217  20.1118359878  30.3076913135  43.6208853171  60.9509766164  83.2181331052  111.293220707  145.854618739  187.103581513  234.206025585  284.249265152  330.5583588  361.079172368  361.079172368  330.5583588  284.249265152  234.206025585  187.103581513  145.854618739  111.293220707  83.2181331052  60.9509766164  43.6208853171  30.3076913135  20.1118359878  12.1838861217  5.72969878201  
5.03401999152  10.6852634971  17.5854183767  26.3894681742  37.7728652346  52.4099344767  70.923942054  93.7943388726  121.19809277  152.750316675  187.103581513  221.401533094  250.762533297  268.482726203  268.482726203  250.762533297  221.401533094  187.103581513  152.750316675  121.19809277  93.7943388726  70.923942054  52.4099344767  37.7728652346  26.3894681742  17.5854183767  10.6852634971  5.03401999152  
4.28974008177  9.08734537786  14.9067708891  22.2684603513  31.6881308601  43.6474560252  58.5391212671  76.5772333077  97.6629762664  121.19809277  145.854618739  169.358618493  188.458067675  199.417643283  199.417643283  188.458067675  169.358618493  145.854618739  121.19809277  97.6629762664  76.5772333077  58.5391212671  43.6474560252  31.6881308601  22.2684603513  14.9067708891  9.08734537786  4.28974008177  
3.54815506208  7.50083552006  12.2627833719  18.2340803788  25.7951013512  35.2762935046  46.9080558749  60.7469413085  76.5772333077  93.7943388726  111.293220707  127.417194993  140.068885441  147.11372693  147.11372693  140.068885441  127.417194993  111.293220707  93.7943388726  76.5772333077  60.7469413085  46.9080558749  35.2762935046  25.7951013512  18.2340803788  12.2627833719  7.50083552006  3.54815506208  
2.84973176154  6.01195528289  9.79589603857  14.5000899359  20.396865551  27.7053215302  36.5504449118  46.9080558749  58.5391212671  70.923942054  83.2181331052  94.2677237257  102.733065025  107.359312749  107.359312749  102.733065025  94.2677237257  83.2181331052  70.923942054  58.5391212671  46.9080558749  36.5504449118  27.7053215302  20.396865551  14.5000899359  9.79589603857  6.01195528289  2.84973176154  
2.22158454565  4.67750830873  7.59727355081  11.1975570567  15.6682438227  21.1503884227  27.7053215302  35.2762935046  43.6474560252  52.4099344767  60.9509766164  68.4877036483  74.1664103909  77.2320394258  77.2320394258  74.1664103909  68.4877036483  60.9509766164  52.4099344767  43.6474560252  35.2762935046  27.7053215302  21.1503884227  15.6682438227  11.1975570567  7.59727355081  4.67750830873  2.22158454565  
1.67737923943  3.52520953234  5.70886268411  8.38130588133  11.671626812  15.6682438227  20.396865551  25.7951013512  31.6881308601  37.7728652346  43.6208853171  48.7114363077  52.5019205069  54.5312772382  54.5312772382  52.5019205069  48.7114363077  43.6208853171  37.7728652346  31.6881308601  25.7951013512  20.396865551  15.6682438227  11.671626812  8.38130588133  5.70886268411  3.52520953234  1.67737923943  
1.21890805018  2.55748731633  4.13089226855  6.04373026078  8.38130588133  11.1975570567  14.5000899359  18.2340803788  22.2684603513  26.3894681742  30.3076913135  33.6841043603  36.1769572503  37.5038970131  37.5038970131  36.1769572503  33.6841043603  30.3076913135  26.3894681742  22.2684603513  18.2340803788  14.5000899359  11.1975570567  8.38130588133  6.04373026078  4.13089226855  2.55748731633  1.21890805018  
0.838514744874  1.75693210585  2.83161591892  4.13089226855  5.70886268411  7.59727355081  9.79589603857  12.2627833719  14.9067708891  17.5854183767  20.1118359878  22.2729097576  23.8588364975  24.6996286748  24.6996286748  23.8588364975  22.2729097576  20.1118359878  17.5854183767  14.9067708891  12.2627833719  9.79589603857  7.59727355081  5.70886268411  4.13089226855  2.83161591892  1.75693210585  0.838514744874  
0.521691920358  1.09194550715  1.75693210585  2.55748731633  3.52520953234  4.67750830873  6.01195528289  7.50083552006  9.08734537786  10.6852634971  12.1838861217  13.4592920964  14.3914282053  14.8842785361  14.8842785361  14.3914282053  13.4592920964  12.1838861217  10.6852634971  9.08734537786  7.50083552006  6.01195528289  4.67750830873  3.52520953234  2.55748731633  1.75693210585  1.09194550715  0.521691920358  
0.249411316805  0.521691920358  0.838514744874  1.21890805018  1.67737923943  2.22158454565  2.84973176154  3.54815506208  4.28974008177  5.03401999152  5.72969878201  6.31998016088  6.75035465308  6.97755205689  6.97755205689  6.75035465308  6.31998016088  5.72969878201  5.03401999152  4.28974008177  3.54815506208  2.84973176154  2.22158454565  1.67737923943  1.21890805018  0.838514744874  0.521691920358  0.249411316805  
