0.272667649193  0.568988020146  0.911294547375  1.31904277524  1.80684878785  2.38210931478  3.04239865449  3.77308441519  4.5458363709  5.31883794742  6.03943945461  6.64961224173  7.09384004386  7.32814568197  7.32814568197  7.09384004386  6.64961224173  6.03943945461  5.31883794742  4.5458363709  3.77308441519  3.04239865449  2.38210931478  1.80684878785  1.31904277524  0.911294547375  0.568988020146  0.272667649193  
0.568988020146  1.18810453907  1.90483702639  2.76086225359  3.78797257709  5.00302664759  6.40229351706  7.95609349723  9.60517276947  11.2606135146  12.8090334939  14.1240990138  15.0838078908  15.5907898238  15.5907898238  15.0838078908  14.1240990138  12.8090334939  11.2606135146  9.60517276947  7.95609349723  6.40229351706  5.00302664759  3.78797257709  2.76086225359  1.90483702639  1.18810453907  0.568988020146  
0.911294547375  1.90483702639  3.05894878147  4.44318032784  6.11186269174  8.09583428746  10.3928228855  12.9578568492  15.6960541804  18.4609456331  21.0617091564  23.2817612225  24.908559006  25.7702532112  25.7702532112  24.908559006  23.2817612225  21.0617091564  18.4609456331  15.6960541804  12.9578568492  10.3928228855  8.09583428746  6.11186269174  4.44318032784  3.05894878147  1.90483702639  0.911294547375  
1.31904277524  2.76086225359  4.44318032784  6.47215749226  8.93328207538  11.8791240038  15.3143957612  19.1800970909  23.3401337048  27.5754203463  31.5914953142  35.0450368064  37.591048614  38.9450743671  38.9450743671  37.591048614  35.0450368064  31.5914953142  27.5754203463  23.3401337048  19.1800970909  15.3143957612  11.8791240038  8.93328207538  6.47215749226  4.44318032784  2.76086225359  1.31904277524  
1.80684878785  3.78797257709  6.11186269174  8.93328207538  12.3813376006  16.5424747523  21.4385075276  27.0015954161  33.0505336966  39.2756874157  45.2427000259  50.4260802439  54.2799667087  56.3414239724  56.3414239724  54.2799667087  50.4260802439  45.2427000259  39.2756874157  33.0505336966  27.0015954161  21.4385075276  16.5424747523  12.3813376006  8.93328207538  6.11186269174  3.78797257709  1.80684878785  
2.38210931478  5.00302664759  8.09583428746  11.8791240038  16.5424747523  22.224172437  28.9804541519  36.7476837514  45.3022032101  54.227470213  62.9042427548  70.545063059  76.2937425803  79.3943863916  79.3943863916  76.2937425803  70.545063059  62.9042427548  54.227470213  45.3022032101  36.7476837514  28.9804541519  22.224172437  16.5424747523  11.8791240038  8.09583428746  5.00302664759  2.38210931478  
3.04239865449  6.40229351706  10.3928228855  15.3143957612  21.4385075276  28.9804541519  38.0586774047  48.6404519911  60.4773917191  73.0410988774  85.4805672779  96.6382515786  105.174048414  109.834696408  109.834696408  105.174048414  96.6382515786  85.4805672779  73.0410988774  60.4773917191  48.6404519911  38.0586774047  28.9804541519  21.4385075276  15.3143957612  10.3928228855  6.40229351706  3.04239865449  
3.77308441519  7.95609349723  12.9578568492  19.1800970909  27.0015954161  36.7476837514  48.6404519911  62.7259386381  78.7772987998  96.1801908074  113.823225691  130.048215913  142.761232121  149.834108099  149.834108099  142.761232121  130.048215913  113.823225691  96.1801908074  78.7772987998  62.7259386381  48.6404519911  36.7476837514  27.0015954161  19.1800970909  12.9578568492  7.95609349723  3.77308441519  
4.5458363709  9.60517276947  15.6960541804  23.3401337048  33.0505336966  45.3022032101  60.4773917191  78.7772987998  100.089766707  123.80542504  148.590339569  172.172202449  191.308959504  202.280739783  202.280739783  191.308959504  172.172202449  148.590339569  123.80542504  100.089766707  78.7772987998  60.4773917191  45.3022032101  33.0505336966  23.3401337048  15.6960541804  9.60517276947  4.5458363709  
5.31883794742  11.2606135146  18.4609456331  27.5754203463  39.2756874157  54.227470213  73.0410988774  96.1801908074  123.80542504  155.518555001  189.965849019  224.296051692  253.647104591  271.347197432  271.347197432  253.647104591  224.296051692  189.965849019  155.518555001  123.80542504  96.1801908074  73.0410988774  54.227470213  39.2756874157  27.5754203463  18.4609456331  11.2606135146  5.31883794742  
6.03943945461  12.8090334939  21.0617091564  31.5914953142  45.2427000259  62.9042427548  85.4805672779  113.823225691  148.590339569  189.965849019  237.106641108  287.106459743  333.321115911  363.757638153  363.757638153  333.321115911  287.106459743  237.106641108  189.965849019  148.590339569  113.823225691  85.4805672779  62.9042427548  45.2427000259  31.5914953142  21.0617091564  12.8090334939  6.03943945461  
6.64961224173  14.1240990138  23.2817612225  35.0450368064  50.4260802439  70.545063059  96.6382515786  130.048215913  172.172202449  224.296051692  287.106459743  359.330268324  434.212842322  491.87700775  491.87700775  434.212842322  359.330268324  287.106459743  224.296051692  172.172202449  130.048215913  96.6382515786  70.545063059  50.4260802439  35.0450368064  23.2817612225  14.1240990138  6.64961224173  
7.09384004386  15.0838078908  24.908559006  37.591048614  54.2799667087  76.2937425803  105.174048414  142.761232121  191.308959504  253.647104591  333.321115911  434.212842322  557.16644456  682.070486445  682.070486445  557.16644456  434.212842322  333.321115911  253.647104591  191.308959504  142.761232121  105.174048414  76.2937425803  54.2799667087  37.591048614  24.908559006  15.0838078908  7.09384004386  
7.32814568197  15.5907898238  25.7702532112  38.9450743671  56.3414239724  79.3943863916  109.834696408  149.834108099  202.280739783  271.347197432  363.757638153  491.87700775  682.070486445  1000.0  1000.0  682.070486445  491.87700775  363.757638153  271.347197432  202.280739783  149.834108099  109.834696408  79.3943863916  56.3414239724  38.9450743671  25.7702532112  15.5907898238  7.32814568197  
7.32814568197  15.5907898238  25.7702532112  38.9450743671  56.3414239724  79.3943863916  109.834696408  149.834108099  202.280739783  271.347197432  363.757638153  491.87700775  682.070486445  1000.0  1000.0  682.070486445  491.87700775  363.757638153  271.347197432  202.280739783  149.834108099  109.834696408  79.3943863916  56.3414239724  38.9450743671  25.7702532112  15.5907898238  7.32814568197  
7.09384004386  15.0838078908  24.908559006  37.591048614  54.2799667087  76.2937425803  105.174048414  142.761232121  191.308959504  253.647104591  333.321115911  434.212842322  557.16644456  682.070486445  682.070486445  557.16644456  434.212842322  333.321115911  253.647104591  191.308959504  142.761232121  105.174048414  76.2937425803  54.2799667087  37.591048614  24.908559006  15.0838078908  7.09384004386  
6.64961224173  14.1240990138  23.2817612225  35.0450368064  50.4260802439  70.545063059  96.6382515786  130.048215913  172.172202449  224.296051692  287.106459743  359.330268324  434.212842322  491.87700775  491.87700775  434.212842322  359.330268324  287.106459743  224.296051692  172.172202449  130.048215913  96.6382515786  70.545063059  50.4260802439  35.0450368064  23.2817612225  14.1240990138  6.64961224173  
6.03943945461  12.8090334939  21.0617091564  31.5914953142  45.2427000259  62.9042427548  85.4805672779  113.823225691  148.590339569  189.965849019  237.106641108  287.106459743  333.321115911  363.757638153  363.757638153  333.321115911  287.106459743  237.106641108  189.965849019  148.590339569  113.823225691  85.4805672779  62.9042427548  45.2427000259  31.5914953142  21.0617091564  12.8090334939  6.03943945461  
5.31883794742  11.2606135146  18.4609456331  27.5754203463  39.2756874157  54.227470213  73.0410988774  96.1801908074  123.80542504  155.518555001  189.965849019  224.296051692  253.647104591  271.347197432  271.347197432  253.647104591  224.296051692  189.965849019  155.518555001  123.80542504  96.1801908074  73.0410988774  54.227470213  39.2756874157  27.5754203463  18.4609456331  11.2606135146  5.31883794742  
4.5458363709  9.60517276947  15.6960541804  23.3401337048  33.0505336966  45.3022032101  60.4773917191  78.7772987998  100.089766707  123.80542504  148.590339569  172.172202449  191.308959504  202.280739783  202.280739783  191.308959504  172.172202449  148.590339569  123.80542504  100.089766707  78.7772987998  60.4773917191  45.3022032101  33.0505336966  23.3401337048  15.6960541804  9.60517276947  4.5458363709  
3.77308441519  7.95609349723  12.9578568492  19.1800970909  27.0015954161  36.7476837514  48.6404519911  62.7259386381  78.7772987998  96.1801908074  113.823225691  130.048215913  142.761232121  149.834108099  149.834108099  142.761232121  130.048215913  113.823225691  96.1801908074  78.7772987998  62.7259386381  48.6404519911  36.7476837514  27.0015954161  19.1800970909  12.9578568492  7.95609349723  3.77308441519  
3.04239865449  6.40229351706  10.3928228855  15.3143957612  21.4385075276  28.9804541519  38.0586774047  48.6404519911  60.4773917191  73.0410988774  85.4805672779  96.6382515786  105.174048414  109.834696408  109.834696408  105.174048414  96.6382515786  85.4805672779  73.0410988774  60.4773917191  48.6404519911  38.0586774047  28.9804541519  21.4385075276  15.3143957612  10.3928228855  6.40229351706  3.04239865449  
2.38210931478  5.00302664759  8.09583428746  11.8791240038  16.5424747523  22.224172437  28.9804541519  36.7476837514  45.3022032101  54.227470213  62.9042427548  70.545063059  76.2937425803  79.3943863916  79.3943863916  76.2937425803  70.545063059  62.9042427548  54.227470213  45.3022032101  36.7476837514  28.9804541519  22.224172437  16.5424747523  11.8791240038  8.09583428746  5.00302664759  2.38210931478  
1.80684878785  3.78797257709  6.11186269174  8.93328207538  12.3813376006  16.5424747523  21.4385075276  27.0015954161  33.0505336966  39.2756874157  45.2427000259  50.4260802439  54.2799667087  56.3414239724  56.3414239724  54.2799667087  50.4260802439  45.2427000259  39.2756874157  33.0505336966  27.0015954161  21.4385075276  16.5424747523  12.3813376006  8.93328207538  6.11186269174  3.78797257709  1.80684878785  
1.31904277524  2.76086225359  4.44318032784  6.47215749226  8.93328207538  11.8791240038  15.3143957612  19.1800970909  23.3401337048  27.5754203463  31.5914953142  35.0450368064  37.591048614  38.9450743671  38.9450743671  37.591048614  35.0450368064  31.5914953142  27.5754203463  23.3401337048  19.1800970909  15.3143957612  11.8791240038  8.93328207538  6.47215749226  4.44318032784  2.76086225359  1.31904277524  
0.911294547375  1.90483702639  3.05894878147  4.44318032784  6.11186269174  8.09583428746  10.3928228855  12.9578568492  15.6960541804  18.4609456331  21.0617091564  23.2817612225  24.908559006  25.7702532112  25.7702532112  24.908559006  23.2817612225  21.0617091564  18.4609456331  15.6960541804  12.9578568492  10.3928228855  8.09583428746  6.11186269174  4.44318032784  3.05894878147  1.90483702639  0.911294547375  
0.568988020146  1.18810453907  1.90483702639  2.76086225359  3.78797257709  5.00302664759  6.40229351706  7.95609349723  9.60517276947  11.2606135146  12.8090334939  14.1240990138  15.0838078908  15.5907898238  15.5907898238  15.0838078908  14.1240990138  12.8090334939  11.2606135146  9.60517276947  7.95609349723  6.40229351706  5.00302664759  3.78797257709  2.76086225359  1.90483702639  1.18810453907  0.568988020146  
0.272667649193  0.568988020146  0.911294547375  1.31904277524  1.80684878785  2.38210931478  3.04239865449  3.77308441519  4.5458363709  5.31883794742  6.03943945461  6.64961224173  7.09384004386  7.32814568197  7.32814568197  7.09384004386  6.64961224173  6.03943945461  5.31883794742  4.5458363709  3.77308441519  3.04239865449  2.38210931478  1.80684878785  1.31904277524  0.911294547375  0.568988020146  0.272667649193  
