0.000803763611054  0.00209320467963  0.00452483146925  0.00909260000592  0.01726146744  0.03099643692  0.0525745248272  0.0840647868249  0.126445219176  0.178519774494  0.236056114889  0.291733578835  0.336363421824  0.361312606443  0.361312606443  0.336363421824  0.291733578835  0.236056114889  0.178519774494  0.126445219176  0.0840647868249  0.0525745248272  0.03099643692  0.01726146744  0.00909260000592  0.00452483146925  0.00209320467963  0.000803763611054  
0.00209320467963  0.00545650320818  0.0118113270707  0.0237738565318  0.0452175338563  0.0813678447543  0.138328912308  0.221725486672  0.33435349797  0.473244258292  0.627252009145  0.776777413822  0.89696151606  0.96427024957  0.96427024957  0.89696151606  0.776777413822  0.627252009145  0.473244258292  0.33435349797  0.221725486672  0.138328912308  0.0813678447543  0.0452175338563  0.0237738565318  0.0118113270707  0.00545650320818  0.00209320467963  
0.00452483146925  0.0118113270707  0.0256167590124  0.0516822338379  0.0985630877862  0.177896190154  0.303433031122  0.488100334155  0.738772481245  1.04955725627  1.39602405831  1.73410276349  2.00698683131  2.16025079878  2.16025079878  2.00698683131  1.73410276349  1.39602405831  1.04955725627  0.738772481245  0.488100334155  0.303433031122  0.177896190154  0.0985630877862  0.0516822338379  0.0256167590124  0.0118113270707  0.00452483146925  
0.00909260000592  0.0237738565318  0.0516822338379  0.104566131029  0.200072140828  0.362447415814  0.620758147388  1.00300514619  1.52527438182  2.17730462793  2.9093698982  3.62856135061  4.21242830537  4.54166297363  4.54166297363  4.21242830537  3.62856135061  2.9093698982  2.17730462793  1.52527438182  1.00300514619  0.620758147388  0.362447415814  0.200072140828  0.104566131029  0.0516822338379  0.0237738565318  0.00909260000592  
0.01726146744  0.0452175338563  0.0985630877862  0.200072140828  0.384270447346  0.699168695529  1.20330607554  1.95472919178  2.98971400149  4.29320882444  5.77012815687  7.23408721909  8.43192335129  9.11111758173  9.11111758173  8.43192335129  7.23408721909  5.77012815687  4.29320882444  2.98971400149  1.95472919178  1.20330607554  0.699168695529  0.384270447346  0.200072140828  0.0985630877862  0.0452175338563  0.01726146744  
0.03099643692  0.0813678447543  0.177896190154  0.362447415814  0.699168695529  1.27850848032  2.2129637334  3.61788680948  5.57216138598  8.06059989582  10.9134662128  13.775025201  16.1417129627  17.4942862013  17.4942862013  16.1417129627  13.775025201  10.9134662128  8.06059989582  5.57216138598  3.61788680948  2.2129637334  1.27850848032  0.699168695529  0.362447415814  0.177896190154  0.0813678447543  0.03099643692  
0.0525745248272  0.138328912308  0.303433031122  0.620758147388  1.20330607554  2.2129637334  3.85575526169  6.35120175674  9.86439647815  14.399806546  19.6791695562  25.0596626935  29.577312848  32.1893193671  32.1893193671  29.577312848  25.0596626935  19.6791695562  14.399806546  9.86439647815  6.35120175674  3.85575526169  2.2129637334  1.20330607554  0.620758147388  0.303433031122  0.138328912308  0.0525745248272  
0.0840647868249  0.221725486672  0.488100334155  1.00300514619  1.95472919178  3.61788680948  6.35120175674  10.5538150224  16.5571555229  24.4416976425  33.8028621228  43.5522496087  51.9174256431  56.8408827409  56.8408827409  51.9174256431  43.5522496087  33.8028621228  24.4416976425  16.5571555229  10.5538150224  6.35120175674  3.61788680948  1.95472919178  1.00300514619  0.488100334155  0.221725486672  0.0840647868249  
0.126445219176  0.33435349797  0.738772481245  1.52527438182  2.98971400149  5.57216138598  9.86439647815  16.5571555229  26.2853358333  39.3376280611  55.2374550532  72.2958795537  87.405161053  96.5556821513  96.5556821513  87.405161053  72.2958795537  55.2374550532  39.3376280611  26.2853358333  16.5571555229  9.86439647815  5.57216138598  2.98971400149  1.52527438182  0.738772481245  0.33435349797  0.126445219176  
0.178519774494  0.473244258292  1.04955725627  2.17730462793  4.29320882444  8.06059989582  14.399806546  24.4416976425  39.3376280611  59.8514444762  85.6808111546  114.546798789  141.357895652  158.392835116  158.392835116  141.357895652  114.546798789  85.6808111546  59.8514444762  39.3376280611  24.4416976425  14.399806546  8.06059989582  4.29320882444  2.17730462793  1.04955725627  0.473244258292  0.178519774494  
0.236056114889  0.627252009145  1.39602405831  2.9093698982  5.77012815687  10.9134662128  19.6791695562  33.8028621228  55.2374550532  85.6808111546  125.643482029  172.856249195  219.957669893  252.493882893  252.493882893  219.957669893  172.856249195  125.643482029  85.6808111546  55.2374550532  33.8028621228  19.6791695562  10.9134662128  5.77012815687  2.9093698982  1.39602405831  0.627252009145  0.236056114889  
0.291733578835  0.776777413822  1.73410276349  3.62856135061  7.23408721909  13.775025201  25.0596626935  43.5522496087  72.2958795537  114.546798789  172.856249195  246.989061318  329.268611755  395.23934298  395.23934298  329.268611755  246.989061318  172.856249195  114.546798789  72.2958795537  43.5522496087  25.0596626935  13.775025201  7.23408721909  3.62856135061  1.73410276349  0.776777413822  0.291733578835  
0.336363421824  0.89696151606  2.00698683131  4.21242830537  8.43192335129  16.1417129627  29.577312848  51.9174256431  87.405161053  141.357895652  219.957669893  329.268611755  470.615663839  618.647593085  618.647593085  470.615663839  329.268611755  219.957669893  141.357895652  87.405161053  51.9174256431  29.577312848  16.1417129627  8.43192335129  4.21242830537  2.00698683131  0.89696151606  0.336363421824  
0.361312606443  0.96427024957  2.16025079878  4.54166297363  9.11111758173  17.4942862013  32.1893193671  56.8408827409  96.5556821513  158.392835116  252.493882893  395.23934298  618.647593085  1000.0  1000.0  618.647593085  395.23934298  252.493882893  158.392835116  96.5556821513  56.8408827409  32.1893193671  17.4942862013  9.11111758173  4.54166297363  2.16025079878  0.96427024957  0.361312606443  
0.361312606443  0.96427024957  2.16025079878  4.54166297363  9.11111758173  17.4942862013  32.1893193671  56.8408827409  96.5556821513  158.392835116  252.493882893  395.23934298  618.647593085  1000.0  1000.0  618.647593085  395.23934298  252.493882893  158.392835116  96.5556821513  56.8408827409  32.1893193671  17.4942862013  9.11111758173  4.54166297363  2.16025079878  0.96427024957  0.361312606443  
0.336363421824  0.89696151606  2.00698683131  4.21242830537  8.43192335129  16.1417129627  29.577312848  51.9174256431  87.405161053  141.357895652  219.957669893  329.268611755  470.615663839  618.647593085  618.647593085  470.615663839  329.268611755  219.957669893  141.357895652  87.405161053  51.9174256431  29.577312848  16.1417129627  8.43192335129  4.21242830537  2.00698683131  0.89696151606  0.336363421824  
0.291733578835  0.776777413822  1.73410276349  3.62856135061  7.23408721909  13.775025201  25.0596626935  43.5522496087  72.2958795537  114.546798789  172.856249195  246.989061318  329.268611755  395.23934298  395.23934298  329.268611755  246.989061318  172.856249195  114.546798789  72.2958795537  43.5522496087  25.0596626935  13.775025201  7.23408721909  3.62856135061  1.73410276349  0.776777413822  0.291733578835  
0.236056114889  0.627252009145  1.39602405831  2.9093698982  5.77012815687  10.9134662128  19.6791695562  33.8028621228  55.2374550532  85.6808111546  125.643482029  172.856249195  219.957669893  252.493882893  252.493882893  219.957669893  172.856249195  125.643482029  85.6808111546  55.2374550532  33.8028621228  19.6791695562  10.9134662128  5.77012815687  2.9093698982  1.39602405831  0.627252009145  0.236056114889  
0.178519774494  0.473244258292  1.04955725627  2.17730462793  4.29320882444  8.06059989582  14.399806546  24.4416976425  39.3376280611  59.8514444762  85.6808111546  114.546798789  141.357895652  158.392835116  158.392835116  141.357895652  114.546798789  85.6808111546  59.8514444762  39.3376280611  24.4416976425  14.399806546  8.06059989582  4.29320882444  2.17730462793  1.04955725627  0.473244258292  0.178519774494  
0.126445219176  0.33435349797  0.738772481245  1.52527438182  2.98971400149  5.57216138598  9.86439647815  16.5571555229  26.2853358333  39.3376280611  55.2374550532  72.2958795537  87.405161053  96.5556821513  96.5556821513  87.405161053  72.2958795537  55.2374550532  39.3376280611  26.2853358333  16.5571555229  9.86439647815  5.57216138598  2.98971400149  1.52527438182  0.738772481245  0.33435349797  0.126445219176  
0.0840647868249  0.221725486672  0.488100334155  1.00300514619  1.95472919178  3.61788680948  6.35120175674  10.5538150224  16.5571555229  24.4416976425  33.8028621228  43.5522496087  51.9174256431  56.8408827409  56.8408827409  51.9174256431  43.5522496087  33.8028621228  24.4416976425  16.5571555229  10.5538150224  6.35120175674  3.61788680948  1.95472919178  1.00300514619  0.488100334155  0.221725486672  0.0840647868249  
0.0525745248272  0.138328912308  0.303433031122  0.620758147388  1.20330607554  2.2129637334  3.85575526169  6.35120175674  9.86439647815  14.399806546  19.6791695562  25.0596626935  29.577312848  32.1893193671  32.1893193671  29.577312848  25.0596626935  19.6791695562  14.399806546  9.86439647815  6.35120175674  3.85575526169  2.2129637334  1.20330607554  0.620758147388  0.303433031122  0.138328912308  0.0525745248272  
0.03099643692  0.0813678447543  0.177896190154  0.362447415814  0.699168695529  1.27850848032  2.2129637334  3.61788680948  5.57216138598  8.06059989582  10.9134662128  13.775025201  16.1417129627  17.4942862013  17.4942862013  16.1417129627  13.775025201  10.9134662128  8.06059989582  5.57216138598  3.61788680948  2.2129637334  1.27850848032  0.699168695529  0.362447415814  0.177896190154  0.0813678447543  0.03099643692  
0.01726146744  0.0452175338563  0.0985630877862  0.200072140828  0.384270447346  0.699168695529  1.20330607554  1.95472919178  2.98971400149  4.29320882444  5.77012815687  7.23408721909  8.43192335129  9.11111758173  9.11111758173  8.43192335129  7.23408721909  5.77012815687  4.29320882444  2.98971400149  1.95472919178  1.20330607554  0.699168695529  0.384270447346  0.200072140828  0.0985630877862  0.0452175338563  0.01726146744  
0.00909260000592  0.0237738565318  0.0516822338379  0.104566131029  0.200072140828  0.362447415814  0.620758147388  1.00300514619  1.52527438182  2.17730462793  2.9093698982  3.62856135061  4.21242830537  4.54166297363  4.54166297363  4.21242830537  3.62856135061  2.9093698982  2.17730462793  1.52527438182  1.00300514619  0.620758147388  0.362447415814  0.200072140828  0.104566131029  0.0516822338379  0.0237738565318  0.00909260000592  
0.00452483146925  0.0118113270707  0.0256167590124  0.0516822338379  0.0985630877862  0.177896190154  0.303433031122  0.488100334155  0.738772481245  1.04955725627  1.39602405831  1.73410276349  2.00698683131  2.16025079878  2.16025079878  2.00698683131  1.73410276349  1.39602405831  1.04955725627  0.738772481245  0.488100334155  0.303433031122  0.177896190154  0.0985630877862  0.0516822338379  0.0256167590124  0.0118113270707  0.00452483146925  
0.00209320467963  0.00545650320818  0.0118113270707  0.0237738565318  0.0452175338563  0.0813678447543  0.138328912308  0.221725486672  0.33435349797  0.473244258292  0.627252009145  0.776777413822  0.89696151606  0.96427024957  0.96427024957  0.89696151606  0.776777413822  0.627252009145  0.473244258292  0.33435349797  0.221725486672  0.138328912308  0.0813678447543  0.0452175338563  0.0237738565318  0.0118113270707  0.00545650320818  0.00209320467963  
0.000803763611054  0.00209320467963  0.00452483146925  0.00909260000592  0.01726146744  0.03099643692  0.0525745248272  0.0840647868249  0.126445219176  0.178519774494  0.236056114889  0.291733578835  0.336363421824  0.361312606443  0.361312606443  0.336363421824  0.291733578835  0.236056114889  0.178519774494  0.126445219176  0.0840647868249  0.0525745248272  0.03099643692  0.01726146744  0.00909260000592  0.00452483146925  0.00209320467963  0.000803763611054  
