2.57685303329e-26  9.87035890548e-25  3.36192546709e-23  1.01326811734e-21  2.68418357129e-20  6.1968758427e-19  1.23350652181e-17  2.08789886427e-16  2.95092858863e-15  3.39718439303e-14  3.07525726061e-13  2.0752738395e-12  9.55442159747e-12  2.52978086485e-11  2.52978086485e-11  9.55442159747e-12  2.0752738395e-12  3.07525726061e-13  3.39718439303e-14  2.95092858863e-15  2.08789886427e-16  1.23350652181e-17  6.1968758427e-19  2.68418357129e-20  1.01326811734e-21  3.36192546709e-23  9.87035890548e-25  2.57685303329e-26  
9.87035890548e-25  3.64263193742e-23  1.19704013265e-21  3.48547775467e-20  8.93129577748e-19  1.99691704892e-17  3.85402160275e-16  6.3322127726e-15  8.69688615677e-14  9.7405476416e-13  8.58915319176e-12  5.65468425496e-11  2.54544955079e-10  6.62003393428e-10  6.62003393428e-10  2.54544955079e-10  5.65468425496e-11  8.58915319176e-12  9.7405476416e-13  8.69688615677e-14  6.3322127726e-15  3.85402160275e-16  1.99691704892e-17  8.93129577748e-19  3.48547775467e-20  1.19704013265e-21  3.64263193742e-23  9.87035890548e-25  
3.36192546709e-23  1.19704013265e-21  3.80012907869e-20  1.07026479398e-18  2.65581599139e-17  5.75693046133e-16  1.07837300271e-14  1.72147932411e-13  2.29969751335e-12  2.50806386428e-11  2.15621117377e-10  1.38608831628e-09  6.10590663383e-09  1.56105112553e-08  1.56105112553e-08  6.10590663383e-09  1.38608831628e-09  2.15621117377e-10  2.50806386428e-11  2.29969751335e-12  1.72147932411e-13  1.07837300271e-14  5.75693046133e-16  2.65581599139e-17  1.07026479398e-18  3.80012907869e-20  1.19704013265e-21  3.36192546709e-23  
1.01326811734e-21  3.48547775467e-20  1.07026479398e-18  2.91900871013e-17  7.02233428281e-16  1.47734952188e-14  2.68860298706e-13  4.17423007889e-12  5.4289941065e-11  5.77087325005e-10  4.84154120832e-09  3.04180558644e-08  1.31251810456e-07  3.30166793039e-07  3.30166793039e-07  1.31251810456e-07  3.04180558644e-08  4.84154120832e-09  5.77087325005e-10  5.4289941065e-11  4.17423007889e-12  2.68860298706e-13  1.47734952188e-14  7.02233428281e-16  2.91900871013e-17  1.07026479398e-18  3.48547775467e-20  1.01326811734e-21  
2.68418357129e-20  8.93129577748e-19  2.65581599139e-17  7.02233428281e-16  1.63957618483e-14  3.35109642017e-13  5.93095342661e-12  8.9641258245e-11  1.13614703615e-09  1.17819925409e-08  9.65523428696e-08  5.93449179908e-07  2.51080140578e-06  6.22052063764e-06  6.22052063764e-06  2.51080140578e-06  5.93449179908e-07  9.65523428696e-08  1.17819925409e-08  1.13614703615e-09  8.9641258245e-11  5.93095342661e-12  3.35109642017e-13  1.63957618483e-14  7.02233428281e-16  2.65581599139e-17  8.93129577748e-19  2.68418357129e-20  
6.1968758427e-19  1.99691704892e-17  5.75693046133e-16  1.47734952188e-14  3.35109642017e-13  6.66084524774e-12  1.14757928636e-10  1.69010713452e-09  2.08947562259e-08  2.11593387995e-07  1.69543642073e-06  1.02054966958e-05  4.23847648731e-05  0.00010353774727  0.00010353774727  4.23847648731e-05  1.02054966958e-05  1.69543642073e-06  2.11593387995e-07  2.08947562259e-08  1.69010713452e-09  1.14757928636e-10  6.66084524774e-12  3.35109642017e-13  1.47734952188e-14  5.75693046133e-16  1.99691704892e-17  6.1968758427e-19  
1.23350652181e-17  3.85402160275e-16  1.07837300271e-14  2.68860298706e-13  5.93095342661e-12  1.14757928636e-10  1.92651901539e-09  2.7674068681e-08  3.34055557676e-07  3.306787135e-06  2.59353862617e-05  0.000153072021236  0.000624882173671  0.00150716482869  0.00150716482869  0.000624882173671  0.000153072021236  2.59353862617e-05  3.306787135e-06  3.34055557676e-07  2.7674068681e-08  1.92651901539e-09  1.14757928636e-10  5.93095342661e-12  2.68860298706e-13  1.07837300271e-14  3.85402160275e-16  1.23350652181e-17  
2.08789886427e-16  6.3322127726e-15  1.72147932411e-13  4.17423007889e-12  8.9641258245e-11  1.69010713452e-09  2.7674068681e-08  3.88130722488e-07  4.57930913515e-06  4.43603652863e-05  0.000340977626895  0.00197605149406  0.0079425110596  0.0189492071903  0.0189492071903  0.0079425110596  0.00197605149406  0.000340977626895  4.43603652863e-05  4.57930913515e-06  3.88130722488e-07  2.7674068681e-08  1.69010713452e-09  8.9641258245e-11  4.17423007889e-12  1.72147932411e-13  6.3322127726e-15  2.08789886427e-16  
2.95092858863e-15  8.69688615677e-14  2.29969751335e-12  5.4289941065e-11  1.13614703615e-09  2.08947562259e-08  3.34055557676e-07  4.57930913515e-06  5.28689661485e-05  0.000501834743809  0.00378601504738  0.0215830240912  0.0856098132098  0.202577868319  0.202577868319  0.0856098132098  0.0215830240912  0.00378601504738  0.000501834743809  5.28689661485e-05  4.57930913515e-06  3.34055557676e-07  2.08947562259e-08  1.13614703615e-09  5.4289941065e-11  2.29969751335e-12  8.69688615677e-14  2.95092858863e-15  
3.39718439303e-14  9.7405476416e-13  2.50806386428e-11  5.77087325005e-10  1.17819925409e-08  2.11593387995e-07  3.306787135e-06  4.43603652863e-05  0.000501834743809  0.00467479725217  0.0346820576494  0.194972534796  0.765794309758  1.80513150603  1.80513150603  0.765794309758  0.194972534796  0.0346820576494  0.00467479725217  0.000501834743809  4.43603652863e-05  3.306787135e-06  2.11593387995e-07  1.17819925409e-08  5.77087325005e-10  2.50806386428e-11  9.7405476416e-13  3.39718439303e-14  
3.07525726061e-13  8.58915319176e-12  2.15621117377e-10  4.84154120832e-09  9.65523428696e-08  1.69543642073e-06  2.59353862617e-05  0.000340977626895  0.00378601504738  0.0346820576494  0.253693120161  1.41162511235  5.52063904755  13.0672173943  13.0672173943  5.52063904755  1.41162511235  0.253693120161  0.0346820576494  0.00378601504738  0.000340977626895  2.59353862617e-05  1.69543642073e-06  9.65523428696e-08  4.84154120832e-09  2.15621117377e-10  8.58915319176e-12  3.07525726061e-13  
2.0752738395e-12  5.65468425496e-11  1.38608831628e-09  3.04180558644e-08  5.93449179908e-07  1.02054966958e-05  0.000153072021236  0.00197605149406  0.0215830240912  0.194972534796  1.41162511235  7.82058857417  30.7577614371  74.3450608001  74.3450608001  30.7577614371  7.82058857417  1.41162511235  0.194972534796  0.0215830240912  0.00197605149406  0.000153072021236  1.02054966958e-05  5.93449179908e-07  3.04180558644e-08  1.38608831628e-09  5.65468425496e-11  2.0752738395e-12  
9.55442159747e-12  2.54544955079e-10  6.10590663383e-09  1.31251810456e-07  2.51080140578e-06  4.23847648731e-05  0.000624882173671  0.0079425110596  0.0856098132098  0.765794309758  5.52063904755  30.7577614371  124.044784766  319.34252297  319.34252297  124.044784766  30.7577614371  5.52063904755  0.765794309758  0.0856098132098  0.0079425110596  0.000624882173671  4.23847648731e-05  2.51080140578e-06  1.31251810456e-07  6.10590663383e-09  2.54544955079e-10  9.55442159747e-12  
2.52978086485e-11  6.62003393428e-10  1.56105112553e-08  3.30166793039e-07  6.22052063764e-06  0.00010353774727  0.00150716482869  0.0189492071903  0.202577868319  1.80513150603  13.0672173943  74.3450608001  319.34252297  1000.0  1000.0  319.34252297  74.3450608001  13.0672173943  1.80513150603  0.202577868319  0.0189492071903  0.00150716482869  0.00010353774727  6.22052063764e-06  3.30166793039e-07  1.56105112553e-08  6.62003393428e-10  2.52978086485e-11  
2.52978086485e-11  6.62003393428e-10  1.56105112553e-08  3.30166793039e-07  6.22052063764e-06  0.00010353774727  0.00150716482869  0.0189492071903  0.202577868319  1.80513150603  13.0672173943  74.3450608001  319.34252297  1000.0  1000.0  319.34252297  74.3450608001  13.0672173943  1.80513150603  0.202577868319  0.0189492071903  0.00150716482869  0.00010353774727  6.22052063764e-06  3.30166793039e-07  1.56105112553e-08  6.62003393428e-10  2.52978086485e-11  
9.55442159747e-12  2.54544955079e-10  6.10590663383e-09  1.31251810456e-07  2.51080140578e-06  4.23847648731e-05  0.000624882173671  0.0079425110596  0.0856098132098  0.765794309758  5.52063904755  30.7577614371  124.044784766  319.34252297  319.34252297  124.044784766  30.7577614371  5.52063904755  0.765794309758  0.0856098132098  0.0079425110596  0.000624882173671  4.23847648731e-05  2.51080140578e-06  1.31251810456e-07  6.10590663383e-09  2.54544955079e-10  9.55442159747e-12  
2.0752738395e-12  5.65468425496e-11  1.38608831628e-09  3.04180558644e-08  5.93449179908e-07  1.02054966958e-05  0.000153072021236  0.00197605149406  0.0215830240912  0.194972534796  1.41162511235  7.82058857417  30.7577614371  74.3450608001  74.3450608001  30.7577614371  7.82058857417  1.41162511235  0.194972534796  0.0215830240912  0.00197605149406  0.000153072021236  1.02054966958e-05  5.93449179908e-07  3.04180558644e-08  1.38608831628e-09  5.65468425496e-11  2.0752738395e-12  
3.07525726061e-13  8.58915319176e-12  2.15621117377e-10  4.84154120832e-09  9.65523428696e-08  1.69543642073e-06  2.59353862617e-05  0.000340977626895  0.00378601504738  0.0346820576494  0.253693120161  1.41162511235  5.52063904755  13.0672173943  13.0672173943  5.52063904755  1.41162511235  0.253693120161  0.0346820576494  0.00378601504738  0.000340977626895  2.59353862617e-05  1.69543642073e-06  9.65523428696e-08  4.84154120832e-09  2.15621117377e-10  8.58915319176e-12  3.07525726061e-13  
3.39718439303e-14  9.7405476416e-13  2.50806386428e-11  5.77087325005e-10  1.17819925409e-08  2.11593387995e-07  3.306787135e-06  4.43603652863e-05  0.000501834743809  0.00467479725217  0.0346820576494  0.194972534796  0.765794309758  1.80513150603  1.80513150603  0.765794309758  0.194972534796  0.0346820576494  0.00467479725217  0.000501834743809  4.43603652863e-05  3.306787135e-06  2.11593387995e-07  1.17819925409e-08  5.77087325005e-10  2.50806386428e-11  9.7405476416e-13  3.39718439303e-14  
2.95092858863e-15  8.69688615677e-14  2.29969751335e-12  5.4289941065e-11  1.13614703615e-09  2.08947562259e-08  3.34055557676e-07  4.57930913515e-06  5.28689661485e-05  0.000501834743809  0.00378601504738  0.0215830240912  0.0856098132098  0.202577868319  0.202577868319  0.0856098132098  0.0215830240912  0.00378601504738  0.000501834743809  5.28689661485e-05  4.57930913515e-06  3.34055557676e-07  2.08947562259e-08  1.13614703615e-09  5.4289941065e-11  2.29969751335e-12  8.69688615677e-14  2.95092858863e-15  
2.08789886427e-16  6.3322127726e-15  1.72147932411e-13  4.17423007889e-12  8.9641258245e-11  1.69010713452e-09  2.7674068681e-08  3.88130722488e-07  4.57930913515e-06  4.43603652863e-05  0.000340977626895  0.00197605149406  0.0079425110596  0.0189492071903  0.0189492071903  0.0079425110596  0.00197605149406  0.000340977626895  4.43603652863e-05  4.57930913515e-06  3.88130722488e-07  2.7674068681e-08  1.69010713452e-09  8.9641258245e-11  4.17423007889e-12  1.72147932411e-13  6.3322127726e-15  2.08789886427e-16  
1.23350652181e-17  3.85402160275e-16  1.07837300271e-14  2.68860298706e-13  5.93095342661e-12  1.14757928636e-10  1.92651901539e-09  2.7674068681e-08  3.34055557676e-07  3.306787135e-06  2.59353862617e-05  0.000153072021236  0.000624882173671  0.00150716482869  0.00150716482869  0.000624882173671  0.000153072021236  2.59353862617e-05  3.306787135e-06  3.34055557676e-07  2.7674068681e-08  1.92651901539e-09  1.14757928636e-10  5.93095342661e-12  2.68860298706e-13  1.07837300271e-14  3.85402160275e-16  1.23350652181e-17  
6.1968758427e-19  1.99691704892e-17  5.75693046133e-16  1.47734952188e-14  3.35109642017e-13  6.66084524774e-12  1.14757928636e-10  1.69010713452e-09  2.08947562259e-08  2.11593387995e-07  1.69543642073e-06  1.02054966958e-05  4.23847648731e-05  0.00010353774727  0.00010353774727  4.23847648731e-05  1.02054966958e-05  1.69543642073e-06  2.11593387995e-07  2.08947562259e-08  1.69010713452e-09  1.14757928636e-10  6.66084524774e-12  3.35109642017e-13  1.47734952188e-14  5.75693046133e-16  1.99691704892e-17  6.1968758427e-19  
2.68418357129e-20  8.93129577748e-19  2.65581599139e-17  7.02233428281e-16  1.63957618483e-14  3.35109642017e-13  5.93095342661e-12  8.9641258245e-11  1.13614703615e-09  1.17819925409e-08  9.65523428696e-08  5.93449179908e-07  2.51080140578e-06  6.22052063764e-06  6.22052063764e-06  2.51080140578e-06  5.93449179908e-07  9.65523428696e-08  1.17819925409e-08  1.13614703615e-09  8.9641258245e-11  5.93095342661e-12  3.35109642017e-13  1.63957618483e-14  7.02233428281e-16  2.65581599139e-17  8.93129577748e-19  2.68418357129e-20  
1.01326811734e-21  3.48547775467e-20  1.07026479398e-18  2.91900871013e-17  7.02233428281e-16  1.47734952188e-14  2.68860298706e-13  4.17423007889e-12  5.4289941065e-11  5.77087325005e-10  4.84154120832e-09  3.04180558644e-08  1.31251810456e-07  3.30166793039e-07  3.30166793039e-07  1.31251810456e-07  3.04180558644e-08  4.84154120832e-09  5.77087325005e-10  5.4289941065e-11  4.17423007889e-12  2.68860298706e-13  1.47734952188e-14  7.02233428281e-16  2.91900871013e-17  1.07026479398e-18  3.48547775467e-20  1.01326811734e-21  
3.36192546709e-23  1.19704013265e-21  3.80012907869e-20  1.07026479398e-18  2.65581599139e-17  5.75693046133e-16  1.07837300271e-14  1.72147932411e-13  2.29969751335e-12  2.50806386428e-11  2.15621117377e-10  1.38608831628e-09  6.10590663383e-09  1.56105112553e-08  1.56105112553e-08  6.10590663383e-09  1.38608831628e-09  2.15621117377e-10  2.50806386428e-11  2.29969751335e-12  1.72147932411e-13  1.07837300271e-14  5.75693046133e-16  2.65581599139e-17  1.07026479398e-18  3.80012907869e-20  1.19704013265e-21  3.36192546709e-23  
9.87035890548e-25  3.64263193742e-23  1.19704013265e-21  3.48547775467e-20  8.93129577748e-19  1.99691704892e-17  3.85402160275e-16  6.3322127726e-15  8.69688615677e-14  9.7405476416e-13  8.58915319176e-12  5.65468425496e-11  2.54544955079e-10  6.62003393428e-10  6.62003393428e-10  2.54544955079e-10  5.65468425496e-11  8.58915319176e-12  9.7405476416e-13  8.69688615677e-14  6.3322127726e-15  3.85402160275e-16  1.99691704892e-17  8.93129577748e-19  3.48547775467e-20  1.19704013265e-21  3.64263193742e-23  9.87035890548e-25  
2.57685303329e-26  9.87035890548e-25  3.36192546709e-23  1.01326811734e-21  2.68418357129e-20  6.1968758427e-19  1.23350652181e-17  2.08789886427e-16  2.95092858863e-15  3.39718439303e-14  3.07525726061e-13  2.0752738395e-12  9.55442159747e-12  2.52978086485e-11  2.52978086485e-11  9.55442159747e-12  2.0752738395e-12  3.07525726061e-13  3.39718439303e-14  2.95092858863e-15  2.08789886427e-16  1.23350652181e-17  6.1968758427e-19  2.68418357129e-20  1.01326811734e-21  3.36192546709e-23  9.87035890548e-25  2.57685303329e-26  
