0.0834627067344  0.180333477344  0.303975198552  0.46734818998  0.682084646566  0.956861181304  1.29513405439  1.69257001835  2.13480242666  2.59637634741  3.04178225868  3.42917390695  3.71665677099  3.87003976408  3.87003976408  3.71665677099  3.42917390695  3.04178225868  2.59637634741  2.13480242666  1.69257001835  1.29513405439  0.956861181304  0.682084646566  0.46734818998  0.303975198552  0.180333477344  0.0834627067344  
0.180333477344  0.389963755827  0.658183233582  1.01358824382  1.48212681774  2.08356464199  2.82646737501  3.70238293843  4.68058332344  5.7053045565  6.69760209416  7.56336342404  8.20746228641  8.55167819682  8.55167819682  8.20746228641  7.56336342404  6.69760209416  5.7053045565  4.68058332344  3.70238293843  2.82646737501  2.08356464199  1.48212681774  1.01358824382  0.658183233582  0.389963755827  0.180333477344  
0.303975198552  0.658183233582  1.11310168324  1.71850995248  2.52034164973  3.55470474567  4.83911762228  6.36200026583  8.07268174305  9.87535808755  11.6310351386  13.1708034692  14.3211745223  14.9376568519  14.9376568519  14.3211745223  13.1708034692  11.6310351386  9.87535808755  8.07268174305  6.36200026583  4.83911762228  3.55470474567  2.52034164973  1.71850995248  1.11310168324  0.658183233582  0.303975198552  
0.46734818998  1.01358824382  1.71850995248  2.66182780008  3.91868136929  5.55047221702  7.59085454355  10.0281949726  12.7878243675  15.7195989137  18.597898489  21.1409238357  23.0524340039  24.0809880467  24.0809880467  23.0524340039  21.1409238357  18.597898489  15.7195989137  12.7878243675  10.0281949726  7.59085454355  5.55047221702  3.91868136929  2.66182780008  1.71850995248  1.01358824382  0.46734818998  
0.682084646566  1.48212681774  2.52034164973  3.91868136929  5.79498728319  8.24986024919  11.3454938342  15.0777690768  19.345955491  23.9281925647  28.474641096  32.5317583319  35.6071872374  37.271602415  37.271602415  35.6071872374  32.5317583319  28.474641096  23.9281925647  19.345955491  15.0777690768  11.3454938342  8.24986024919  5.79498728319  3.91868136929  2.52034164973  1.48212681774  0.682084646566  
0.956861181304  2.08356464199  3.55470474567  5.55047221702  8.24986024919  11.8130515191  16.3510878438  21.8834124818  28.2880501719  35.2553109582  42.2634518669  48.6012515909  53.4618503524  56.1141646397  56.1141646397  53.4618503524  48.6012515909  42.2634518669  35.2553109582  28.2880501719  21.8834124818  16.3510878438  11.8130515191  8.24986024919  5.55047221702  3.55470474567  2.08356464199  0.956861181304  
1.29513405439  2.82646737501  4.83911762228  7.59085454355  11.3454938342  16.3510878438  22.7990654254  30.7629178492  40.1198968808  50.4677616724  61.0619810458  70.8159717413  78.4199253453  82.6198096922  82.6198096922  78.4199253453  70.8159717413  61.0619810458  50.4677616724  40.1198968808  30.7629178492  22.7990654254  16.3510878438  11.3454938342  7.59085454355  4.83911762228  2.82646737501  1.29513405439  
1.69257001835  3.70238293843  6.36200026583  10.0281949726  15.0777690768  21.8834124818  30.7629178492  41.8964705701  55.2107739848  70.238185052  85.9785378967  100.826506122  112.676342574  119.34389754  119.34389754  112.676342574  100.826506122  85.9785378967  70.238185052  55.2107739848  41.8964705701  30.7629178492  21.8834124818  15.0777690768  10.0281949726  6.36200026583  3.70238293843  1.69257001835  
2.13480242666  4.68058332344  8.07268174305  12.7878243675  19.345955491  28.2880501719  40.1198968808  55.2107739848  73.6361147669  94.9581451606  117.957578983  140.383413632  158.906772456  169.644053209  169.644053209  158.906772456  140.383413632  117.957578983  94.9581451606  73.6361147669  55.2107739848  40.1198968808  28.2880501719  19.345955491  12.7878243675  8.07268174305  4.68058332344  2.13480242666  
2.59637634741  5.7053045565  9.87535808755  15.7195989137  23.9281925647  35.2553109582  50.4677616724  70.238185052  94.9581451606  124.436564047  157.445837696  191.119057297  220.393157719  238.231947878  238.231947878  220.393157719  191.119057297  157.445837696  124.436564047  94.9581451606  70.238185052  50.4677616724  35.2553109582  23.9281925647  15.7195989137  9.87535808755  5.7053045565  2.59637634741  
3.04178225868  6.69760209416  11.6310351386  18.597898489  28.474641096  42.2634518669  61.0619810458  85.9785378967  117.957578983  157.445837696  203.765596671  253.981979042  301.114283478  332.451464559  332.451464559  301.114283478  253.981979042  203.765596671  157.445837696  117.957578983  85.9785378967  61.0619810458  42.2634518669  28.474641096  18.597898489  11.6310351386  6.69760209416  3.04178225868  
3.42917390695  7.56336342404  13.1708034692  21.1409238357  32.5317583319  48.6012515909  70.8159717413  100.826506122  140.383413632  191.119057297  253.981979042  327.751141291  405.285798039  465.472327066  465.472327066  405.285798039  327.751141291  253.981979042  191.119057297  140.383413632  100.826506122  70.8159717413  48.6012515909  32.5317583319  21.1409238357  13.1708034692  7.56336342404  3.42917390695  
3.71665677099  8.20746228641  14.3211745223  23.0524340039  35.6071872374  53.4618503524  78.4199253453  112.676342574  158.906772456  220.393157719  301.114283478  405.285798039  533.746379791  665.032727134  665.032727134  533.746379791  405.285798039  301.114283478  220.393157719  158.906772456  112.676342574  78.4199253453  53.4618503524  35.6071872374  23.0524340039  14.3211745223  8.20746228641  3.71665677099  
3.87003976408  8.55167819682  14.9376568519  24.0809880467  37.271602415  56.1141646397  82.6198096922  119.34389754  169.644053209  238.231947878  332.451464559  465.472327066  665.032727134  1000.0  1000.0  665.032727134  465.472327066  332.451464559  238.231947878  169.644053209  119.34389754  82.6198096922  56.1141646397  37.271602415  24.0809880467  14.9376568519  8.55167819682  3.87003976408  
3.87003976408  8.55167819682  14.9376568519  24.0809880467  37.271602415  56.1141646397  82.6198096922  119.34389754  169.644053209  238.231947878  332.451464559  465.472327066  665.032727134  1000.0  1000.0  665.032727134  465.472327066  332.451464559  238.231947878  169.644053209  119.34389754  82.6198096922  56.1141646397  37.271602415  24.0809880467  14.9376568519  8.55167819682  3.87003976408  
3.71665677099  8.20746228641  14.3211745223  23.0524340039  35.6071872374  53.4618503524  78.4199253453  112.676342574  158.906772456  220.393157719  301.114283478  405.285798039  533.746379791  665.032727134  665.032727134  533.746379791  405.285798039  301.114283478  220.393157719  158.906772456  112.676342574  78.4199253453  53.4618503524  35.6071872374  23.0524340039  14.3211745223  8.20746228641  3.71665677099  
3.42917390695  7.56336342404  13.1708034692  21.1409238357  32.5317583319  48.6012515909  70.8159717413  100.826506122  140.383413632  191.119057297  253.981979042  327.751141291  405.285798039  465.472327066  465.472327066  405.285798039  327.751141291  253.981979042  191.119057297  140.383413632  100.826506122  70.8159717413  48.6012515909  32.5317583319  21.1409238357  13.1708034692  7.56336342404  3.42917390695  
3.04178225868  6.69760209416  11.6310351386  18.597898489  28.474641096  42.2634518669  61.0619810458  85.9785378967  117.957578983  157.445837696  203.765596671  253.981979042  301.114283478  332.451464559  332.451464559  301.114283478  253.981979042  203.765596671  157.445837696  117.957578983  85.9785378967  61.0619810458  42.2634518669  28.474641096  18.597898489  11.6310351386  6.69760209416  3.04178225868  
2.59637634741  5.7053045565  9.87535808755  15.7195989137  23.9281925647  35.2553109582  50.4677616724  70.238185052  94.9581451606  124.436564047  157.445837696  191.119057297  220.393157719  238.231947878  238.231947878  220.393157719  191.119057297  157.445837696  124.436564047  94.9581451606  70.238185052  50.4677616724  35.2553109582  23.9281925647  15.7195989137  9.87535808755  5.7053045565  2.59637634741  
2.13480242666  4.68058332344  8.07268174305  12.7878243675  19.345955491  28.2880501719  40.1198968808  55.2107739848  73.6361147669  94.9581451606  117.957578983  140.383413632  158.906772456  169.644053209  169.644053209  158.906772456  140.383413632  117.957578983  94.9581451606  73.6361147669  55.2107739848  40.1198968808  28.2880501719  19.345955491  12.7878243675  8.07268174305  4.68058332344  2.13480242666  
1.69257001835  3.70238293843  6.36200026583  10.0281949726  15.0777690768  21.8834124818  30.7629178492  41.8964705701  55.2107739848  70.238185052  85.9785378967  100.826506122  112.676342574  119.34389754  119.34389754  112.676342574  100.826506122  85.9785378967  70.238185052  55.2107739848  41.8964705701  30.7629178492  21.8834124818  15.0777690768  10.0281949726  6.36200026583  3.70238293843  1.69257001835  
1.29513405439  2.82646737501  4.83911762228  7.59085454355  11.3454938342  16.3510878438  22.7990654254  30.7629178492  40.1198968808  50.4677616724  61.0619810458  70.8159717413  78.4199253453  82.6198096922  82.6198096922  78.4199253453  70.8159717413  61.0619810458  50.4677616724  40.1198968808  30.7629178492  22.7990654254  16.3510878438  11.3454938342  7.59085454355  4.83911762228  2.82646737501  1.29513405439  
0.956861181304  2.08356464199  3.55470474567  5.55047221702  8.24986024919  11.8130515191  16.3510878438  21.8834124818  28.2880501719  35.2553109582  42.2634518669  48.6012515909  53.4618503524  56.1141646397  56.1141646397  53.4618503524  48.6012515909  42.2634518669  35.2553109582  28.2880501719  21.8834124818  16.3510878438  11.8130515191  8.24986024919  5.55047221702  3.55470474567  2.08356464199  0.956861181304  
0.682084646566  1.48212681774  2.52034164973  3.91868136929  5.79498728319  8.24986024919  11.3454938342  15.0777690768  19.345955491  23.9281925647  28.474641096  32.5317583319  35.6071872374  37.271602415  37.271602415  35.6071872374  32.5317583319  28.474641096  23.9281925647  19.345955491  15.0777690768  11.3454938342  8.24986024919  5.79498728319  3.91868136929  2.52034164973  1.48212681774  0.682084646566  
0.46734818998  1.01358824382  1.71850995248  2.66182780008  3.91868136929  5.55047221702  7.59085454355  10.0281949726  12.7878243675  15.7195989137  18.597898489  21.1409238357  23.0524340039  24.0809880467  24.0809880467  23.0524340039  21.1409238357  18.597898489  15.7195989137  12.7878243675  10.0281949726  7.59085454355  5.55047221702  3.91868136929  2.66182780008  1.71850995248  1.01358824382  0.46734818998  
0.303975198552  0.658183233582  1.11310168324  1.71850995248  2.52034164973  3.55470474567  4.83911762228  6.36200026583  8.07268174305  9.87535808755  11.6310351386  13.1708034692  14.3211745223  14.9376568519  14.9376568519  14.3211745223  13.1708034692  11.6310351386  9.87535808755  8.07268174305  6.36200026583  4.83911762228  3.55470474567  2.52034164973  1.71850995248  1.11310168324  0.658183233582  0.303975198552  
0.180333477344  0.389963755827  0.658183233582  1.01358824382  1.48212681774  2.08356464199  2.82646737501  3.70238293843  4.68058332344  5.7053045565  6.69760209416  7.56336342404  8.20746228641  8.55167819682  8.55167819682  8.20746228641  7.56336342404  6.69760209416  5.7053045565  4.68058332344  3.70238293843  2.82646737501  2.08356464199  1.48212681774  1.01358824382  0.658183233582  0.389963755827  0.180333477344  
0.0834627067344  0.180333477344  0.303975198552  0.46734818998  0.682084646566  0.956861181304  1.29513405439  1.69257001835  2.13480242666  2.59637634741  3.04178225868  3.42917390695  3.71665677099  3.87003976408  3.87003976408  3.71665677099  3.42917390695  3.04178225868  2.59637634741  2.13480242666  1.69257001835  1.29513405439  0.956861181304  0.682084646566  0.46734818998  0.303975198552  0.180333477344  0.0834627067344  
