6.27895486463e-06  2.0750380063e-05  5.94794601545e-05  0.000158569320518  0.00039436134981  0.000912224104413  0.00195524593117  0.00386734574309  0.00702816570113  0.0116817114978  0.0176761182388  0.0242390090537  0.0299995583447  0.0334042387983  0.0334042387983  0.0299995583447  0.0242390090537  0.0176761182388  0.0116817114978  0.00702816570113  0.00386734574309  0.00195524593117  0.000912224104413  0.00039436134981  0.000158569320518  5.94794601545e-05  2.0750380063e-05  6.27895486463e-06  
2.0750380063e-05  6.85837159096e-05  0.000196651944754  0.000524547073949  0.00130557423701  0.00302318885248  0.00648841778017  0.0128539571122  0.0234018038796  0.0389728383566  0.0590882022171  0.0811740241292  0.100608424676  0.112115147663  0.112115147663  0.100608424676  0.0811740241292  0.0590882022171  0.0389728383566  0.0234018038796  0.0128539571122  0.00648841778017  0.00302318885248  0.00130557423701  0.000524547073949  0.000196651944754  6.85837159096e-05  2.0750380063e-05  
5.94794601545e-05  0.000196651944754  0.000564191286586  0.00150623799038  0.00375348480468  0.00870513743762  0.0187191082102  0.0371684335469  0.0678443985265  0.113304696341  0.172276956895  0.237295701975  0.294721099859  0.328811562164  0.328811562164  0.294721099859  0.237295701975  0.172276956895  0.113304696341  0.0678443985265  0.0371684335469  0.0187191082102  0.00870513743762  0.00375348480468  0.00150623799038  0.000564191286586  0.000196651944754  5.94794601545e-05  
0.000158569320518  0.000524547073949  0.00150623799038  0.00402622691116  0.0100495971871  0.023355319368  0.0503487194859  0.100269144855  0.18364323206  0.30782693694  0.469809806562  0.649400584261  0.808822053198  0.903811440587  0.903811440587  0.808822053198  0.649400584261  0.469809806562  0.30782693694  0.18364323206  0.100269144855  0.0503487194859  0.023355319368  0.0100495971871  0.00402622691116  0.00150623799038  0.000524547073949  0.000158569320518  
0.00039436134981  0.00130557423701  0.00375348480468  0.0100495971871  0.0251369850592  0.058572103459  0.126671144654  0.253215987228  0.465767141853  0.784431179197  1.20309629586  1.67074580447  2.08875819132  2.33911726738  2.33911726738  2.08875819132  1.67074580447  1.20309629586  0.784431179197  0.465767141853  0.253215987228  0.126671144654  0.058572103459  0.0251369850592  0.0100495971871  0.00375348480468  0.00130557423701  0.00039436134981  
0.000912224104413  0.00302318885248  0.00870513743762  0.023355319368  0.058572103459  0.136925517088  0.297297592121  0.597100435559  1.10429458584  1.87110720186  2.888125737  4.03559702458  5.07117417894  5.69603912754  5.69603912754  5.07117417894  4.03559702458  2.888125737  1.87110720186  1.10429458584  0.597100435559  0.297297592121  0.136925517088  0.058572103459  0.023355319368  0.00870513743762  0.00302318885248  0.000912224104413  
0.00195524593117  0.00648841778017  0.0187191082102  0.0503487194859  0.126671144654  0.297297592121  0.648634489212  1.31031815541  2.43987752951  4.16611657741  6.48429187026  9.1357521697  11.5613820613  13.0412319017  13.0412319017  11.5613820613  9.1357521697  6.48429187026  4.16611657741  2.43987752951  1.31031815541  0.648634489212  0.297297592121  0.126671144654  0.0503487194859  0.0187191082102  0.00648841778017  0.00195524593117  
0.00386734574309  0.0128539571122  0.0371684335469  0.100269144855  0.253215987228  0.597100435559  1.31031815541  2.66575599066  5.00579721047  8.63152617794  13.5811960374  19.3495645653  24.7311071542  28.070517996  28.070517996  24.7311071542  19.3495645653  13.5811960374  8.63152617794  5.00579721047  2.66575599066  1.31031815541  0.597100435559  0.253215987228  0.100269144855  0.0371684335469  0.0128539571122  0.00386734574309  
0.00702816570113  0.0234018038796  0.0678443985265  0.18364323206  0.465767141853  1.10429458584  2.43987752951  5.00579721047  9.49735361438  16.5794120643  26.459377595  38.2762336331  49.6238648985  56.8597740201  56.8597740201  49.6238648985  38.2762336331  26.459377595  16.5794120643  9.49735361438  5.00579721047  2.43987752951  1.10429458584  0.465767141853  0.18364323206  0.0678443985265  0.0234018038796  0.00702816570113  
0.0116817114978  0.0389728383566  0.113304696341  0.30782693694  0.784431179197  1.87110720186  4.16611657741  8.63152617794  16.5794120643  29.3881892372  47.7722766898  70.5678477519  93.4285240249  108.686343706  108.686343706  93.4285240249  70.5678477519  47.7722766898  29.3881892372  16.5794120643  8.63152617794  4.16611657741  1.87110720186  0.784431179197  0.30782693694  0.113304696341  0.0389728383566  0.0116817114978  
0.0176761182388  0.0590882022171  0.172276956895  0.469809806562  1.20309629586  2.888125737  6.48429187026  13.5811960374  26.459377595  47.7722766898  79.5001396294  120.850003773  165.137428022  197.142194977  197.142194977  165.137428022  120.850003773  79.5001396294  47.7722766898  26.459377595  13.5811960374  6.48429187026  2.888125737  1.20309629586  0.469809806562  0.172276956895  0.0590882022171  0.0176761182388  
0.0242390090537  0.0811740241292  0.237295701975  0.649400584261  1.67074580447  4.03559702458  9.1357521697  19.3495645653  38.2762336331  70.5678477519  120.850003773  190.919387277  273.801187266  342.85777706  342.85777706  273.801187266  190.919387277  120.850003773  70.5678477519  38.2762336331  19.3495645653  9.1357521697  4.03559702458  1.67074580447  0.649400584261  0.237295701975  0.0811740241292  0.0242390090537  
0.0299995583447  0.100608424676  0.294721099859  0.808822053198  2.08875819132  5.07117417894  11.5613820613  24.7311071542  49.6238648985  93.4285240249  165.137428022  273.801187266  422.35366068  582.542544196  582.542544196  422.35366068  273.801187266  165.137428022  93.4285240249  49.6238648985  24.7311071542  11.5613820613  5.07117417894  2.08875819132  0.808822053198  0.294721099859  0.100608424676  0.0299995583447  
0.0334042387983  0.112115147663  0.328811562164  0.903811440587  2.33911726738  5.69603912754  13.0412319017  28.070517996  56.8597740201  108.686343706  197.142194977  342.85777706  582.542544196  1000.0  1000.0  582.542544196  342.85777706  197.142194977  108.686343706  56.8597740201  28.070517996  13.0412319017  5.69603912754  2.33911726738  0.903811440587  0.328811562164  0.112115147663  0.0334042387983  
0.0334042387983  0.112115147663  0.328811562164  0.903811440587  2.33911726738  5.69603912754  13.0412319017  28.070517996  56.8597740201  108.686343706  197.142194977  342.85777706  582.542544196  1000.0  1000.0  582.542544196  342.85777706  197.142194977  108.686343706  56.8597740201  28.070517996  13.0412319017  5.69603912754  2.33911726738  0.903811440587  0.328811562164  0.112115147663  0.0334042387983  
0.0299995583447  0.100608424676  0.294721099859  0.808822053198  2.08875819132  5.07117417894  11.5613820613  24.7311071542  49.6238648985  93.4285240249  165.137428022  273.801187266  422.35366068  582.542544196  582.542544196  422.35366068  273.801187266  165.137428022  93.4285240249  49.6238648985  24.7311071542  11.5613820613  5.07117417894  2.08875819132  0.808822053198  0.294721099859  0.100608424676  0.0299995583447  
0.0242390090537  0.0811740241292  0.237295701975  0.649400584261  1.67074580447  4.03559702458  9.1357521697  19.3495645653  38.2762336331  70.5678477519  120.850003773  190.919387277  273.801187266  342.85777706  342.85777706  273.801187266  190.919387277  120.850003773  70.5678477519  38.2762336331  19.3495645653  9.1357521697  4.03559702458  1.67074580447  0.649400584261  0.237295701975  0.0811740241292  0.0242390090537  
0.0176761182388  0.0590882022171  0.172276956895  0.469809806562  1.20309629586  2.888125737  6.48429187026  13.5811960374  26.459377595  47.7722766898  79.5001396294  120.850003773  165.137428022  197.142194977  197.142194977  165.137428022  120.850003773  79.5001396294  47.7722766898  26.459377595  13.5811960374  6.48429187026  2.888125737  1.20309629586  0.469809806562  0.172276956895  0.0590882022171  0.0176761182388  
0.0116817114978  0.0389728383566  0.113304696341  0.30782693694  0.784431179197  1.87110720186  4.16611657741  8.63152617794  16.5794120643  29.3881892372  47.7722766898  70.5678477519  93.4285240249  108.686343706  108.686343706  93.4285240249  70.5678477519  47.7722766898  29.3881892372  16.5794120643  8.63152617794  4.16611657741  1.87110720186  0.784431179197  0.30782693694  0.113304696341  0.0389728383566  0.0116817114978  
0.00702816570113  0.0234018038796  0.0678443985265  0.18364323206  0.465767141853  1.10429458584  2.43987752951  5.00579721047  9.49735361438  16.5794120643  26.459377595  38.2762336331  49.6238648985  56.8597740201  56.8597740201  49.6238648985  38.2762336331  26.459377595  16.5794120643  9.49735361438  5.00579721047  2.43987752951  1.10429458584  0.465767141853  0.18364323206  0.0678443985265  0.0234018038796  0.00702816570113  
0.00386734574309  0.0128539571122  0.0371684335469  0.100269144855  0.253215987228  0.597100435559  1.31031815541  2.66575599066  5.00579721047  8.63152617794  13.5811960374  19.3495645653  24.7311071542  28.070517996  28.070517996  24.7311071542  19.3495645653  13.5811960374  8.63152617794  5.00579721047  2.66575599066  1.31031815541  0.597100435559  0.253215987228  0.100269144855  0.0371684335469  0.0128539571122  0.00386734574309  
0.00195524593117  0.00648841778017  0.0187191082102  0.0503487194859  0.126671144654  0.297297592121  0.648634489212  1.31031815541  2.43987752951  4.16611657741  6.48429187026  9.1357521697  11.5613820613  13.0412319017  13.0412319017  11.5613820613  9.1357521697  6.48429187026  4.16611657741  2.43987752951  1.31031815541  0.648634489212  0.297297592121  0.126671144654  0.0503487194859  0.0187191082102  0.00648841778017  0.00195524593117  
0.000912224104413  0.00302318885248  0.00870513743762  0.023355319368  0.058572103459  0.136925517088  0.297297592121  0.597100435559  1.10429458584  1.87110720186  2.888125737  4.03559702458  5.07117417894  5.69603912754  5.69603912754  5.07117417894  4.03559702458  2.888125737  1.87110720186  1.10429458584  0.597100435559  0.297297592121  0.136925517088  0.058572103459  0.023355319368  0.00870513743762  0.00302318885248  0.000912224104413  
0.00039436134981  0.00130557423701  0.00375348480468  0.0100495971871  0.0251369850592  0.058572103459  0.126671144654  0.253215987228  0.465767141853  0.784431179197  1.20309629586  1.67074580447  2.08875819132  2.33911726738  2.33911726738  2.08875819132  1.67074580447  1.20309629586  0.784431179197  0.465767141853  0.253215987228  0.126671144654  0.058572103459  0.0251369850592  0.0100495971871  0.00375348480468  0.00130557423701  0.00039436134981  
0.000158569320518  0.000524547073949  0.00150623799038  0.00402622691116  0.0100495971871  0.023355319368  0.0503487194859  0.100269144855  0.18364323206  0.30782693694  0.469809806562  0.649400584261  0.808822053198  0.903811440587  0.903811440587  0.808822053198  0.649400584261  0.469809806562  0.30782693694  0.18364323206  0.100269144855  0.0503487194859  0.023355319368  0.0100495971871  0.00402622691116  0.00150623799038  0.000524547073949  0.000158569320518  
5.94794601545e-05  0.000196651944754  0.000564191286586  0.00150623799038  0.00375348480468  0.00870513743762  0.0187191082102  0.0371684335469  0.0678443985265  0.113304696341  0.172276956895  0.237295701975  0.294721099859  0.328811562164  0.328811562164  0.294721099859  0.237295701975  0.172276956895  0.113304696341  0.0678443985265  0.0371684335469  0.0187191082102  0.00870513743762  0.00375348480468  0.00150623799038  0.000564191286586  0.000196651944754  5.94794601545e-05  
2.0750380063e-05  6.85837159096e-05  0.000196651944754  0.000524547073949  0.00130557423701  0.00302318885248  0.00648841778017  0.0128539571122  0.0234018038796  0.0389728383566  0.0590882022171  0.0811740241292  0.100608424676  0.112115147663  0.112115147663  0.100608424676  0.0811740241292  0.0590882022171  0.0389728383566  0.0234018038796  0.0128539571122  0.00648841778017  0.00302318885248  0.00130557423701  0.000524547073949  0.000196651944754  6.85837159096e-05  2.0750380063e-05  
6.27895486463e-06  2.0750380063e-05  5.94794601545e-05  0.000158569320518  0.00039436134981  0.000912224104413  0.00195524593117  0.00386734574309  0.00702816570113  0.0116817114978  0.0176761182388  0.0242390090537  0.0299995583447  0.0334042387983  0.0334042387983  0.0299995583447  0.0242390090537  0.0176761182388  0.0116817114978  0.00702816570113  0.00386734574309  0.00195524593117  0.000912224104413  0.00039436134981  0.000158569320518  5.94794601545e-05  2.0750380063e-05  6.27895486463e-06  
