0.00614319658422  0.0146295501226  0.028194030948  0.0502572208711  0.0849975416055  0.137050571614  0.21069669903  0.308500079779  0.429579816279  0.567995015997  0.711985389131  0.844830293205  0.947692504356  1.00399931822  1.00399931822  0.947692504356  0.844830293205  0.711985389131  0.567995015997  0.429579816279  0.308500079779  0.21069669903  0.137050571614  0.0849975416055  0.0502572208711  0.028194030948  0.0146295501226  0.00614319658422  
0.0146295501226  0.0348753772935  0.0673133565942  0.120209339186  0.203725868831  0.3292353586  0.507386588598  0.744801681262  1.03980113486  1.37830191688  1.73172265777  2.05886838126  2.31286122595  2.45214431727  2.45214431727  2.31286122595  2.05886838126  1.73172265777  1.37830191688  1.03980113486  0.744801681262  0.507386588598  0.3292353586  0.203725868831  0.120209339186  0.0673133565942  0.0348753772935  0.0146295501226  
0.028194030948  0.0673133565942  0.130208529544  0.23315225621  0.396341624109  0.642667456315  0.994005137036  1.4646855524  2.05280285603  2.73153830916  3.44421484365  4.10735222903  4.6244179418  4.90877562512  4.90877562512  4.6244179418  4.10735222903  3.44421484365  2.73153830916  2.05280285603  1.4646855524  0.994005137036  0.642667456315  0.396341624109  0.23315225621  0.130208529544  0.0673133565942  0.028194030948  
0.0502572208711  0.120209339186  0.23315225621  0.418854548547  0.71469864468  1.16372537194  1.80810886744  2.67720431213  3.77104771679  5.04305300996  6.3888654643  7.65008616719  8.63939159803  9.18566799782  9.18566799782  8.63939159803  7.65008616719  6.3888654643  5.04305300996  3.77104771679  2.67720431213  1.80810886744  1.16372537194  0.71469864468  0.418854548547  0.23315225621  0.120209339186  0.0502572208711  
0.0849975416055  0.203725868831  0.396341624109  0.71469864468  1.22480323385  2.00406155805  3.13055081404  4.66233552398  6.60761553634  8.89153463542  11.3318541492  13.6404925953  15.4661883675  16.4800273095  16.4800273095  15.4661883675  13.6404925953  11.3318541492  8.89153463542  6.60761553634  4.66233552398  3.13055081404  2.00406155805  1.22480323385  0.71469864468  0.396341624109  0.203725868831  0.0849975416055  
0.137050571614  0.3292353586  0.642667456315  1.16372537194  2.00406155805  3.29737444305  5.18300510013  7.77214357902  11.096357444  15.0463238434  19.3204828974  23.4150188262  26.68940005  28.5224107048  28.5224107048  26.68940005  23.4150188262  19.3204828974  15.0463238434  11.096357444  7.77214357902  5.18300510013  3.29737444305  2.00406155805  1.16372537194  0.642667456315  0.3292353586  0.137050571614  
0.21069669903  0.507386588598  0.994005137036  1.80810886744  3.13055081404  5.18300510013  8.20504452647  12.4024948048  17.8634522137  24.4501159698  31.6945978798  38.7523024434  44.4853728821  47.7329652164  47.7329652164  44.4853728821  38.7523024434  31.6945978798  24.4501159698  17.8634522137  12.4024948048  8.20504452647  5.18300510013  3.13055081404  1.80810886744  0.994005137036  0.507386588598  0.21069669903  
0.308500079779  0.744801681262  1.4646855524  2.67720431213  4.66233552398  7.77214357902  12.4024948048  18.9204704617  27.5363990432  38.1233478835  50.0160688701  61.8694498297  71.71674742  77.3969595802  77.3969595802  71.71674742  61.8694498297  50.0160688701  38.1233478835  27.5363990432  18.9204704617  12.4024948048  7.77214357902  4.66233552398  2.67720431213  1.4646855524  0.744801681262  0.308500079779  
0.429579816279  1.03980113486  2.05280285603  3.77104771679  6.60761553634  11.096357444  17.8634522137  27.5363990432  40.5660422827  56.9476563132  75.858856949  95.3046813997  112.00016407  121.914809141  121.914809141  112.00016407  95.3046813997  75.858856949  56.9476563132  40.5660422827  27.5363990432  17.8634522137  11.096357444  6.60761553634  3.77104771679  2.05280285603  1.03980113486  0.429579816279  
0.567995015997  1.37830191688  2.73153830916  5.04305300996  8.89153463542  15.0463238434  24.4501159698  38.1233478835  56.9476563132  81.2815582496  110.372250367  141.590834822  169.743074991  187.298187209  187.298187209  169.743074991  141.590834822  110.372250367  81.2815582496  56.9476563132  38.1233478835  24.4501159698  15.0463238434  8.89153463542  5.04305300996  2.73153830916  1.37830191688  0.567995015997  
0.711985389131  1.73172265777  3.44421484365  6.3888654643  11.3318541492  19.3204828974  31.6945978798  50.0160688701  75.858856949  110.372250367  153.477091645  202.491303337  250.07383411  282.383480063  282.383480063  250.07383411  202.491303337  153.477091645  110.372250367  75.858856949  50.0160688701  31.6945978798  19.3204828974  11.3318541492  6.3888654643  3.44421484365  1.73172265777  0.711985389131  
0.844830293205  2.05886838126  4.10735222903  7.65008616719  13.6404925953  23.4150188262  38.7523024434  61.8694498297  95.3046813997  141.590834822  202.491303337  277.203989813  358.128543472  422.075349873  422.075349873  358.128543472  277.203989813  202.491303337  141.590834822  95.3046813997  61.8694498297  38.7523024434  23.4150188262  13.6404925953  7.65008616719  4.10735222903  2.05886838126  0.844830293205  
0.947692504356  2.31286122595  4.6244179418  8.63939159803  15.4661883675  26.68940005  44.4853728821  71.71674742  112.00016407  169.743074991  250.07383411  358.128543472  494.910245859  636.591421198  636.591421198  494.910245859  358.128543472  250.07383411  169.743074991  112.00016407  71.71674742  44.4853728821  26.68940005  15.4661883675  8.63939159803  4.6244179418  2.31286122595  0.947692504356  
1.00399931822  2.45214431727  4.90877562512  9.18566799782  16.4800273095  28.5224107048  47.7329652164  77.3969595802  121.914809141  187.298187209  282.383480063  422.075349873  636.591421198  1000.0  1000.0  636.591421198  422.075349873  282.383480063  187.298187209  121.914809141  77.3969595802  47.7329652164  28.5224107048  16.4800273095  9.18566799782  4.90877562512  2.45214431727  1.00399931822  
1.00399931822  2.45214431727  4.90877562512  9.18566799782  16.4800273095  28.5224107048  47.7329652164  77.3969595802  121.914809141  187.298187209  282.383480063  422.075349873  636.591421198  1000.0  1000.0  636.591421198  422.075349873  282.383480063  187.298187209  121.914809141  77.3969595802  47.7329652164  28.5224107048  16.4800273095  9.18566799782  4.90877562512  2.45214431727  1.00399931822  
0.947692504356  2.31286122595  4.6244179418  8.63939159803  15.4661883675  26.68940005  44.4853728821  71.71674742  112.00016407  169.743074991  250.07383411  358.128543472  494.910245859  636.591421198  636.591421198  494.910245859  358.128543472  250.07383411  169.743074991  112.00016407  71.71674742  44.4853728821  26.68940005  15.4661883675  8.63939159803  4.6244179418  2.31286122595  0.947692504356  
0.844830293205  2.05886838126  4.10735222903  7.65008616719  13.6404925953  23.4150188262  38.7523024434  61.8694498297  95.3046813997  141.590834822  202.491303337  277.203989813  358.128543472  422.075349873  422.075349873  358.128543472  277.203989813  202.491303337  141.590834822  95.3046813997  61.8694498297  38.7523024434  23.4150188262  13.6404925953  7.65008616719  4.10735222903  2.05886838126  0.844830293205  
0.711985389131  1.73172265777  3.44421484365  6.3888654643  11.3318541492  19.3204828974  31.6945978798  50.0160688701  75.858856949  110.372250367  153.477091645  202.491303337  250.07383411  282.383480063  282.383480063  250.07383411  202.491303337  153.477091645  110.372250367  75.858856949  50.0160688701  31.6945978798  19.3204828974  11.3318541492  6.3888654643  3.44421484365  1.73172265777  0.711985389131  
0.567995015997  1.37830191688  2.73153830916  5.04305300996  8.89153463542  15.0463238434  24.4501159698  38.1233478835  56.9476563132  81.2815582496  110.372250367  141.590834822  169.743074991  187.298187209  187.298187209  169.743074991  141.590834822  110.372250367  81.2815582496  56.9476563132  38.1233478835  24.4501159698  15.0463238434  8.89153463542  5.04305300996  2.73153830916  1.37830191688  0.567995015997  
0.429579816279  1.03980113486  2.05280285603  3.77104771679  6.60761553634  11.096357444  17.8634522137  27.5363990432  40.5660422827  56.9476563132  75.858856949  95.3046813997  112.00016407  121.914809141  121.914809141  112.00016407  95.3046813997  75.858856949  56.9476563132  40.5660422827  27.5363990432  17.8634522137  11.096357444  6.60761553634  3.77104771679  2.05280285603  1.03980113486  0.429579816279  
0.308500079779  0.744801681262  1.4646855524  2.67720431213  4.66233552398  7.77214357902  12.4024948048  18.9204704617  27.5363990432  38.1233478835  50.0160688701  61.8694498297  71.71674742  77.3969595802  77.3969595802  71.71674742  61.8694498297  50.0160688701  38.1233478835  27.5363990432  18.9204704617  12.4024948048  7.77214357902  4.66233552398  2.67720431213  1.4646855524  0.744801681262  0.308500079779  
0.21069669903  0.507386588598  0.994005137036  1.80810886744  3.13055081404  5.18300510013  8.20504452647  12.4024948048  17.8634522137  24.4501159698  31.6945978798  38.7523024434  44.4853728821  47.7329652164  47.7329652164  44.4853728821  38.7523024434  31.6945978798  24.4501159698  17.8634522137  12.4024948048  8.20504452647  5.18300510013  3.13055081404  1.80810886744  0.994005137036  0.507386588598  0.21069669903  
0.137050571614  0.3292353586  0.642667456315  1.16372537194  2.00406155805  3.29737444305  5.18300510013  7.77214357902  11.096357444  15.0463238434  19.3204828974  23.4150188262  26.68940005  28.5224107048  28.5224107048  26.68940005  23.4150188262  19.3204828974  15.0463238434  11.096357444  7.77214357902  5.18300510013  3.29737444305  2.00406155805  1.16372537194  0.642667456315  0.3292353586  0.137050571614  
0.0849975416055  0.203725868831  0.396341624109  0.71469864468  1.22480323385  2.00406155805  3.13055081404  4.66233552398  6.60761553634  8.89153463542  11.3318541492  13.6404925953  15.4661883675  16.4800273095  16.4800273095  15.4661883675  13.6404925953  11.3318541492  8.89153463542  6.60761553634  4.66233552398  3.13055081404  2.00406155805  1.22480323385  0.71469864468  0.396341624109  0.203725868831  0.0849975416055  
0.0502572208711  0.120209339186  0.23315225621  0.418854548547  0.71469864468  1.16372537194  1.80810886744  2.67720431213  3.77104771679  5.04305300996  6.3888654643  7.65008616719  8.63939159803  9.18566799782  9.18566799782  8.63939159803  7.65008616719  6.3888654643  5.04305300996  3.77104771679  2.67720431213  1.80810886744  1.16372537194  0.71469864468  0.418854548547  0.23315225621  0.120209339186  0.0502572208711  
0.028194030948  0.0673133565942  0.130208529544  0.23315225621  0.396341624109  0.642667456315  0.994005137036  1.4646855524  2.05280285603  2.73153830916  3.44421484365  4.10735222903  4.6244179418  4.90877562512  4.90877562512  4.6244179418  4.10735222903  3.44421484365  2.73153830916  2.05280285603  1.4646855524  0.994005137036  0.642667456315  0.396341624109  0.23315225621  0.130208529544  0.0673133565942  0.028194030948  
0.0146295501226  0.0348753772935  0.0673133565942  0.120209339186  0.203725868831  0.3292353586  0.507386588598  0.744801681262  1.03980113486  1.37830191688  1.73172265777  2.05886838126  2.31286122595  2.45214431727  2.45214431727  2.31286122595  2.05886838126  1.73172265777  1.37830191688  1.03980113486  0.744801681262  0.507386588598  0.3292353586  0.203725868831  0.120209339186  0.0673133565942  0.0348753772935  0.0146295501226  
0.00614319658422  0.0146295501226  0.028194030948  0.0502572208711  0.0849975416055  0.137050571614  0.21069669903  0.308500079779  0.429579816279  0.567995015997  0.711985389131  0.844830293205  0.947692504356  1.00399931822  1.00399931822  0.947692504356  0.844830293205  0.711985389131  0.567995015997  0.429579816279  0.308500079779  0.21069669903  0.137050571614  0.0849975416055  0.0502572208711  0.028194030948  0.0146295501226  0.00614319658422  
