0.059123270921  0.129207273592  0.221374496994  0.34677220252  0.515881282265  0.737116674011  1.01474247393  1.34638211839  1.72070677502  2.11614409256  2.50152307701  2.83930496328  3.09136501783  3.22629798054  3.22629798054  3.09136501783  2.83930496328  2.50152307701  2.11614409256  1.72070677502  1.34638211839  1.01474247393  0.737116674011  0.515881282265  0.34677220252  0.221374496994  0.129207273592  0.059123270921  
0.129207273592  0.282617439164  0.484870076123  0.760816818553  1.13406090071  1.62389446288  2.24064366339  2.97999567786  3.81757324521  4.70565728055  5.57421863105  6.33792425707  6.90927134417  7.21563482756  7.21563482756  6.90927134417  6.33792425707  5.57421863105  4.70565728055  3.81757324521  2.97999567786  2.24064366339  1.62389446288  1.13406090071  0.760816818553  0.484870076123  0.282617439164  0.129207273592  
0.221374496994  0.484870076123  0.833581943027  1.31140194596  1.96066466944  2.81691132213  3.90067404043  5.2071444122  6.69584463427  8.2836919405  9.84558746617  11.2261030334  12.2632828742  12.8209870497  12.8209870497  12.2632828742  11.2261030334  9.84558746617  8.2836919405  6.69584463427  5.2071444122  3.90067404043  2.81691132213  1.96066466944  1.31140194596  0.833581943027  0.484870076123  0.221374496994  
0.34677220252  0.760816818553  1.31140194596  2.06995781617  3.10673651058  4.4827031381  6.23625630931  8.36583794287  10.811561563  13.4413458847  16.0488740567  18.3706295508  20.1256117833  21.0731426228  21.0731426228  20.1256117833  18.3706295508  16.0488740567  13.4413458847  10.811561563  8.36583794287  6.23625630931  4.4827031381  3.10673651058  2.06995781617  1.31140194596  0.760816818553  0.34677220252  
0.515881282265  1.13406090071  1.96066466944  3.10673651058  4.68399469921  6.79311024927  9.50343497264  12.82512288  16.6777400512  20.8635445148  25.0576772513  28.8293698095  31.7043986325  33.2656205616  33.2656205616  31.7043986325  28.8293698095  25.0576772513  20.8635445148  16.6777400512  12.82512288  9.50343497264  6.79311024927  4.68399469921  3.10673651058  1.96066466944  1.13406090071  0.515881282265  
0.737116674011  1.62389446288  2.81691132213  4.4827031381  6.79311024927  9.90947099225  13.9533200787  18.9636980092  24.845518999  31.3199520808  37.8958412383  43.8881827139  48.5092260736  51.0392915202  51.0392915202  48.5092260736  43.8881827139  37.8958412383  31.3199520808  24.845518999  18.9636980092  13.9533200787  9.90947099225  6.79311024927  4.4827031381  2.81691132213  1.62389446288  0.737116674011  
1.01474247393  2.24064366339  3.90067404043  6.23625630931  9.50343497264  13.9533200787  19.7923503681  27.1203209249  35.8492260703  45.6150874655  55.7090793138  65.0722002481  72.4110840994  76.4780260927  76.4780260927  72.4110840994  65.0722002481  55.7090793138  45.6150874655  35.8492260703  27.1203209249  19.7923503681  13.9533200787  9.50343497264  6.23625630931  3.90067404043  2.24064366339  1.01474247393  
1.34638211839  2.97999567786  5.2071444122  8.36583794287  12.82512288  18.9636980092  27.1203209249  37.5098554853  50.10314884  64.479059538  79.6775340381  94.1190257597  105.705497036  112.246142446  112.246142446  105.705497036  94.1190257597  79.6775340381  64.479059538  50.10314884  37.5098554853  27.1203209249  18.9636980092  12.82512288  8.36583794287  5.2071444122  2.97999567786  1.34638211839  
1.72070677502  3.81757324521  6.69584463427  10.811561563  16.6777400512  24.845518999  35.8492260703  50.10314884  67.7382900432  88.3731038053  110.832636423  132.886233909  151.1950355  161.841620511  161.841620511  151.1950355  132.886233909  110.832636423  88.3731038053  67.7382900432  50.10314884  35.8492260703  24.845518999  16.6777400512  10.811561563  6.69584463427  3.81757324521  1.72070677502  
2.11614409256  4.70565728055  8.2836919405  13.4413458847  20.8635445148  31.3199520808  45.6150874655  64.479059538  88.3731038053  117.175013108  149.707729165  183.117425561  212.302436035  230.140639059  230.140639059  212.302436035  183.117425561  149.707729165  117.175013108  88.3731038053  64.479059538  45.6150874655  31.3199520808  20.8635445148  13.4413458847  8.2836919405  4.70565728055  2.11614409256  
2.50152307701  5.57421863105  9.84558746617  16.0488740567  25.0576772513  37.8958412383  55.7090793138  79.6775340381  110.832636423  149.707729165  195.688723159  245.852114471  293.143449211  324.672957126  324.672957126  293.143449211  245.852114471  195.688723159  149.707729165  110.832636423  79.6775340381  55.7090793138  37.8958412383  25.0576772513  16.0488740567  9.84558746617  5.57421863105  2.50152307701  
2.83930496328  6.33792425707  11.2261030334  18.3706295508  28.8293698095  43.8881827139  65.0722002481  94.1190257597  132.886233909  183.117425561  245.852114471  319.902378387  398.039587312  458.834858874  458.834858874  398.039587312  319.902378387  245.852114471  183.117425561  132.886233909  94.1190257597  65.0722002481  43.8881827139  28.8293698095  18.3706295508  11.2261030334  6.33792425707  2.83930496328  
3.09136501783  6.90927134417  12.2632828742  20.1256117833  31.7043986325  48.5092260736  72.4110840994  105.705497036  151.1950355  212.302436035  293.143449211  398.039587312  527.836890554  660.721450266  660.721450266  527.836890554  398.039587312  293.143449211  212.302436035  151.1950355  105.705497036  72.4110840994  48.5092260736  31.7043986325  20.1256117833  12.2632828742  6.90927134417  3.09136501783  
3.22629798054  7.21563482756  12.8209870497  21.0731426228  33.2656205616  51.0392915202  76.4780260927  112.246142446  161.841620511  230.140639059  324.672957126  458.834858874  660.721450266  1000.0  1000.0  660.721450266  458.834858874  324.672957126  230.140639059  161.841620511  112.246142446  76.4780260927  51.0392915202  33.2656205616  21.0731426228  12.8209870497  7.21563482756  3.22629798054  
3.22629798054  7.21563482756  12.8209870497  21.0731426228  33.2656205616  51.0392915202  76.4780260927  112.246142446  161.841620511  230.140639059  324.672957126  458.834858874  660.721450266  1000.0  1000.0  660.721450266  458.834858874  324.672957126  230.140639059  161.841620511  112.246142446  76.4780260927  51.0392915202  33.2656205616  21.0731426228  12.8209870497  7.21563482756  3.22629798054  
3.09136501783  6.90927134417  12.2632828742  20.1256117833  31.7043986325  48.5092260736  72.4110840994  105.705497036  151.1950355  212.302436035  293.143449211  398.039587312  527.836890554  660.721450266  660.721450266  527.836890554  398.039587312  293.143449211  212.302436035  151.1950355  105.705497036  72.4110840994  48.5092260736  31.7043986325  20.1256117833  12.2632828742  6.90927134417  3.09136501783  
2.83930496328  6.33792425707  11.2261030334  18.3706295508  28.8293698095  43.8881827139  65.0722002481  94.1190257597  132.886233909  183.117425561  245.852114471  319.902378387  398.039587312  458.834858874  458.834858874  398.039587312  319.902378387  245.852114471  183.117425561  132.886233909  94.1190257597  65.0722002481  43.8881827139  28.8293698095  18.3706295508  11.2261030334  6.33792425707  2.83930496328  
2.50152307701  5.57421863105  9.84558746617  16.0488740567  25.0576772513  37.8958412383  55.7090793138  79.6775340381  110.832636423  149.707729165  195.688723159  245.852114471  293.143449211  324.672957126  324.672957126  293.143449211  245.852114471  195.688723159  149.707729165  110.832636423  79.6775340381  55.7090793138  37.8958412383  25.0576772513  16.0488740567  9.84558746617  5.57421863105  2.50152307701  
2.11614409256  4.70565728055  8.2836919405  13.4413458847  20.8635445148  31.3199520808  45.6150874655  64.479059538  88.3731038053  117.175013108  149.707729165  183.117425561  212.302436035  230.140639059  230.140639059  212.302436035  183.117425561  149.707729165  117.175013108  88.3731038053  64.479059538  45.6150874655  31.3199520808  20.8635445148  13.4413458847  8.2836919405  4.70565728055  2.11614409256  
1.72070677502  3.81757324521  6.69584463427  10.811561563  16.6777400512  24.845518999  35.8492260703  50.10314884  67.7382900432  88.3731038053  110.832636423  132.886233909  151.1950355  161.841620511  161.841620511  151.1950355  132.886233909  110.832636423  88.3731038053  67.7382900432  50.10314884  35.8492260703  24.845518999  16.6777400512  10.811561563  6.69584463427  3.81757324521  1.72070677502  
1.34638211839  2.97999567786  5.2071444122  8.36583794287  12.82512288  18.9636980092  27.1203209249  37.5098554853  50.10314884  64.479059538  79.6775340381  94.1190257597  105.705497036  112.246142446  112.246142446  105.705497036  94.1190257597  79.6775340381  64.479059538  50.10314884  37.5098554853  27.1203209249  18.9636980092  12.82512288  8.36583794287  5.2071444122  2.97999567786  1.34638211839  
1.01474247393  2.24064366339  3.90067404043  6.23625630931  9.50343497264  13.9533200787  19.7923503681  27.1203209249  35.8492260703  45.6150874655  55.7090793138  65.0722002481  72.4110840994  76.4780260927  76.4780260927  72.4110840994  65.0722002481  55.7090793138  45.6150874655  35.8492260703  27.1203209249  19.7923503681  13.9533200787  9.50343497264  6.23625630931  3.90067404043  2.24064366339  1.01474247393  
0.737116674011  1.62389446288  2.81691132213  4.4827031381  6.79311024927  9.90947099225  13.9533200787  18.9636980092  24.845518999  31.3199520808  37.8958412383  43.8881827139  48.5092260736  51.0392915202  51.0392915202  48.5092260736  43.8881827139  37.8958412383  31.3199520808  24.845518999  18.9636980092  13.9533200787  9.90947099225  6.79311024927  4.4827031381  2.81691132213  1.62389446288  0.737116674011  
0.515881282265  1.13406090071  1.96066466944  3.10673651058  4.68399469921  6.79311024927  9.50343497264  12.82512288  16.6777400512  20.8635445148  25.0576772513  28.8293698095  31.7043986325  33.2656205616  33.2656205616  31.7043986325  28.8293698095  25.0576772513  20.8635445148  16.6777400512  12.82512288  9.50343497264  6.79311024927  4.68399469921  3.10673651058  1.96066466944  1.13406090071  0.515881282265  
0.34677220252  0.760816818553  1.31140194596  2.06995781617  3.10673651058  4.4827031381  6.23625630931  8.36583794287  10.811561563  13.4413458847  16.0488740567  18.3706295508  20.1256117833  21.0731426228  21.0731426228  20.1256117833  18.3706295508  16.0488740567  13.4413458847  10.811561563  8.36583794287  6.23625630931  4.4827031381  3.10673651058  2.06995781617  1.31140194596  0.760816818553  0.34677220252  
0.221374496994  0.484870076123  0.833581943027  1.31140194596  1.96066466944  2.81691132213  3.90067404043  5.2071444122  6.69584463427  8.2836919405  9.84558746617  11.2261030334  12.2632828742  12.8209870497  12.8209870497  12.2632828742  11.2261030334  9.84558746617  8.2836919405  6.69584463427  5.2071444122  3.90067404043  2.81691132213  1.96066466944  1.31140194596  0.833581943027  0.484870076123  0.221374496994  
0.129207273592  0.282617439164  0.484870076123  0.760816818553  1.13406090071  1.62389446288  2.24064366339  2.97999567786  3.81757324521  4.70565728055  5.57421863105  6.33792425707  6.90927134417  7.21563482756  7.21563482756  6.90927134417  6.33792425707  5.57421863105  4.70565728055  3.81757324521  2.97999567786  2.24064366339  1.62389446288  1.13406090071  0.760816818553  0.484870076123  0.282617439164  0.129207273592  
0.059123270921  0.129207273592  0.221374496994  0.34677220252  0.515881282265  0.737116674011  1.01474247393  1.34638211839  1.72070677502  2.11614409256  2.50152307701  2.83930496328  3.09136501783  3.22629798054  3.22629798054  3.09136501783  2.83930496328  2.50152307701  2.11614409256  1.72070677502  1.34638211839  1.01474247393  0.737116674011  0.515881282265  0.34677220252  0.221374496994  0.129207273592  0.059123270921  
