0.155698949422  0.330010292264  0.54093626081  0.804959200182  1.13560551274  1.54140370234  2.02337519421  2.57246596808  3.16759753097  3.77519843179  4.35105060161  4.84492846946  5.20777828428  5.40020902509  5.40020902509  5.20777828428  4.84492846946  4.35105060161  3.77519843179  3.16759753097  2.57246596808  2.02337519421  1.54140370234  1.13560551274  0.804959200182  0.54093626081  0.330010292264  0.155698949422  
0.330010292264  0.699991497058  1.14872892061  1.71198033691  2.41946933117  3.29050837956  4.32850471036  5.51518584364  6.80599800543  8.12859729155  9.38639783623  10.4684582696  11.2653958441  11.6887130801  11.6887130801  11.2653958441  10.4684582696  9.38639783623  8.12859729155  6.80599800543  5.51518584364  4.32850471036  3.29050837956  2.41946933117  1.71198033691  1.14872892061  0.699991497058  0.330010292264  
0.54093626081  1.14872892061  1.88858137649  2.82126410522  3.99830469326  5.45471260521  7.19953629835  9.20552997517  11.4003214214  13.6624515217  15.8260308684  17.6969003529  19.080532334  19.8174994717  19.8174994717  19.080532334  17.6969003529  15.8260308684  13.6624515217  11.4003214214  9.20552997517  7.19953629835  5.45471260521  3.99830469326  2.82126410522  1.88858137649  1.14872892061  0.54093626081  
0.804959200182  1.71198033691  2.82126410522  4.22752561563  6.01313496678  8.23717768208  10.920618337  14.0292170402  17.4576778704  21.0203942251  24.4554137791  27.4477222621  29.6742116836  30.8649243999  30.8649243999  29.6742116836  27.4477222621  24.4554137791  21.0203942251  17.4576778704  14.0292170402  10.920618337  8.23717768208  6.01313496678  4.22752561563  2.82126410522  1.71198033691  0.804959200182  
1.13560551274  2.41946933117  3.99830469326  6.01313496678  8.59027917829  11.8259373011  15.7641333307  20.3697655506  25.501282256  30.8908608359  36.143142652  40.7647446099  44.2328054519  46.098249302  46.098249302  44.2328054519  40.7647446099  36.143142652  30.8908608359  25.501282256  20.3697655506  15.7641333307  11.8259373011  8.59027917829  6.01313496678  3.99830469326  2.41946933117  1.13560551274  
1.54140370234  3.29050837956  5.45471260521  8.23717768208  11.8259373011  16.3734643736  21.9655003595  28.5803374732  36.0435157224  43.9883297744  51.8392702498  58.8413949467  64.1579526438  67.0414638051  67.0414638051  64.1579526438  58.8413949467  51.8392702498  43.9883297744  36.0435157224  28.5803374732  21.9655003595  16.3734643736  11.8259373011  8.23717768208  5.45471260521  3.29050837956  1.54140370234  
2.02337519421  4.32850471036  7.19953629835  10.920618337  15.7641333307  21.9655003595  29.6816437829  38.9325295736  49.5294957191  61.0017200389  72.5443303604  83.0277201669  91.1201704814  95.5630370833  95.5630370833  91.1201704814  83.0277201669  72.5443303604  61.0017200389  49.5294957191  38.9325295736  29.6816437829  21.9655003595  15.7641333307  10.920618337  7.19953629835  4.32850471036  2.02337519421  
2.57246596808  5.51518584364  9.20552997517  14.0292170402  20.3697655506  28.5803374732  38.9325295736  51.5379159376  66.2415238717  82.4946251257  99.2320520843  114.812544566  127.128122092  134.016871444  134.016871444  127.128122092  114.812544566  99.2320520843  82.4946251257  66.2415238717  51.5379159376  38.9325295736  28.5803374732  20.3697655506  14.0292170402  9.20552997517  5.51518584364  2.57246596808  
3.16759753097  6.80599800543  11.4003214214  17.4576778704  25.501282256  36.0435157224  49.5294957191  66.2415238717  86.1542502592  108.733931797  132.692240912  155.756243261  174.631358711  185.509841743  185.509841743  174.631358711  155.756243261  132.692240912  108.733931797  86.1542502592  66.2415238717  49.5294957191  36.0435157224  25.501282256  17.4576778704  11.4003214214  6.80599800543  3.16759753097  
3.77519843179  8.12859729155  13.6624515217  21.0203942251  30.8908608359  43.9883297744  61.0017200389  82.4946251257  108.733931797  139.412309982  173.225161197  207.300711108  236.66693836  254.464331847  254.464331847  236.66693836  207.300711108  173.225161197  139.412309982  108.733931797  82.4946251257  61.0017200389  43.9883297744  30.8908608359  21.0203942251  13.6624515217  8.12859729155  3.77519843179  
4.35105060161  9.38639783623  15.8260308684  24.4554137791  36.143142652  51.8392702498  72.5443303604  99.2320520843  132.692240912  173.225161197  220.054489411  270.246011882  316.978226384  347.895019495  347.895019495  316.978226384  270.246011882  220.054489411  173.225161197  132.692240912  99.2320520843  72.5443303604  51.8392702498  36.143142652  24.4554137791  15.8260308684  9.38639783623  4.35105060161  
4.84492846946  10.4684582696  17.6969003529  27.4477222621  40.7647446099  58.8413949467  83.0277201669  114.812544566  155.756243261  207.300711108  270.246011882  343.330910867  419.599823693  478.555589067  478.555589067  419.599823693  343.330910867  270.246011882  207.300711108  155.756243261  114.812544566  83.0277201669  58.8413949467  40.7647446099  27.4477222621  17.6969003529  10.4684582696  4.84492846946  
5.20777828428  11.2653958441  19.080532334  29.6742116836  44.2328054519  64.1579526438  91.1201704814  127.128122092  174.631358711  236.66693836  316.978226384  419.599823693  545.367385383  673.495959467  673.495959467  545.367385383  419.599823693  316.978226384  236.66693836  174.631358711  127.128122092  91.1201704814  64.1579526438  44.2328054519  29.6742116836  19.080532334  11.2653958441  5.20777828428  
5.40020902509  11.6887130801  19.8174994717  30.8649243999  46.098249302  67.0414638051  95.5630370833  134.016871444  185.509841743  254.464331847  347.895019495  478.555589067  673.495959467  1000.0  1000.0  673.495959467  478.555589067  347.895019495  254.464331847  185.509841743  134.016871444  95.5630370833  67.0414638051  46.098249302  30.8649243999  19.8174994717  11.6887130801  5.40020902509  
5.40020902509  11.6887130801  19.8174994717  30.8649243999  46.098249302  67.0414638051  95.5630370833  134.016871444  185.509841743  254.464331847  347.895019495  478.555589067  673.495959467  1000.0  1000.0  673.495959467  478.555589067  347.895019495  254.464331847  185.509841743  134.016871444  95.5630370833  67.0414638051  46.098249302  30.8649243999  19.8174994717  11.6887130801  5.40020902509  
5.20777828428  11.2653958441  19.080532334  29.6742116836  44.2328054519  64.1579526438  91.1201704814  127.128122092  174.631358711  236.66693836  316.978226384  419.599823693  545.367385383  673.495959467  673.495959467  545.367385383  419.599823693  316.978226384  236.66693836  174.631358711  127.128122092  91.1201704814  64.1579526438  44.2328054519  29.6742116836  19.080532334  11.2653958441  5.20777828428  
4.84492846946  10.4684582696  17.6969003529  27.4477222621  40.7647446099  58.8413949467  83.0277201669  114.812544566  155.756243261  207.300711108  270.246011882  343.330910867  419.599823693  478.555589067  478.555589067  419.599823693  343.330910867  270.246011882  207.300711108  155.756243261  114.812544566  83.0277201669  58.8413949467  40.7647446099  27.4477222621  17.6969003529  10.4684582696  4.84492846946  
4.35105060161  9.38639783623  15.8260308684  24.4554137791  36.143142652  51.8392702498  72.5443303604  99.2320520843  132.692240912  173.225161197  220.054489411  270.246011882  316.978226384  347.895019495  347.895019495  316.978226384  270.246011882  220.054489411  173.225161197  132.692240912  99.2320520843  72.5443303604  51.8392702498  36.143142652  24.4554137791  15.8260308684  9.38639783623  4.35105060161  
3.77519843179  8.12859729155  13.6624515217  21.0203942251  30.8908608359  43.9883297744  61.0017200389  82.4946251257  108.733931797  139.412309982  173.225161197  207.300711108  236.66693836  254.464331847  254.464331847  236.66693836  207.300711108  173.225161197  139.412309982  108.733931797  82.4946251257  61.0017200389  43.9883297744  30.8908608359  21.0203942251  13.6624515217  8.12859729155  3.77519843179  
3.16759753097  6.80599800543  11.4003214214  17.4576778704  25.501282256  36.0435157224  49.5294957191  66.2415238717  86.1542502592  108.733931797  132.692240912  155.756243261  174.631358711  185.509841743  185.509841743  174.631358711  155.756243261  132.692240912  108.733931797  86.1542502592  66.2415238717  49.5294957191  36.0435157224  25.501282256  17.4576778704  11.4003214214  6.80599800543  3.16759753097  
2.57246596808  5.51518584364  9.20552997517  14.0292170402  20.3697655506  28.5803374732  38.9325295736  51.5379159376  66.2415238717  82.4946251257  99.2320520843  114.812544566  127.128122092  134.016871444  134.016871444  127.128122092  114.812544566  99.2320520843  82.4946251257  66.2415238717  51.5379159376  38.9325295736  28.5803374732  20.3697655506  14.0292170402  9.20552997517  5.51518584364  2.57246596808  
2.02337519421  4.32850471036  7.19953629835  10.920618337  15.7641333307  21.9655003595  29.6816437829  38.9325295736  49.5294957191  61.0017200389  72.5443303604  83.0277201669  91.1201704814  95.5630370833  95.5630370833  91.1201704814  83.0277201669  72.5443303604  61.0017200389  49.5294957191  38.9325295736  29.6816437829  21.9655003595  15.7641333307  10.920618337  7.19953629835  4.32850471036  2.02337519421  
1.54140370234  3.29050837956  5.45471260521  8.23717768208  11.8259373011  16.3734643736  21.9655003595  28.5803374732  36.0435157224  43.9883297744  51.8392702498  58.8413949467  64.1579526438  67.0414638051  67.0414638051  64.1579526438  58.8413949467  51.8392702498  43.9883297744  36.0435157224  28.5803374732  21.9655003595  16.3734643736  11.8259373011  8.23717768208  5.45471260521  3.29050837956  1.54140370234  
1.13560551274  2.41946933117  3.99830469326  6.01313496678  8.59027917829  11.8259373011  15.7641333307  20.3697655506  25.501282256  30.8908608359  36.143142652  40.7647446099  44.2328054519  46.098249302  46.098249302  44.2328054519  40.7647446099  36.143142652  30.8908608359  25.501282256  20.3697655506  15.7641333307  11.8259373011  8.59027917829  6.01313496678  3.99830469326  2.41946933117  1.13560551274  
0.804959200182  1.71198033691  2.82126410522  4.22752561563  6.01313496678  8.23717768208  10.920618337  14.0292170402  17.4576778704  21.0203942251  24.4554137791  27.4477222621  29.6742116836  30.8649243999  30.8649243999  29.6742116836  27.4477222621  24.4554137791  21.0203942251  17.4576778704  14.0292170402  10.920618337  8.23717768208  6.01313496678  4.22752561563  2.82126410522  1.71198033691  0.804959200182  
0.54093626081  1.14872892061  1.88858137649  2.82126410522  3.99830469326  5.45471260521  7.19953629835  9.20552997517  11.4003214214  13.6624515217  15.8260308684  17.6969003529  19.080532334  19.8174994717  19.8174994717  19.080532334  17.6969003529  15.8260308684  13.6624515217  11.4003214214  9.20552997517  7.19953629835  5.45471260521  3.99830469326  2.82126410522  1.88858137649  1.14872892061  0.54093626081  
0.330010292264  0.699991497058  1.14872892061  1.71198033691  2.41946933117  3.29050837956  4.32850471036  5.51518584364  6.80599800543  8.12859729155  9.38639783623  10.4684582696  11.2653958441  11.6887130801  11.6887130801  11.2653958441  10.4684582696  9.38639783623  8.12859729155  6.80599800543  5.51518584364  4.32850471036  3.29050837956  2.41946933117  1.71198033691  1.14872892061  0.699991497058  0.330010292264  
0.155698949422  0.330010292264  0.54093626081  0.804959200182  1.13560551274  1.54140370234  2.02337519421  2.57246596808  3.16759753097  3.77519843179  4.35105060161  4.84492846946  5.20777828428  5.40020902509  5.40020902509  5.20777828428  4.84492846946  4.35105060161  3.77519843179  3.16759753097  2.57246596808  2.02337519421  1.54140370234  1.13560551274  0.804959200182  0.54093626081  0.330010292264  0.155698949422  
