0.47383761182  0.975369030207  1.53018030154  2.15950012411  2.87773309162  3.68982935731  4.58872438311  5.55328889282  6.54741578298  7.52096396652  8.41318219236  9.15885584715  9.69672777435  9.97886070663  9.97886070663  9.69672777435  9.15885584715  8.41318219236  7.52096396652  6.54741578298  5.55328889282  4.58872438311  3.68982935731  2.87773309162  2.15950012411  1.53018030154  0.975369030207  0.47383761182  
0.975369030207  2.00884211034  3.1542874565  4.45677428251  5.9474890484  7.63820130396  9.51572606228  11.5372790107  13.6280578418  15.6826581755  17.5718278137  19.1553340313  20.3002228422  20.9016685844  20.9016685844  20.3002228422  19.1553340313  17.5718278137  15.6826581755  13.6280578418  11.5372790107  9.51572606228  7.63820130396  5.9474890484  4.45677428251  3.1542874565  2.00884211034  0.975369030207  
1.53018030154  3.1542874565  4.9598860305  7.02121581337  9.39122934451  12.0926317895  15.1085227949  18.3739969624  21.7708754991  25.128399814  28.2328412871  30.8480505107  32.7465071269  33.7464618831  33.7464618831  32.7465071269  30.8480505107  28.2328412871  25.128399814  21.7708754991  18.3739969624  15.1085227949  12.0926317895  9.39122934451  7.02121581337  4.9598860305  3.1542874565  1.53018030154  
2.15950012411  4.45677428251  7.02121581337  9.96445599844  13.3692374437  17.2763265129  21.6700758099  26.4643808471  31.4921527199  36.5028183106  41.1732157432  45.1366036835  48.0310840874  49.5617594723  49.5617594723  48.0310840874  45.1366036835  41.1732157432  36.5028183106  31.4921527199  26.4643808471  21.6700758099  17.2763265129  13.3692374437  9.96445599844  7.02121581337  4.45677428251  2.15950012411  
2.87773309162  5.9474890484  9.39122934451  13.3692374437  18.0056736784  23.3706333519  29.4590497428  36.1683085354  43.2785623662  50.4423565973  57.1927117236  62.9797110388  67.2421069469  69.5092167167  69.5092167167  67.2421069469  62.9797110388  57.1927117236  50.4423565973  43.2785623662  36.1683085354  29.4590497428  23.3706333519  18.0056736784  13.3692374437  9.39122934451  5.9474890484  2.87773309162  
3.68982935731  7.63820130396  12.0926317895  17.2763265129  23.3706333519  30.4917896131  38.6615570304  47.7731094163  57.5564322674  67.5518709408  77.1061723406  85.4106232431  91.6005711645  94.9204746508  94.9204746508  91.6005711645  85.4106232431  77.1061723406  67.5518709408  57.5564322674  47.7731094163  38.6615570304  30.4917896131  23.3706333519  17.2763265129  12.0926317895  7.63820130396  3.68982935731  
4.58872438311  9.51572606228  15.1085227949  21.6700758099  29.4590497428  38.6615570304  49.3525425389  61.446520303  74.6405890073  88.3588416383  101.717865531  113.547727844  122.515044862  127.384115887  127.384115887  122.515044862  113.547727844  101.717865531  88.3588416383  74.6405890073  61.446520303  49.3525425389  38.6615570304  29.4590497428  21.6700758099  15.1085227949  9.51572606228  4.58872438311  
5.55328889282  11.5372790107  18.3739969624  26.4643808471  36.1683085354  47.7731094163  61.446520303  77.1704634807  94.6541325711  113.231325714  131.762555445  148.593096908  161.663157472  168.895039909  168.895039909  161.663157472  148.593096908  131.762555445  113.231325714  94.6541325711  77.1704634807  61.446520303  47.7731094163  36.1683085354  26.4643808471  18.3739969624  11.5372790107  5.55328889282  
6.54741578298  13.6280578418  21.7708754991  31.4921527199  43.2785623662  57.5564322674  74.6405890073  94.6541325711  117.408717466  142.236691868  167.780938331  191.795212903  211.116056509  222.134820692  222.134820692  211.116056509  191.795212903  167.780938331  142.236691868  117.408717466  94.6541325711  74.6405890073  57.5564322674  43.2785623662  31.4921527199  21.7708754991  13.6280578418  6.54741578298  
7.52096396652  15.6826581755  25.128399814  36.5028183106  50.4423565973  67.5518709408  88.3588416383  113.231325714  142.236691868  174.905973614  209.862101172  244.304250834  273.513402668  291.039569046  291.039569046  273.513402668  244.304250834  209.862101172  174.905973614  142.236691868  113.231325714  88.3588416383  67.5518709408  50.4423565973  36.5028183106  25.128399814  15.6826581755  7.52096396652  
8.41318219236  17.5718278137  28.2328412871  41.1732157432  57.1927117236  77.1061723406  101.717865531  131.762555445  167.780938331  209.862101172  257.122999859  306.717236722  352.217779381  382.047336714  382.047336714  352.217779381  306.717236722  257.122999859  209.862101172  167.780938331  131.762555445  101.717865531  77.1061723406  57.1927117236  41.1732157432  28.2328412871  17.5718278137  8.41318219236  
9.15885584715  19.1553340313  30.8480505107  45.1366036835  62.9797110388  85.4106232431  113.547727844  148.593096908  191.795212903  244.304250834  306.717236722  377.776245078  450.967335173  507.11262558  507.11262558  450.967335173  377.776245078  306.717236722  244.304250834  191.795212903  148.593096908  113.547727844  85.4106232431  62.9797110388  45.1366036835  30.8480505107  19.1553340313  9.15885584715  
9.69672777435  20.3002228422  32.7465071269  48.0310840874  67.2421069469  91.6005711645  122.515044862  161.663157472  211.116056509  273.513402668  352.217779381  450.967335173  570.625632559  691.831762  691.831762  570.625632559  450.967335173  352.217779381  273.513402668  211.116056509  161.663157472  122.515044862  91.6005711645  67.2421069469  48.0310840874  32.7465071269  20.3002228422  9.69672777435  
9.97886070663  20.9016685844  33.7464618831  49.5617594723  69.5092167167  94.9204746508  127.384115887  168.895039909  222.134820692  291.039569046  382.047336714  507.11262558  691.831762  1000.0  1000.0  691.831762  507.11262558  382.047336714  291.039569046  222.134820692  168.895039909  127.384115887  94.9204746508  69.5092167167  49.5617594723  33.7464618831  20.9016685844  9.97886070663  
9.97886070663  20.9016685844  33.7464618831  49.5617594723  69.5092167167  94.9204746508  127.384115887  168.895039909  222.134820692  291.039569046  382.047336714  507.11262558  691.831762  1000.0  1000.0  691.831762  507.11262558  382.047336714  291.039569046  222.134820692  168.895039909  127.384115887  94.9204746508  69.5092167167  49.5617594723  33.7464618831  20.9016685844  9.97886070663  
9.69672777435  20.3002228422  32.7465071269  48.0310840874  67.2421069469  91.6005711645  122.515044862  161.663157472  211.116056509  273.513402668  352.217779381  450.967335173  570.625632559  691.831762  691.831762  570.625632559  450.967335173  352.217779381  273.513402668  211.116056509  161.663157472  122.515044862  91.6005711645  67.2421069469  48.0310840874  32.7465071269  20.3002228422  9.69672777435  
9.15885584715  19.1553340313  30.8480505107  45.1366036835  62.9797110388  85.4106232431  113.547727844  148.593096908  191.795212903  244.304250834  306.717236722  377.776245078  450.967335173  507.11262558  507.11262558  450.967335173  377.776245078  306.717236722  244.304250834  191.795212903  148.593096908  113.547727844  85.4106232431  62.9797110388  45.1366036835  30.8480505107  19.1553340313  9.15885584715  
8.41318219236  17.5718278137  28.2328412871  41.1732157432  57.1927117236  77.1061723406  101.717865531  131.762555445  167.780938331  209.862101172  257.122999859  306.717236722  352.217779381  382.047336714  382.047336714  352.217779381  306.717236722  257.122999859  209.862101172  167.780938331  131.762555445  101.717865531  77.1061723406  57.1927117236  41.1732157432  28.2328412871  17.5718278137  8.41318219236  
7.52096396652  15.6826581755  25.128399814  36.5028183106  50.4423565973  67.5518709408  88.3588416383  113.231325714  142.236691868  174.905973614  209.862101172  244.304250834  273.513402668  291.039569046  291.039569046  273.513402668  244.304250834  209.862101172  174.905973614  142.236691868  113.231325714  88.3588416383  67.5518709408  50.4423565973  36.5028183106  25.128399814  15.6826581755  7.52096396652  
6.54741578298  13.6280578418  21.7708754991  31.4921527199  43.2785623662  57.5564322674  74.6405890073  94.6541325711  117.408717466  142.236691868  167.780938331  191.795212903  211.116056509  222.134820692  222.134820692  211.116056509  191.795212903  167.780938331  142.236691868  117.408717466  94.6541325711  74.6405890073  57.5564322674  43.2785623662  31.4921527199  21.7708754991  13.6280578418  6.54741578298  
5.55328889282  11.5372790107  18.3739969624  26.4643808471  36.1683085354  47.7731094163  61.446520303  77.1704634807  94.6541325711  113.231325714  131.762555445  148.593096908  161.663157472  168.895039909  168.895039909  161.663157472  148.593096908  131.762555445  113.231325714  94.6541325711  77.1704634807  61.446520303  47.7731094163  36.1683085354  26.4643808471  18.3739969624  11.5372790107  5.55328889282  
4.58872438311  9.51572606228  15.1085227949  21.6700758099  29.4590497428  38.6615570304  49.3525425389  61.446520303  74.6405890073  88.3588416383  101.717865531  113.547727844  122.515044862  127.384115887  127.384115887  122.515044862  113.547727844  101.717865531  88.3588416383  74.6405890073  61.446520303  49.3525425389  38.6615570304  29.4590497428  21.6700758099  15.1085227949  9.51572606228  4.58872438311  
3.68982935731  7.63820130396  12.0926317895  17.2763265129  23.3706333519  30.4917896131  38.6615570304  47.7731094163  57.5564322674  67.5518709408  77.1061723406  85.4106232431  91.6005711645  94.9204746508  94.9204746508  91.6005711645  85.4106232431  77.1061723406  67.5518709408  57.5564322674  47.7731094163  38.6615570304  30.4917896131  23.3706333519  17.2763265129  12.0926317895  7.63820130396  3.68982935731  
2.87773309162  5.9474890484  9.39122934451  13.3692374437  18.0056736784  23.3706333519  29.4590497428  36.1683085354  43.2785623662  50.4423565973  57.1927117236  62.9797110388  67.2421069469  69.5092167167  69.5092167167  67.2421069469  62.9797110388  57.1927117236  50.4423565973  43.2785623662  36.1683085354  29.4590497428  23.3706333519  18.0056736784  13.3692374437  9.39122934451  5.9474890484  2.87773309162  
2.15950012411  4.45677428251  7.02121581337  9.96445599844  13.3692374437  17.2763265129  21.6700758099  26.4643808471  31.4921527199  36.5028183106  41.1732157432  45.1366036835  48.0310840874  49.5617594723  49.5617594723  48.0310840874  45.1366036835  41.1732157432  36.5028183106  31.4921527199  26.4643808471  21.6700758099  17.2763265129  13.3692374437  9.96445599844  7.02121581337  4.45677428251  2.15950012411  
1.53018030154  3.1542874565  4.9598860305  7.02121581337  9.39122934451  12.0926317895  15.1085227949  18.3739969624  21.7708754991  25.128399814  28.2328412871  30.8480505107  32.7465071269  33.7464618831  33.7464618831  32.7465071269  30.8480505107  28.2328412871  25.128399814  21.7708754991  18.3739969624  15.1085227949  12.0926317895  9.39122934451  7.02121581337  4.9598860305  3.1542874565  1.53018030154  
0.975369030207  2.00884211034  3.1542874565  4.45677428251  5.9474890484  7.63820130396  9.51572606228  11.5372790107  13.6280578418  15.6826581755  17.5718278137  19.1553340313  20.3002228422  20.9016685844  20.9016685844  20.3002228422  19.1553340313  17.5718278137  15.6826581755  13.6280578418  11.5372790107  9.51572606228  7.63820130396  5.9474890484  4.45677428251  3.1542874565  2.00884211034  0.975369030207  
0.47383761182  0.975369030207  1.53018030154  2.15950012411  2.87773309162  3.68982935731  4.58872438311  5.55328889282  6.54741578298  7.52096396652  8.41318219236  9.15885584715  9.69672777435  9.97886070663  9.97886070663  9.69672777435  9.15885584715  8.41318219236  7.52096396652  6.54741578298  5.55328889282  4.58872438311  3.68982935731  2.87773309162  2.15950012411  1.53018030154  0.975369030207  0.47383761182  
