0.021839973364  0.0494585074254  0.0890659117193  0.147520907199  0.232121494923  0.349792386412  0.505591184966  0.700652638819  0.929977978952  1.18078202333  1.43228745372  1.65771846736  1.82866891996  1.92107489125  1.92107489125  1.82866891996  1.65771846736  1.43228745372  1.18078202333  0.929977978952  0.700652638819  0.505591184966  0.349792386412  0.232121494923  0.147520907199  0.0890659117193  0.0494585074254  0.021839973364  
0.0494585074254  0.112113164936  0.202191923154  0.335499441264  0.528991024723  0.79895346234  1.15758217132  1.60818369322  2.13989985857  2.72359513733  3.31103895849  3.83929557506  4.24093974541  4.45841959758  4.45841959758  4.24093974541  3.83929557506  3.31103895849  2.72359513733  2.13989985857  1.60818369322  1.15758217132  0.79895346234  0.528991024723  0.335499441264  0.202191923154  0.112113164936  0.0494585074254  
0.0890659117193  0.202191923154  0.365445754576  0.60803686285  0.961688990007  1.45743784992  2.11937748187  2.95564355821  3.94815638906  5.0441297473  6.15349987681  7.1563383233  7.92208612021  8.33789573662  8.33789573662  7.92208612021  7.1563383233  6.15349987681  5.0441297473  3.94815638906  2.95564355821  2.11937748187  1.45743784992  0.961688990007  0.60803686285  0.365445754576  0.202191923154  0.0890659117193  
0.147520907199  0.335499441264  0.60803686285  1.0150904916  1.61175827048  2.45318194023  3.58406794208  5.02300844872  6.74386126037  8.65917937659  10.6131887381  12.3924776123  13.7593665747  14.504637952  14.504637952  13.7593665747  12.3924776123  10.6131887381  8.65917937659  6.74386126037  5.02300844872  3.58406794208  2.45318194023  1.61175827048  1.0150904916  0.60803686285  0.335499441264  0.147520907199  
0.232121494923  0.528991024723  0.961688990007  1.61175827048  2.57075160438  3.93272888497  5.77772729996  8.14586835969  11.0049853868  14.2193712404  17.5323844688  20.5786542966  22.9383697675  24.2323478045  24.2323478045  22.9383697675  20.5786542966  17.5323844688  14.2193712404  11.0049853868  8.14586835969  5.77772729996  3.93272888497  2.57075160438  1.61175827048  0.961688990007  0.528991024723  0.232121494923  
0.349792386412  0.79895346234  1.45743784992  2.45318194023  3.93272888497  6.05110404821  8.9472756417  12.7034925755  17.2912996553  22.514540462  27.9694118204  33.0504055553  37.0314674689  39.2323871694  39.2323871694  37.0314674689  33.0504055553  27.9694118204  22.514540462  17.2912996553  12.7034925755  8.9472756417  6.05110404821  3.93272888497  2.45318194023  1.45743784992  0.79895346234  0.349792386412  
0.505591184966  1.15758217132  2.11937748187  3.58406794208  5.77772729996  8.9472756417  13.3265783377  19.0762085797  26.1976973859  34.4337085046  43.1822498291  51.4737826391  58.0751593817  61.7686628677  61.7686628677  58.0751593817  51.4737826391  43.1822498291  34.4337085046  26.1976973859  19.0762085797  13.3265783377  8.9472756417  5.77772729996  3.58406794208  2.11937748187  1.15758217132  0.505591184966  
0.700652638819  1.60818369322  2.95564355821  5.02300844872  8.14586835969  12.7034925755  19.0762085797  27.5625271697  38.2511788227  50.8553973418  64.5409524876  77.8202015979  88.6379239364  94.8024654125  94.8024654125  88.6379239364  77.8202015979  64.5409524876  50.8553973418  38.2511788227  27.5625271697  19.0762085797  12.7034925755  8.14586835969  5.02300844872  2.95564355821  1.60818369322  0.700652638819  
0.929977978952  2.13989985857  3.94815638906  6.74386126037  11.0049853868  17.2912996553  26.1976973859  38.2511788227  53.7356684235  72.4370125563  93.3255116357  114.255357967  131.888483353  142.236664012  142.236664012  131.888483353  114.255357967  93.3255116357  72.4370125563  53.7356684235  38.2511788227  26.1976973859  17.2912996553  11.0049853868  6.74386126037  3.94815638906  2.13989985857  0.929977978952  
1.18078202333  2.72359513733  5.0441297473  8.65917937659  14.2193712404  22.514540462  34.4337085046  50.8553973418  72.4370125563  99.2654311881  130.333929399  162.860950982  191.672711161  209.43733773  209.43733773  191.672711161  162.860950982  130.333929399  99.2654311881  72.4370125563  50.8553973418  34.4337085046  22.514540462  14.2193712404  8.65917937659  5.0441297473  2.72359513733  1.18078202333  
1.43228745372  3.31103895849  6.15349987681  10.6131887381  17.5323844688  27.9694118204  43.1822498291  64.5409524876  93.3255116357  130.333929399  175.165553273  224.970145443  272.528307826  304.48970503  304.48970503  272.528307826  224.970145443  175.165553273  130.333929399  93.3255116357  64.5409524876  43.1822498291  27.9694118204  17.5323844688  10.6131887381  6.15349987681  3.31103895849  1.43228745372  
1.65771846736  3.83929557506  7.1563383233  12.3924776123  20.5786542966  33.0504055553  51.4737826391  77.8202015979  114.255357967  162.860950982  224.970145443  299.530280032  379.108341079  441.443714868  441.443714868  379.108341079  299.530280032  224.970145443  162.860950982  114.255357967  77.8202015979  51.4737826391  33.0504055553  20.5786542966  12.3924776123  7.1563383233  3.83929557506  1.65771846736  
1.82866891996  4.24093974541  7.92208612021  13.7593665747  22.9383697675  37.0314674689  58.0751593817  88.6379239364  131.888483353  191.672711161  272.528307826  379.108341079  512.303857208  649.362458469  649.362458469  512.303857208  379.108341079  272.528307826  191.672711161  131.888483353  88.6379239364  58.0751593817  37.0314674689  22.9383697675  13.7593665747  7.92208612021  4.24093974541  1.82866891996  
1.92107489125  4.45841959758  8.33789573662  14.504637952  24.2323478045  39.2323871694  61.7686628677  94.8024654125  142.236664012  209.43733773  304.48970503  441.443714868  649.362458469  1000.0  1000.0  649.362458469  441.443714868  304.48970503  209.43733773  142.236664012  94.8024654125  61.7686628677  39.2323871694  24.2323478045  14.504637952  8.33789573662  4.45841959758  1.92107489125  
1.92107489125  4.45841959758  8.33789573662  14.504637952  24.2323478045  39.2323871694  61.7686628677  94.8024654125  142.236664012  209.43733773  304.48970503  441.443714868  649.362458469  1000.0  1000.0  649.362458469  441.443714868  304.48970503  209.43733773  142.236664012  94.8024654125  61.7686628677  39.2323871694  24.2323478045  14.504637952  8.33789573662  4.45841959758  1.92107489125  
1.82866891996  4.24093974541  7.92208612021  13.7593665747  22.9383697675  37.0314674689  58.0751593817  88.6379239364  131.888483353  191.672711161  272.528307826  379.108341079  512.303857208  649.362458469  649.362458469  512.303857208  379.108341079  272.528307826  191.672711161  131.888483353  88.6379239364  58.0751593817  37.0314674689  22.9383697675  13.7593665747  7.92208612021  4.24093974541  1.82866891996  
1.65771846736  3.83929557506  7.1563383233  12.3924776123  20.5786542966  33.0504055553  51.4737826391  77.8202015979  114.255357967  162.860950982  224.970145443  299.530280032  379.108341079  441.443714868  441.443714868  379.108341079  299.530280032  224.970145443  162.860950982  114.255357967  77.8202015979  51.4737826391  33.0504055553  20.5786542966  12.3924776123  7.1563383233  3.83929557506  1.65771846736  
1.43228745372  3.31103895849  6.15349987681  10.6131887381  17.5323844688  27.9694118204  43.1822498291  64.5409524876  93.3255116357  130.333929399  175.165553273  224.970145443  272.528307826  304.48970503  304.48970503  272.528307826  224.970145443  175.165553273  130.333929399  93.3255116357  64.5409524876  43.1822498291  27.9694118204  17.5323844688  10.6131887381  6.15349987681  3.31103895849  1.43228745372  
1.18078202333  2.72359513733  5.0441297473  8.65917937659  14.2193712404  22.514540462  34.4337085046  50.8553973418  72.4370125563  99.2654311881  130.333929399  162.860950982  191.672711161  209.43733773  209.43733773  191.672711161  162.860950982  130.333929399  99.2654311881  72.4370125563  50.8553973418  34.4337085046  22.514540462  14.2193712404  8.65917937659  5.0441297473  2.72359513733  1.18078202333  
0.929977978952  2.13989985857  3.94815638906  6.74386126037  11.0049853868  17.2912996553  26.1976973859  38.2511788227  53.7356684235  72.4370125563  93.3255116357  114.255357967  131.888483353  142.236664012  142.236664012  131.888483353  114.255357967  93.3255116357  72.4370125563  53.7356684235  38.2511788227  26.1976973859  17.2912996553  11.0049853868  6.74386126037  3.94815638906  2.13989985857  0.929977978952  
0.700652638819  1.60818369322  2.95564355821  5.02300844872  8.14586835969  12.7034925755  19.0762085797  27.5625271697  38.2511788227  50.8553973418  64.5409524876  77.8202015979  88.6379239364  94.8024654125  94.8024654125  88.6379239364  77.8202015979  64.5409524876  50.8553973418  38.2511788227  27.5625271697  19.0762085797  12.7034925755  8.14586835969  5.02300844872  2.95564355821  1.60818369322  0.700652638819  
0.505591184966  1.15758217132  2.11937748187  3.58406794208  5.77772729996  8.9472756417  13.3265783377  19.0762085797  26.1976973859  34.4337085046  43.1822498291  51.4737826391  58.0751593817  61.7686628677  61.7686628677  58.0751593817  51.4737826391  43.1822498291  34.4337085046  26.1976973859  19.0762085797  13.3265783377  8.9472756417  5.77772729996  3.58406794208  2.11937748187  1.15758217132  0.505591184966  
0.349792386412  0.79895346234  1.45743784992  2.45318194023  3.93272888497  6.05110404821  8.9472756417  12.7034925755  17.2912996553  22.514540462  27.9694118204  33.0504055553  37.0314674689  39.2323871694  39.2323871694  37.0314674689  33.0504055553  27.9694118204  22.514540462  17.2912996553  12.7034925755  8.9472756417  6.05110404821  3.93272888497  2.45318194023  1.45743784992  0.79895346234  0.349792386412  
0.232121494923  0.528991024723  0.961688990007  1.61175827048  2.57075160438  3.93272888497  5.77772729996  8.14586835969  11.0049853868  14.2193712404  17.5323844688  20.5786542966  22.9383697675  24.2323478045  24.2323478045  22.9383697675  20.5786542966  17.5323844688  14.2193712404  11.0049853868  8.14586835969  5.77772729996  3.93272888497  2.57075160438  1.61175827048  0.961688990007  0.528991024723  0.232121494923  
0.147520907199  0.335499441264  0.60803686285  1.0150904916  1.61175827048  2.45318194023  3.58406794208  5.02300844872  6.74386126037  8.65917937659  10.6131887381  12.3924776123  13.7593665747  14.504637952  14.504637952  13.7593665747  12.3924776123  10.6131887381  8.65917937659  6.74386126037  5.02300844872  3.58406794208  2.45318194023  1.61175827048  1.0150904916  0.60803686285  0.335499441264  0.147520907199  
0.0890659117193  0.202191923154  0.365445754576  0.60803686285  0.961688990007  1.45743784992  2.11937748187  2.95564355821  3.94815638906  5.0441297473  6.15349987681  7.1563383233  7.92208612021  8.33789573662  8.33789573662  7.92208612021  7.1563383233  6.15349987681  5.0441297473  3.94815638906  2.95564355821  2.11937748187  1.45743784992  0.961688990007  0.60803686285  0.365445754576  0.202191923154  0.0890659117193  
0.0494585074254  0.112113164936  0.202191923154  0.335499441264  0.528991024723  0.79895346234  1.15758217132  1.60818369322  2.13989985857  2.72359513733  3.31103895849  3.83929557506  4.24093974541  4.45841959758  4.45841959758  4.24093974541  3.83929557506  3.31103895849  2.72359513733  2.13989985857  1.60818369322  1.15758217132  0.79895346234  0.528991024723  0.335499441264  0.202191923154  0.112113164936  0.0494585074254  
0.021839973364  0.0494585074254  0.0890659117193  0.147520907199  0.232121494923  0.349792386412  0.505591184966  0.700652638819  0.929977978952  1.18078202333  1.43228745372  1.65771846736  1.82866891996  1.92107489125  1.92107489125  1.82866891996  1.65771846736  1.43228745372  1.18078202333  0.929977978952  0.700652638819  0.505591184966  0.349792386412  0.232121494923  0.147520907199  0.0890659117193  0.0494585074254  0.021839973364  
