2.14063063472e-08  9.49469595523e-08  3.75626387917e-07  1.3743553512e-06  4.63645955527e-06  1.43446511181e-05  4.04533169966e-05  0.000103274577934  0.000236845039411  0.000483788299996  0.000872014430634  0.00137348507519  0.00187242383702  0.00219152975554  0.00219152975554  0.00187242383702  0.00137348507519  0.000872014430634  0.000483788299996  0.000236845039411  0.000103274577934  4.04533169966e-05  1.43446511181e-05  4.63645955527e-06  1.3743553512e-06  3.75626387917e-07  9.49469595523e-08  2.14063063472e-08  
9.49469595523e-08  4.20484705901e-07  1.66100620225e-06  6.06944451487e-06  2.04539837485e-05  6.32329188128e-05  0.000178238875255  0.000454968087086  0.00104361586825  0.00213287194358  0.00384755961965  0.00606599857599  0.00827697573939  0.00969299234669  0.00969299234669  0.00827697573939  0.00606599857599  0.00384755961965  0.00213287194358  0.00104361586825  0.000454968087086  0.000178238875255  6.32329188128e-05  2.04539837485e-05  6.06944451487e-06  1.66100620225e-06  4.20484705901e-07  9.49469595523e-08  
3.75626387917e-07  1.66100620225e-06  6.55195230318e-06  2.39130745938e-05  8.0515897062e-05  0.000248777978817  0.000701133747283  0.00179014568151  0.00410907288026  0.00840703790201  0.015187405392  0.0239821681783  0.0327703920482  0.0384107563127  0.0384107563127  0.0327703920482  0.0239821681783  0.015187405392  0.00840703790201  0.00410907288026  0.00179014568151  0.000701133747283  0.000248777978817  8.0515897062e-05  2.39130745938e-05  6.55195230318e-06  1.66100620225e-06  3.75626387917e-07  
1.3743553512e-06  6.06944451487e-06  2.39130745938e-05  8.71993071316e-05  0.00029344246175  0.000906545195475  0.00255569396927  0.0065304060442  0.0150094109942  0.0307643069697  0.0556987354847  0.0881617212525  0.120724592531  0.141688777015  0.141688777015  0.120724592531  0.0881617212525  0.0556987354847  0.0307643069697  0.0150094109942  0.0065304060442  0.00255569396927  0.000906545195475  0.00029344246175  8.71993071316e-05  2.39130745938e-05  6.06944451487e-06  1.3743553512e-06  
4.63645955527e-06  2.04539837485e-05  8.0515897062e-05  0.00029344246175  0.000987352256463  0.00305127225239  0.00860942861538  0.0220311759979  0.0507420833531  0.104286615454  0.189418505263  0.300844489972  0.413227208748  0.485908944336  0.485908944336  0.413227208748  0.300844489972  0.189418505263  0.104286615454  0.0507420833531  0.0220311759979  0.00860942861538  0.00305127225239  0.000987352256463  0.00029344246175  8.0515897062e-05  2.04539837485e-05  4.63645955527e-06  
1.43446511181e-05  6.32329188128e-05  0.000248777978817  0.000906545195475  0.00305127225239  0.00943786943364  0.0266705425704  0.0684034198895  0.158029297165  0.326043652734  0.594895788777  0.949430769865  1.30983350359  1.54448550304  1.54448550304  1.30983350359  0.949430769865  0.594895788777  0.326043652734  0.158029297165  0.0684034198895  0.0266705425704  0.00943786943364  0.00305127225239  0.000906545195475  0.000248777978817  6.32329188128e-05  1.43446511181e-05  
4.04533169966e-05  0.000178238875255  0.000701133747283  0.00255569396927  0.00860942861538  0.0266705425704  0.075543611626  0.194379540985  0.450987039253  0.935453559573  1.71760248347  2.75994727538  3.83167718639  4.53654909745  4.53654909745  3.83167718639  2.75994727538  1.71760248347  0.935453559573  0.450987039253  0.194379540985  0.075543611626  0.0266705425704  0.00860942861538  0.00255569396927  0.000701133747283  0.000178238875255  4.04533169966e-05  
0.000103274577934  0.000454968087086  0.00179014568151  0.0065304060442  0.0220311759979  0.0684034198895  0.194379540985  0.502361779986  1.17227756037  2.44923364119  4.53613259897  7.3589378832  10.3102220487  12.2819570331  12.2819570331  10.3102220487  7.3589378832  4.53613259897  2.44923364119  1.17227756037  0.502361779986  0.194379540985  0.0684034198895  0.0220311759979  0.0065304060442  0.00179014568151  0.000454968087086  0.000103274577934  
0.000236845039411  0.00104361586825  0.00410907288026  0.0150094109942  0.0507420833531  0.158029297165  0.450987039253  1.17227756037  2.75629161995  5.8144035913  10.8962086492  17.9164090006  25.441446001  30.5974179887  30.5974179887  25.441446001  17.9164090006  10.8962086492  5.8144035913  2.75629161995  1.17227756037  0.450987039253  0.158029297165  0.0507420833531  0.0150094109942  0.00410907288026  0.00104361586825  0.000236845039411  
0.000483788299996  0.00213287194358  0.00840703790201  0.0307643069697  0.104286615454  0.326043652734  0.935453559573  2.44923364119  5.8144035913  12.4204635933  23.6487355156  39.6314428229  57.4245451472  70.1429301715  70.1429301715  57.4245451472  39.6314428229  23.6487355156  12.4204635933  5.8144035913  2.44923364119  0.935453559573  0.326043652734  0.104286615454  0.0307643069697  0.00840703790201  0.00213287194358  0.000483788299996  
0.000872014430634  0.00384755961965  0.015187405392  0.0556987354847  0.189418505263  0.594895788777  1.71760248347  4.53613259897  10.8962086492  23.6487355156  45.9852623545  79.1558968235  118.297810576  148.420512777  148.420512777  118.297810576  79.1558968235  45.9852623545  23.6487355156  10.8962086492  4.53613259897  1.71760248347  0.594895788777  0.189418505263  0.0556987354847  0.015187405392  0.00384755961965  0.000872014430634  
0.00137348507519  0.00606599857599  0.0239821681783  0.0881617212525  0.300844489972  0.949430769865  2.75994727538  7.3589378832  17.9164090006  39.6314428229  79.1558968235  141.396061421  221.723838735  292.346662922  292.346662922  221.723838735  141.396061421  79.1558968235  39.6314428229  17.9164090006  7.3589378832  2.75994727538  0.949430769865  0.300844489972  0.0881617212525  0.0239821681783  0.00606599857599  0.00137348507519  
0.00187242383702  0.00827697573939  0.0327703920482  0.120724592531  0.413227208748  1.30983350359  3.83167718639  10.3102220487  25.441446001  57.4245451472  118.297810576  221.723838735  374.346578983  545.822053838  545.822053838  374.346578983  221.723838735  118.297810576  57.4245451472  25.441446001  10.3102220487  3.83167718639  1.30983350359  0.413227208748  0.120724592531  0.0327703920482  0.00827697573939  0.00187242383702  
0.00219152975554  0.00969299234669  0.0384107563127  0.141688777015  0.485908944336  1.54448550304  4.53654909745  12.2819570331  30.5974179887  70.1429301715  148.420512777  292.346662922  545.822053838  1000.0  1000.0  545.822053838  292.346662922  148.420512777  70.1429301715  30.5974179887  12.2819570331  4.53654909745  1.54448550304  0.485908944336  0.141688777015  0.0384107563127  0.00969299234669  0.00219152975554  
0.00219152975554  0.00969299234669  0.0384107563127  0.141688777015  0.485908944336  1.54448550304  4.53654909745  12.2819570331  30.5974179887  70.1429301715  148.420512777  292.346662922  545.822053838  1000.0  1000.0  545.822053838  292.346662922  148.420512777  70.1429301715  30.5974179887  12.2819570331  4.53654909745  1.54448550304  0.485908944336  0.141688777015  0.0384107563127  0.00969299234669  0.00219152975554  
0.00187242383702  0.00827697573939  0.0327703920482  0.120724592531  0.413227208748  1.30983350359  3.83167718639  10.3102220487  25.441446001  57.4245451472  118.297810576  221.723838735  374.346578983  545.822053838  545.822053838  374.346578983  221.723838735  118.297810576  57.4245451472  25.441446001  10.3102220487  3.83167718639  1.30983350359  0.413227208748  0.120724592531  0.0327703920482  0.00827697573939  0.00187242383702  
0.00137348507519  0.00606599857599  0.0239821681783  0.0881617212525  0.300844489972  0.949430769865  2.75994727538  7.3589378832  17.9164090006  39.6314428229  79.1558968235  141.396061421  221.723838735  292.346662922  292.346662922  221.723838735  141.396061421  79.1558968235  39.6314428229  17.9164090006  7.3589378832  2.75994727538  0.949430769865  0.300844489972  0.0881617212525  0.0239821681783  0.00606599857599  0.00137348507519  
0.000872014430634  0.00384755961965  0.015187405392  0.0556987354847  0.189418505263  0.594895788777  1.71760248347  4.53613259897  10.8962086492  23.6487355156  45.9852623545  79.1558968235  118.297810576  148.420512777  148.420512777  118.297810576  79.1558968235  45.9852623545  23.6487355156  10.8962086492  4.53613259897  1.71760248347  0.594895788777  0.189418505263  0.0556987354847  0.015187405392  0.00384755961965  0.000872014430634  
0.000483788299996  0.00213287194358  0.00840703790201  0.0307643069697  0.104286615454  0.326043652734  0.935453559573  2.44923364119  5.8144035913  12.4204635933  23.6487355156  39.6314428229  57.4245451472  70.1429301715  70.1429301715  57.4245451472  39.6314428229  23.6487355156  12.4204635933  5.8144035913  2.44923364119  0.935453559573  0.326043652734  0.104286615454  0.0307643069697  0.00840703790201  0.00213287194358  0.000483788299996  
0.000236845039411  0.00104361586825  0.00410907288026  0.0150094109942  0.0507420833531  0.158029297165  0.450987039253  1.17227756037  2.75629161995  5.8144035913  10.8962086492  17.9164090006  25.441446001  30.5974179887  30.5974179887  25.441446001  17.9164090006  10.8962086492  5.8144035913  2.75629161995  1.17227756037  0.450987039253  0.158029297165  0.0507420833531  0.0150094109942  0.00410907288026  0.00104361586825  0.000236845039411  
0.000103274577934  0.000454968087086  0.00179014568151  0.0065304060442  0.0220311759979  0.0684034198895  0.194379540985  0.502361779986  1.17227756037  2.44923364119  4.53613259897  7.3589378832  10.3102220487  12.2819570331  12.2819570331  10.3102220487  7.3589378832  4.53613259897  2.44923364119  1.17227756037  0.502361779986  0.194379540985  0.0684034198895  0.0220311759979  0.0065304060442  0.00179014568151  0.000454968087086  0.000103274577934  
4.04533169966e-05  0.000178238875255  0.000701133747283  0.00255569396927  0.00860942861538  0.0266705425704  0.075543611626  0.194379540985  0.450987039253  0.935453559573  1.71760248347  2.75994727538  3.83167718639  4.53654909745  4.53654909745  3.83167718639  2.75994727538  1.71760248347  0.935453559573  0.450987039253  0.194379540985  0.075543611626  0.0266705425704  0.00860942861538  0.00255569396927  0.000701133747283  0.000178238875255  4.04533169966e-05  
1.43446511181e-05  6.32329188128e-05  0.000248777978817  0.000906545195475  0.00305127225239  0.00943786943364  0.0266705425704  0.0684034198895  0.158029297165  0.326043652734  0.594895788777  0.949430769865  1.30983350359  1.54448550304  1.54448550304  1.30983350359  0.949430769865  0.594895788777  0.326043652734  0.158029297165  0.0684034198895  0.0266705425704  0.00943786943364  0.00305127225239  0.000906545195475  0.000248777978817  6.32329188128e-05  1.43446511181e-05  
4.63645955527e-06  2.04539837485e-05  8.0515897062e-05  0.00029344246175  0.000987352256463  0.00305127225239  0.00860942861538  0.0220311759979  0.0507420833531  0.104286615454  0.189418505263  0.300844489972  0.413227208748  0.485908944336  0.485908944336  0.413227208748  0.300844489972  0.189418505263  0.104286615454  0.0507420833531  0.0220311759979  0.00860942861538  0.00305127225239  0.000987352256463  0.00029344246175  8.0515897062e-05  2.04539837485e-05  4.63645955527e-06  
1.3743553512e-06  6.06944451487e-06  2.39130745938e-05  8.71993071316e-05  0.00029344246175  0.000906545195475  0.00255569396927  0.0065304060442  0.0150094109942  0.0307643069697  0.0556987354847  0.0881617212525  0.120724592531  0.141688777015  0.141688777015  0.120724592531  0.0881617212525  0.0556987354847  0.0307643069697  0.0150094109942  0.0065304060442  0.00255569396927  0.000906545195475  0.00029344246175  8.71993071316e-05  2.39130745938e-05  6.06944451487e-06  1.3743553512e-06  
3.75626387917e-07  1.66100620225e-06  6.55195230318e-06  2.39130745938e-05  8.0515897062e-05  0.000248777978817  0.000701133747283  0.00179014568151  0.00410907288026  0.00840703790201  0.015187405392  0.0239821681783  0.0327703920482  0.0384107563127  0.0384107563127  0.0327703920482  0.0239821681783  0.015187405392  0.00840703790201  0.00410907288026  0.00179014568151  0.000701133747283  0.000248777978817  8.0515897062e-05  2.39130745938e-05  6.55195230318e-06  1.66100620225e-06  3.75626387917e-07  
9.49469595523e-08  4.20484705901e-07  1.66100620225e-06  6.06944451487e-06  2.04539837485e-05  6.32329188128e-05  0.000178238875255  0.000454968087086  0.00104361586825  0.00213287194358  0.00384755961965  0.00606599857599  0.00827697573939  0.00969299234669  0.00969299234669  0.00827697573939  0.00606599857599  0.00384755961965  0.00213287194358  0.00104361586825  0.000454968087086  0.000178238875255  6.32329188128e-05  2.04539837485e-05  6.06944451487e-06  1.66100620225e-06  4.20484705901e-07  9.49469595523e-08  
2.14063063472e-08  9.49469595523e-08  3.75626387917e-07  1.3743553512e-06  4.63645955527e-06  1.43446511181e-05  4.04533169966e-05  0.000103274577934  0.000236845039411  0.000483788299996  0.000872014430634  0.00137348507519  0.00187242383702  0.00219152975554  0.00219152975554  0.00187242383702  0.00137348507519  0.000872014430634  0.000483788299996  0.000236845039411  0.000103274577934  4.04533169966e-05  1.43446511181e-05  4.63645955527e-06  1.3743553512e-06  3.75626387917e-07  9.49469595523e-08  2.14063063472e-08  
