0.00505576637359  0.0121383994681  0.0236456604117  0.0426335177729  0.0729087471493  0.118782617857  0.18434428241  0.272200666747  0.381834312334  0.508024951886  0.640047153234  0.762398317891  0.85744332411  0.909573421707  0.909573421707  0.85744332411  0.762398317891  0.640047153234  0.508024951886  0.381834312334  0.272200666747  0.18434428241  0.118782617857  0.0729087471493  0.0426335177729  0.0236456604117  0.0121383994681  0.00505576637359  
0.0121383994681  0.0291734597979  0.0569157958096  0.102807589799  0.176177413616  0.287677849452  0.447545557017  0.662522959368  0.931771827317  1.24284381139  1.56947930355  1.87319294888  2.10976202494  2.23974664789  2.23974664789  2.10976202494  1.87319294888  1.56947930355  1.24284381139  0.931771827317  0.662522959368  0.447545557017  0.287677849452  0.176177413616  0.102807589799  0.0569157958096  0.0291734597979  0.0121383994681  
0.0236456604117  0.0569157958096  0.111282877835  0.201546596253  0.34642790396  0.567565555003  0.886153089206  1.31680285674  1.85917111648  2.48938313646  3.15487063153  3.7768814265  4.26345924704  4.53157928236  4.53157928236  4.26345924704  3.7768814265  3.15487063153  2.48938313646  1.85917111648  1.31680285674  0.886153089206  0.567565555003  0.34642790396  0.201546596253  0.111282877835  0.0569157958096  0.0236456604117  
0.0426335177729  0.102807589799  0.201546596253  0.366212368665  0.631807811118  1.03940300811  1.63017663623  2.43408831215  3.45385485557  4.64775089385  5.91804574597  7.11380877319  8.05480880426  8.57543624136  8.57543624136  8.05480880426  7.11380877319  5.91804574597  4.64775089385  3.45385485557  2.43408831215  1.63017663623  1.03940300811  0.631807811118  0.366212368665  0.201546596253  0.102807589799  0.0426335177729  
0.0729087471493  0.176177413616  0.34642790396  0.631807811118  1.09471957901  1.8096763167  2.85344945723  4.28531639102  6.11786389625  8.28383511961  10.6110334914  12.8223780381  14.5767520168  15.5528948681  15.5528948681  14.5767520168  12.8223780381  10.6110334914  8.28383511961  6.11786389625  4.28531639102  2.85344945723  1.8096763167  1.09471957901  0.631807811118  0.34642790396  0.176177413616  0.0729087471493  
0.118782617857  0.287677849452  0.567565555003  1.03940300811  1.8096763167  3.00810167401  4.77251662316  7.21640173588  10.3782337998  14.1600537235  18.2747424178  22.2336673749  25.4096504692  27.1910356303  27.1910356303  25.4096504692  22.2336673749  18.2747424178  14.1600537235  10.3782337998  7.21640173588  4.77251662316  3.00810167401  1.8096763167  1.03940300811  0.567565555003  0.287677849452  0.118782617857  
0.18434428241  0.447545557017  0.886153089206  1.63017663623  2.85344945723  4.77251662316  7.62554631761  11.6224522686  16.8618479744  23.2222746971  30.2556228451  37.1368902224  42.7440808639  45.9264769258  45.9264769258  42.7440808639  37.1368902224  30.2556228451  23.2222746971  16.8618479744  11.6224522686  7.62554631761  4.77251662316  2.85344945723  1.63017663623  0.886153089206  0.447545557017  0.18434428241  
0.272200666747  0.662522959368  1.31680285674  2.43408831215  4.28531639102  7.21640173588  11.6224522686  17.8774592888  26.2072703242  36.5076857667  48.1394071587  59.7808799676  69.4815842971  75.0878293376  75.0878293376  69.4815842971  59.7808799676  48.1394071587  36.5076857667  26.2072703242  17.8774592888  11.6224522686  7.21640173588  4.28531639102  2.43408831215  1.31680285674  0.662522959368  0.272200666747  
0.381834312334  0.931771827317  1.85917111648  3.45385485557  6.11786389625  10.3782337998  16.8618479744  26.2072703242  38.8875897636  54.9289011208  73.5418140573  92.757811282  109.304438559  119.148803552  119.148803552  109.304438559  92.757811282  73.5418140573  54.9289011208  38.8875897636  26.2072703242  16.8618479744  10.3782337998  6.11786389625  3.45385485557  1.85917111648  0.931771827317  0.381834312334  
0.508024951886  1.24284381139  2.48938313646  4.64775089385  8.28383511961  14.1600537235  23.2222746971  36.5076857667  54.9289011208  78.8855044726  107.666210073  138.670601049  166.707502883  184.221444765  184.221444765  166.707502883  138.670601049  107.666210073  78.8855044726  54.9289011208  36.5076857667  23.2222746971  14.1600537235  8.28383511961  4.64775089385  2.48938313646  1.24284381139  0.508024951886  
0.640047153234  1.56947930355  3.15487063153  5.91804574597  10.6110334914  18.2747424178  30.2556228451  48.1394071587  73.5418140573  107.666210073  150.486651632  199.353461501  246.914743863  279.261930809  279.261930809  246.914743863  199.353461501  150.486651632  107.666210073  73.5418140573  48.1394071587  30.2556228451  18.2747424178  10.6110334914  5.91804574597  3.15487063153  1.56947930355  0.640047153234  
0.762398317891  1.87319294888  3.7768814265  7.11380877319  12.8223780381  22.2336673749  37.1368902224  59.7808799676  92.757811282  138.670601049  199.353461501  274.050072229  355.142831152  419.309955803  419.309955803  355.142831152  274.050072229  199.353461501  138.670601049  92.757811282  59.7808799676  37.1368902224  22.2336673749  12.8223780381  7.11380877319  3.7768814265  1.87319294888  0.762398317891  
0.85744332411  2.10976202494  4.26345924704  8.05480880426  14.5767520168  25.4096504692  42.7440808639  69.4815842971  109.304438559  166.707502883  246.914743863  355.142831152  492.417787757  634.756475835  634.756475835  492.417787757  355.142831152  246.914743863  166.707502883  109.304438559  69.4815842971  42.7440808639  25.4096504692  14.5767520168  8.05480880426  4.26345924704  2.10976202494  0.85744332411  
0.909573421707  2.23974664789  4.53157928236  8.57543624136  15.5528948681  27.1910356303  45.9264769258  75.0878293376  119.148803552  184.221444765  279.261930809  419.309955803  634.756475835  1000.0  1000.0  634.756475835  419.309955803  279.261930809  184.221444765  119.148803552  75.0878293376  45.9264769258  27.1910356303  15.5528948681  8.57543624136  4.53157928236  2.23974664789  0.909573421707  
0.909573421707  2.23974664789  4.53157928236  8.57543624136  15.5528948681  27.1910356303  45.9264769258  75.0878293376  119.148803552  184.221444765  279.261930809  419.309955803  634.756475835  1000.0  1000.0  634.756475835  419.309955803  279.261930809  184.221444765  119.148803552  75.0878293376  45.9264769258  27.1910356303  15.5528948681  8.57543624136  4.53157928236  2.23974664789  0.909573421707  
0.85744332411  2.10976202494  4.26345924704  8.05480880426  14.5767520168  25.4096504692  42.7440808639  69.4815842971  109.304438559  166.707502883  246.914743863  355.142831152  492.417787757  634.756475835  634.756475835  492.417787757  355.142831152  246.914743863  166.707502883  109.304438559  69.4815842971  42.7440808639  25.4096504692  14.5767520168  8.05480880426  4.26345924704  2.10976202494  0.85744332411  
0.762398317891  1.87319294888  3.7768814265  7.11380877319  12.8223780381  22.2336673749  37.1368902224  59.7808799676  92.757811282  138.670601049  199.353461501  274.050072229  355.142831152  419.309955803  419.309955803  355.142831152  274.050072229  199.353461501  138.670601049  92.757811282  59.7808799676  37.1368902224  22.2336673749  12.8223780381  7.11380877319  3.7768814265  1.87319294888  0.762398317891  
0.640047153234  1.56947930355  3.15487063153  5.91804574597  10.6110334914  18.2747424178  30.2556228451  48.1394071587  73.5418140573  107.666210073  150.486651632  199.353461501  246.914743863  279.261930809  279.261930809  246.914743863  199.353461501  150.486651632  107.666210073  73.5418140573  48.1394071587  30.2556228451  18.2747424178  10.6110334914  5.91804574597  3.15487063153  1.56947930355  0.640047153234  
0.508024951886  1.24284381139  2.48938313646  4.64775089385  8.28383511961  14.1600537235  23.2222746971  36.5076857667  54.9289011208  78.8855044726  107.666210073  138.670601049  166.707502883  184.221444765  184.221444765  166.707502883  138.670601049  107.666210073  78.8855044726  54.9289011208  36.5076857667  23.2222746971  14.1600537235  8.28383511961  4.64775089385  2.48938313646  1.24284381139  0.508024951886  
0.381834312334  0.931771827317  1.85917111648  3.45385485557  6.11786389625  10.3782337998  16.8618479744  26.2072703242  38.8875897636  54.9289011208  73.5418140573  92.757811282  109.304438559  119.148803552  119.148803552  109.304438559  92.757811282  73.5418140573  54.9289011208  38.8875897636  26.2072703242  16.8618479744  10.3782337998  6.11786389625  3.45385485557  1.85917111648  0.931771827317  0.381834312334  
0.272200666747  0.662522959368  1.31680285674  2.43408831215  4.28531639102  7.21640173588  11.6224522686  17.8774592888  26.2072703242  36.5076857667  48.1394071587  59.7808799676  69.4815842971  75.0878293376  75.0878293376  69.4815842971  59.7808799676  48.1394071587  36.5076857667  26.2072703242  17.8774592888  11.6224522686  7.21640173588  4.28531639102  2.43408831215  1.31680285674  0.662522959368  0.272200666747  
0.18434428241  0.447545557017  0.886153089206  1.63017663623  2.85344945723  4.77251662316  7.62554631761  11.6224522686  16.8618479744  23.2222746971  30.2556228451  37.1368902224  42.7440808639  45.9264769258  45.9264769258  42.7440808639  37.1368902224  30.2556228451  23.2222746971  16.8618479744  11.6224522686  7.62554631761  4.77251662316  2.85344945723  1.63017663623  0.886153089206  0.447545557017  0.18434428241  
0.118782617857  0.287677849452  0.567565555003  1.03940300811  1.8096763167  3.00810167401  4.77251662316  7.21640173588  10.3782337998  14.1600537235  18.2747424178  22.2336673749  25.4096504692  27.1910356303  27.1910356303  25.4096504692  22.2336673749  18.2747424178  14.1600537235  10.3782337998  7.21640173588  4.77251662316  3.00810167401  1.8096763167  1.03940300811  0.567565555003  0.287677849452  0.118782617857  
0.0729087471493  0.176177413616  0.34642790396  0.631807811118  1.09471957901  1.8096763167  2.85344945723  4.28531639102  6.11786389625  8.28383511961  10.6110334914  12.8223780381  14.5767520168  15.5528948681  15.5528948681  14.5767520168  12.8223780381  10.6110334914  8.28383511961  6.11786389625  4.28531639102  2.85344945723  1.8096763167  1.09471957901  0.631807811118  0.34642790396  0.176177413616  0.0729087471493  
0.0426335177729  0.102807589799  0.201546596253  0.366212368665  0.631807811118  1.03940300811  1.63017663623  2.43408831215  3.45385485557  4.64775089385  5.91804574597  7.11380877319  8.05480880426  8.57543624136  8.57543624136  8.05480880426  7.11380877319  5.91804574597  4.64775089385  3.45385485557  2.43408831215  1.63017663623  1.03940300811  0.631807811118  0.366212368665  0.201546596253  0.102807589799  0.0426335177729  
0.0236456604117  0.0569157958096  0.111282877835  0.201546596253  0.34642790396  0.567565555003  0.886153089206  1.31680285674  1.85917111648  2.48938313646  3.15487063153  3.7768814265  4.26345924704  4.53157928236  4.53157928236  4.26345924704  3.7768814265  3.15487063153  2.48938313646  1.85917111648  1.31680285674  0.886153089206  0.567565555003  0.34642790396  0.201546596253  0.111282877835  0.0569157958096  0.0236456604117  
0.0121383994681  0.0291734597979  0.0569157958096  0.102807589799  0.176177413616  0.287677849452  0.447545557017  0.662522959368  0.931771827317  1.24284381139  1.56947930355  1.87319294888  2.10976202494  2.23974664789  2.23974664789  2.10976202494  1.87319294888  1.56947930355  1.24284381139  0.931771827317  0.662522959368  0.447545557017  0.287677849452  0.176177413616  0.102807589799  0.0569157958096  0.0291734597979  0.0121383994681  
0.00505576637359  0.0121383994681  0.0236456604117  0.0426335177729  0.0729087471493  0.118782617857  0.18434428241  0.272200666747  0.381834312334  0.508024951886  0.640047153234  0.762398317891  0.85744332411  0.909573421707  0.909573421707  0.85744332411  0.762398317891  0.640047153234  0.508024951886  0.381834312334  0.272200666747  0.18434428241  0.118782617857  0.0729087471493  0.0426335177729  0.0236456604117  0.0121383994681  0.00505576637359  
