0.372613494415  0.771401078432  1.22077134258  1.74141445615  2.34804614136  3.04687232631  3.83299382051  4.68819602396  5.57977562914  6.4611668316  7.27504208456  7.95917975823  8.45468307781  8.71522571744  8.71522571744  8.45468307781  7.95917975823  7.27504208456  6.4611668316  5.57977562914  4.68819602396  3.83299382051  3.04687232631  2.34804614136  1.74141445615  1.22077134258  0.771401078432  0.372613494415  
0.771401078432  1.59793499703  2.53118835149  3.61523420674  4.88196766924  6.34575344743  7.99780347313  9.80119219236  11.68789694  13.5595629776  15.2936085219  16.7555502531  17.8168977948  18.3758255652  18.3758255652  17.8168977948  16.7555502531  15.2936085219  13.5595629776  11.68789694  9.80119219236  7.99780347313  6.34575344743  4.88196766924  3.61523420674  2.53118835149  1.59793499703  0.771401078432  
1.22077134258  2.53118835149  4.01558121757  5.74690226435  7.77938718101  10.1398469081  12.8181455612  15.7582411983  18.852051943  21.9391299396  24.8152849285  27.2523598806  29.0288351014  29.9668559429  29.9668559429  29.0288351014  27.2523598806  24.8152849285  21.9391299396  18.852051943  15.7582411983  12.8181455612  10.1398469081  7.77938718101  5.74690226435  4.01558121757  2.53118835149  1.22077134258  
1.74141445615  3.61523420674  5.74690226435  8.24672975316  11.1995915853  14.6521372901  18.5980661015  22.9632414908  27.5939012688  32.2527044259  36.628272936  40.3632324212  43.1022382368  44.5543009497  44.5543009497  43.1022382368  40.3632324212  36.628272936  32.2527044259  27.5939012688  22.9632414908  18.5980661015  14.6521372901  11.1995915853  8.24672975316  5.74690226435  3.61523420674  1.74141445615  
2.34804614136  4.88196766924  7.77938718101  11.1995915853  15.270101993  20.069047602  25.6036007943  31.7863810278  38.4140015821  45.1546974429  51.5546114182  57.0732365378  61.1548498412  63.331215537  63.331215537  61.1548498412  57.0732365378  51.5546114182  45.1546974429  38.4140015821  31.7863810278  25.6036007943  20.069047602  15.270101993  11.1995915853  7.77938718101  4.88196766924  2.34804614136  
3.04687232631  6.34575344743  10.1398469081  14.6521372901  20.069047602  26.5174910552  34.034794225  42.5329001725  51.7613456248  61.2780869224  70.4431366267  78.4553196208  84.4520295145  87.6762732712  87.6762732712  84.4520295145  78.4553196208  70.4431366267  61.2780869224  51.7613456248  42.5329001725  34.034794225  26.5174910552  20.069047602  14.6521372901  10.1398469081  6.34575344743  3.04687232631  
3.83299382051  7.99780347313  12.8181455612  18.5980661015  25.6036007943  34.034794225  43.9860729957  55.3947130707  67.9805921101  81.1868801787  94.1421946839  105.679696356  114.460861212  119.240557336  119.240557336  114.460861212  105.679696356  94.1421946839  81.1868801787  67.9805921101  55.3947130707  43.9860729957  34.034794225  25.6036007943  18.5980661015  12.8181455612  7.99780347313  3.83299382051  
4.68819602396  9.80119219236  15.7582411983  22.9632414908  31.7863810278  42.5329001725  55.3947130707  70.3812489908  87.228243426  105.289990246  123.436578986  140.008817131  152.929121531  160.095356614  160.095356614  152.929121531  140.008817131  123.436578986  105.289990246  87.228243426  70.3812489908  55.3947130707  42.5329001725  31.7863810278  22.9632414908  15.7582411983  9.80119219236  4.68819602396  
5.57977562914  11.68789694  18.852051943  27.5939012688  38.4140015821  51.7613456248  67.9805921101  87.228243426  109.347491633  133.693536466  158.916146777  182.754074485  202.005821661  213.01080983  213.01080983  202.005821661  182.754074485  158.916146777  133.693536466  109.347491633  87.228243426  67.9805921101  51.7613456248  38.4140015821  27.5939012688  18.852051943  11.68789694  5.57977562914  
6.4611668316  13.5595629776  21.9391299396  32.2527044259  45.1546974429  61.2780869224  81.1868801787  105.289990246  133.693536466  165.95650991  200.708394044  235.122132731  264.411520373  282.024732566  282.024732566  264.411520373  235.122132731  200.708394044  165.95650991  133.693536466  105.289990246  81.1868801787  61.2780869224  45.1546974429  32.2527044259  21.9391299396  13.5595629776  6.4611668316  
7.27504208456  15.2936085219  24.8152849285  36.628272936  51.5546114182  70.4431366267  94.1421946839  123.436578986  158.916146777  200.708394044  247.944017154  297.746041946  343.586889119  373.699984096  373.699984096  343.586889119  297.746041946  247.944017154  200.708394044  158.916146777  123.436578986  94.1421946839  70.4431366267  51.5546114182  36.628272936  24.8152849285  15.2936085219  7.27504208456  
7.95917975823  16.7555502531  27.2523598806  40.3632324212  57.0732365378  78.4553196208  105.679696356  140.008817131  182.754074485  235.122132731  297.746041946  369.357554291  443.331914098  500.174023418  500.174023418  443.331914098  369.357554291  297.746041946  235.122132731  182.754074485  140.008817131  105.679696356  78.4553196208  57.0732365378  40.3632324212  27.2523598806  16.7555502531  7.95917975823  
8.45468307781  17.8168977948  29.0288351014  43.1022382368  61.1548498412  84.4520295145  114.460861212  152.929121531  202.005821661  264.411520373  343.586889119  443.331914098  564.500286207  687.391746457  687.391746457  564.500286207  443.331914098  343.586889119  264.411520373  202.005821661  152.929121531  114.460861212  84.4520295145  61.1548498412  43.1022382368  29.0288351014  17.8168977948  8.45468307781  
8.71522571744  18.3758255652  29.9668559429  44.5543009497  63.331215537  87.6762732712  119.240557336  160.095356614  213.01080983  282.024732566  373.699984096  500.174023418  687.391746457  1000.0  1000.0  687.391746457  500.174023418  373.699984096  282.024732566  213.01080983  160.095356614  119.240557336  87.6762732712  63.331215537  44.5543009497  29.9668559429  18.3758255652  8.71522571744  
8.71522571744  18.3758255652  29.9668559429  44.5543009497  63.331215537  87.6762732712  119.240557336  160.095356614  213.01080983  282.024732566  373.699984096  500.174023418  687.391746457  1000.0  1000.0  687.391746457  500.174023418  373.699984096  282.024732566  213.01080983  160.095356614  119.240557336  87.6762732712  63.331215537  44.5543009497  29.9668559429  18.3758255652  8.71522571744  
8.45468307781  17.8168977948  29.0288351014  43.1022382368  61.1548498412  84.4520295145  114.460861212  152.929121531  202.005821661  264.411520373  343.586889119  443.331914098  564.500286207  687.391746457  687.391746457  564.500286207  443.331914098  343.586889119  264.411520373  202.005821661  152.929121531  114.460861212  84.4520295145  61.1548498412  43.1022382368  29.0288351014  17.8168977948  8.45468307781  
7.95917975823  16.7555502531  27.2523598806  40.3632324212  57.0732365378  78.4553196208  105.679696356  140.008817131  182.754074485  235.122132731  297.746041946  369.357554291  443.331914098  500.174023418  500.174023418  443.331914098  369.357554291  297.746041946  235.122132731  182.754074485  140.008817131  105.679696356  78.4553196208  57.0732365378  40.3632324212  27.2523598806  16.7555502531  7.95917975823  
7.27504208456  15.2936085219  24.8152849285  36.628272936  51.5546114182  70.4431366267  94.1421946839  123.436578986  158.916146777  200.708394044  247.944017154  297.746041946  343.586889119  373.699984096  373.699984096  343.586889119  297.746041946  247.944017154  200.708394044  158.916146777  123.436578986  94.1421946839  70.4431366267  51.5546114182  36.628272936  24.8152849285  15.2936085219  7.27504208456  
6.4611668316  13.5595629776  21.9391299396  32.2527044259  45.1546974429  61.2780869224  81.1868801787  105.289990246  133.693536466  165.95650991  200.708394044  235.122132731  264.411520373  282.024732566  282.024732566  264.411520373  235.122132731  200.708394044  165.95650991  133.693536466  105.289990246  81.1868801787  61.2780869224  45.1546974429  32.2527044259  21.9391299396  13.5595629776  6.4611668316  
5.57977562914  11.68789694  18.852051943  27.5939012688  38.4140015821  51.7613456248  67.9805921101  87.228243426  109.347491633  133.693536466  158.916146777  182.754074485  202.005821661  213.01080983  213.01080983  202.005821661  182.754074485  158.916146777  133.693536466  109.347491633  87.228243426  67.9805921101  51.7613456248  38.4140015821  27.5939012688  18.852051943  11.68789694  5.57977562914  
4.68819602396  9.80119219236  15.7582411983  22.9632414908  31.7863810278  42.5329001725  55.3947130707  70.3812489908  87.228243426  105.289990246  123.436578986  140.008817131  152.929121531  160.095356614  160.095356614  152.929121531  140.008817131  123.436578986  105.289990246  87.228243426  70.3812489908  55.3947130707  42.5329001725  31.7863810278  22.9632414908  15.7582411983  9.80119219236  4.68819602396  
3.83299382051  7.99780347313  12.8181455612  18.5980661015  25.6036007943  34.034794225  43.9860729957  55.3947130707  67.9805921101  81.1868801787  94.1421946839  105.679696356  114.460861212  119.240557336  119.240557336  114.460861212  105.679696356  94.1421946839  81.1868801787  67.9805921101  55.3947130707  43.9860729957  34.034794225  25.6036007943  18.5980661015  12.8181455612  7.99780347313  3.83299382051  
3.04687232631  6.34575344743  10.1398469081  14.6521372901  20.069047602  26.5174910552  34.034794225  42.5329001725  51.7613456248  61.2780869224  70.4431366267  78.4553196208  84.4520295145  87.6762732712  87.6762732712  84.4520295145  78.4553196208  70.4431366267  61.2780869224  51.7613456248  42.5329001725  34.034794225  26.5174910552  20.069047602  14.6521372901  10.1398469081  6.34575344743  3.04687232631  
2.34804614136  4.88196766924  7.77938718101  11.1995915853  15.270101993  20.069047602  25.6036007943  31.7863810278  38.4140015821  45.1546974429  51.5546114182  57.0732365378  61.1548498412  63.331215537  63.331215537  61.1548498412  57.0732365378  51.5546114182  45.1546974429  38.4140015821  31.7863810278  25.6036007943  20.069047602  15.270101993  11.1995915853  7.77938718101  4.88196766924  2.34804614136  
1.74141445615  3.61523420674  5.74690226435  8.24672975316  11.1995915853  14.6521372901  18.5980661015  22.9632414908  27.5939012688  32.2527044259  36.628272936  40.3632324212  43.1022382368  44.5543009497  44.5543009497  43.1022382368  40.3632324212  36.628272936  32.2527044259  27.5939012688  22.9632414908  18.5980661015  14.6521372901  11.1995915853  8.24672975316  5.74690226435  3.61523420674  1.74141445615  
1.22077134258  2.53118835149  4.01558121757  5.74690226435  7.77938718101  10.1398469081  12.8181455612  15.7582411983  18.852051943  21.9391299396  24.8152849285  27.2523598806  29.0288351014  29.9668559429  29.9668559429  29.0288351014  27.2523598806  24.8152849285  21.9391299396  18.852051943  15.7582411983  12.8181455612  10.1398469081  7.77938718101  5.74690226435  4.01558121757  2.53118835149  1.22077134258  
0.771401078432  1.59793499703  2.53118835149  3.61523420674  4.88196766924  6.34575344743  7.99780347313  9.80119219236  11.68789694  13.5595629776  15.2936085219  16.7555502531  17.8168977948  18.3758255652  18.3758255652  17.8168977948  16.7555502531  15.2936085219  13.5595629776  11.68789694  9.80119219236  7.99780347313  6.34575344743  4.88196766924  3.61523420674  2.53118835149  1.59793499703  0.771401078432  
0.372613494415  0.771401078432  1.22077134258  1.74141445615  2.34804614136  3.04687232631  3.83299382051  4.68819602396  5.57977562914  6.4611668316  7.27504208456  7.95917975823  8.45468307781  8.71522571744  8.71522571744  8.45468307781  7.95917975823  7.27504208456  6.4611668316  5.57977562914  4.68819602396  3.83299382051  3.04687232631  2.34804614136  1.74141445615  1.22077134258  0.771401078432  0.372613494415  
