0.000424537577048  0.0011389996447  0.00255464373652  0.00533052870773  0.0104907599794  0.0194816884261  0.0340766565637  0.0560184993833  0.0863415102608  0.124469506435  0.167419867043  0.209628129794  0.243843462963  0.263101951622  0.263101951622  0.243843462963  0.209628129794  0.167419867043  0.124469506435  0.0863415102608  0.0560184993833  0.0340766565637  0.0194816884261  0.0104907599794  0.00533052870773  0.00255464373652  0.0011389996447  0.000424537577048  
0.0011389996447  0.00305860525531  0.00686885427116  0.0143547370318  0.0283012502876  0.0526618861645  0.0923182452069  0.152123549537  0.235052360266  0.339695458394  0.457989704343  0.574621854261  0.669425643894  0.722884938769  0.722884938769  0.669425643894  0.574621854261  0.457989704343  0.339695458394  0.235052360266  0.152123549537  0.0923182452069  0.0526618861645  0.0283012502876  0.0143547370318  0.00686885427116  0.00305860525531  0.0011389996447  
0.00255464373652  0.00686885427116  0.0154535352213  0.0323659088877  0.0639728066234  0.119378593144  0.209938703768  0.347129236752  0.538302509447  0.780790409644  1.05635416861  1.32939308936  1.55225790469  1.67828688078  1.67828688078  1.55225790469  1.32939308936  1.05635416861  0.780790409644  0.538302509447  0.347129236752  0.209938703768  0.119378593144  0.0639728066234  0.0323659088877  0.0154535352213  0.00686885427116  0.00255464373652  
0.00533052870773  0.0143547370318  0.0323659088877  0.0679676028468  0.134756695068  0.252352058153  0.445530802858  0.739846523683  1.15255310956  1.67957216201  2.28262923687  2.88413766041  3.37791831302  3.65825456997  3.65825456997  3.37791831302  2.88413766041  2.28262923687  1.67957216201  1.15255310956  0.739846523683  0.445530802858  0.252352058153  0.134756695068  0.0679676028468  0.0323659088877  0.0143547370318  0.00533052870773  
0.0104907599794  0.0283012502876  0.0639728066234  0.134756695068  0.268143362058  0.504224114465  0.894391986635  1.49294828581  2.33881403507  3.42816602768  4.68582743047  5.95128703533  6.99815972313  7.59578032835  7.59578032835  6.99815972313  5.95128703533  4.68582743047  3.42816602768  2.33881403507  1.49294828581  0.894391986635  0.504224114465  0.268143362058  0.134756695068  0.0639728066234  0.0283012502876  0.0104907599794  
0.0194816884261  0.0526618861645  0.119378593144  0.252352058153  0.504224114465  0.952728292852  1.69927732255  2.85411394767  4.50171181916  6.64629083367  9.15078340077  11.7002932869  13.8319249909  15.0583578169  15.0583578169  13.8319249909  11.7002932869  9.15078340077  6.64629083367  4.50171181916  2.85411394767  1.69927732255  0.952728292852  0.504224114465  0.252352058153  0.119378593144  0.0526618861645  0.0194816884261  
0.0340766565637  0.0923182452069  0.209938703768  0.445530802858  0.894391986635  1.69927732255  3.05027657885  5.16097545849  8.20753704937  12.2264455663  16.9901436261  21.915946148  26.0962206221  28.529250223  28.529250223  26.0962206221  21.915946148  16.9901436261  12.2264455663  8.20753704937  5.16097545849  3.05027657885  1.69927732255  0.894391986635  0.445530802858  0.209938703768  0.0923182452069  0.0340766565637  
0.0560184993833  0.152123549537  0.347129236752  0.739846523683  1.49294828581  2.85411394767  5.16097545849  8.80753584672  14.1458134351  21.3068713733  29.9608721331  39.1019461243  47.0273568905  51.7225470493  51.7225470493  47.0273568905  39.1019461243  29.9608721331  21.3068713733  14.1458134351  8.80753584672  5.16097545849  2.85411394767  1.49294828581  0.739846523683  0.347129236752  0.152123549537  0.0560184993833  
0.0863415102608  0.235052360266  0.538302509447  1.15255310956  2.33881403507  4.50171181916  8.20753704937  14.1458134351  22.98742805  35.0979521993  50.1062986061  66.4295251776  81.0338209367  89.9349949965  89.9349949965  81.0338209367  66.4295251776  50.1062986061  35.0979521993  22.98742805  14.1458134351  8.20753704937  4.50171181916  2.33881403507  1.15255310956  0.538302509447  0.235052360266  0.0863415102608  
0.124469506435  0.339695458394  0.780790409644  1.67957216201  3.42816602768  6.64629083367  12.2264455663  21.3068713733  35.0979521993  54.4763491679  79.2842655081  107.372674758  133.711728237  150.548778966  150.548778966  133.711728237  107.372674758  79.2842655081  54.4763491679  35.0979521993  21.3068713733  12.2264455663  6.64629083367  3.42816602768  1.67957216201  0.780790409644  0.339695458394  0.124469506435  
0.167419867043  0.457989704343  1.05635416861  2.28262923687  4.68582743047  9.15078340077  16.9901436261  29.9608721331  50.1062986061  79.2842655081  118.201023092  164.747478123  211.595716804  244.1377808  244.1377808  211.595716804  164.747478123  118.201023092  79.2842655081  50.1062986061  29.9608721331  16.9901436261  9.15078340077  4.68582743047  2.28262923687  1.05635416861  0.457989704343  0.167419867043  
0.209628129794  0.574621854261  1.32939308936  2.88413766041  5.95128703533  11.7002932869  21.915946148  39.1019461243  66.4295251776  107.372674758  164.747478123  238.535189371  321.081276433  387.57971034  387.57971034  321.081276433  238.535189371  164.747478123  107.372674758  66.4295251776  39.1019461243  21.915946148  11.7002932869  5.95128703533  2.88413766041  1.32939308936  0.574621854261  0.209628129794  
0.243843462963  0.669425643894  1.55225790469  3.37791831302  6.99815972313  13.8319249909  26.0962206221  47.0273568905  81.0338209367  133.711728237  211.595716804  321.081276433  463.633858399  613.46509091  613.46509091  463.633858399  321.081276433  211.595716804  133.711728237  81.0338209367  47.0273568905  26.0962206221  13.8319249909  6.99815972313  3.37791831302  1.55225790469  0.669425643894  0.243843462963  
0.263101951622  0.722884938769  1.67828688078  3.65825456997  7.59578032835  15.0583578169  28.529250223  51.7225470493  89.9349949965  150.548778966  244.1377808  387.57971034  613.46509091  1000.0  1000.0  613.46509091  387.57971034  244.1377808  150.548778966  89.9349949965  51.7225470493  28.529250223  15.0583578169  7.59578032835  3.65825456997  1.67828688078  0.722884938769  0.263101951622  
0.263101951622  0.722884938769  1.67828688078  3.65825456997  7.59578032835  15.0583578169  28.529250223  51.7225470493  89.9349949965  150.548778966  244.1377808  387.57971034  613.46509091  1000.0  1000.0  613.46509091  387.57971034  244.1377808  150.548778966  89.9349949965  51.7225470493  28.529250223  15.0583578169  7.59578032835  3.65825456997  1.67828688078  0.722884938769  0.263101951622  
0.243843462963  0.669425643894  1.55225790469  3.37791831302  6.99815972313  13.8319249909  26.0962206221  47.0273568905  81.0338209367  133.711728237  211.595716804  321.081276433  463.633858399  613.46509091  613.46509091  463.633858399  321.081276433  211.595716804  133.711728237  81.0338209367  47.0273568905  26.0962206221  13.8319249909  6.99815972313  3.37791831302  1.55225790469  0.669425643894  0.243843462963  
0.209628129794  0.574621854261  1.32939308936  2.88413766041  5.95128703533  11.7002932869  21.915946148  39.1019461243  66.4295251776  107.372674758  164.747478123  238.535189371  321.081276433  387.57971034  387.57971034  321.081276433  238.535189371  164.747478123  107.372674758  66.4295251776  39.1019461243  21.915946148  11.7002932869  5.95128703533  2.88413766041  1.32939308936  0.574621854261  0.209628129794  
0.167419867043  0.457989704343  1.05635416861  2.28262923687  4.68582743047  9.15078340077  16.9901436261  29.9608721331  50.1062986061  79.2842655081  118.201023092  164.747478123  211.595716804  244.1377808  244.1377808  211.595716804  164.747478123  118.201023092  79.2842655081  50.1062986061  29.9608721331  16.9901436261  9.15078340077  4.68582743047  2.28262923687  1.05635416861  0.457989704343  0.167419867043  
0.124469506435  0.339695458394  0.780790409644  1.67957216201  3.42816602768  6.64629083367  12.2264455663  21.3068713733  35.0979521993  54.4763491679  79.2842655081  107.372674758  133.711728237  150.548778966  150.548778966  133.711728237  107.372674758  79.2842655081  54.4763491679  35.0979521993  21.3068713733  12.2264455663  6.64629083367  3.42816602768  1.67957216201  0.780790409644  0.339695458394  0.124469506435  
0.0863415102608  0.235052360266  0.538302509447  1.15255310956  2.33881403507  4.50171181916  8.20753704937  14.1458134351  22.98742805  35.0979521993  50.1062986061  66.4295251776  81.0338209367  89.9349949965  89.9349949965  81.0338209367  66.4295251776  50.1062986061  35.0979521993  22.98742805  14.1458134351  8.20753704937  4.50171181916  2.33881403507  1.15255310956  0.538302509447  0.235052360266  0.0863415102608  
0.0560184993833  0.152123549537  0.347129236752  0.739846523683  1.49294828581  2.85411394767  5.16097545849  8.80753584672  14.1458134351  21.3068713733  29.9608721331  39.1019461243  47.0273568905  51.7225470493  51.7225470493  47.0273568905  39.1019461243  29.9608721331  21.3068713733  14.1458134351  8.80753584672  5.16097545849  2.85411394767  1.49294828581  0.739846523683  0.347129236752  0.152123549537  0.0560184993833  
0.0340766565637  0.0923182452069  0.209938703768  0.445530802858  0.894391986635  1.69927732255  3.05027657885  5.16097545849  8.20753704937  12.2264455663  16.9901436261  21.915946148  26.0962206221  28.529250223  28.529250223  26.0962206221  21.915946148  16.9901436261  12.2264455663  8.20753704937  5.16097545849  3.05027657885  1.69927732255  0.894391986635  0.445530802858  0.209938703768  0.0923182452069  0.0340766565637  
0.0194816884261  0.0526618861645  0.119378593144  0.252352058153  0.504224114465  0.952728292852  1.69927732255  2.85411394767  4.50171181916  6.64629083367  9.15078340077  11.7002932869  13.8319249909  15.0583578169  15.0583578169  13.8319249909  11.7002932869  9.15078340077  6.64629083367  4.50171181916  2.85411394767  1.69927732255  0.952728292852  0.504224114465  0.252352058153  0.119378593144  0.0526618861645  0.0194816884261  
0.0104907599794  0.0283012502876  0.0639728066234  0.134756695068  0.268143362058  0.504224114465  0.894391986635  1.49294828581  2.33881403507  3.42816602768  4.68582743047  5.95128703533  6.99815972313  7.59578032835  7.59578032835  6.99815972313  5.95128703533  4.68582743047  3.42816602768  2.33881403507  1.49294828581  0.894391986635  0.504224114465  0.268143362058  0.134756695068  0.0639728066234  0.0283012502876  0.0104907599794  
0.00533052870773  0.0143547370318  0.0323659088877  0.0679676028468  0.134756695068  0.252352058153  0.445530802858  0.739846523683  1.15255310956  1.67957216201  2.28262923687  2.88413766041  3.37791831302  3.65825456997  3.65825456997  3.37791831302  2.88413766041  2.28262923687  1.67957216201  1.15255310956  0.739846523683  0.445530802858  0.252352058153  0.134756695068  0.0679676028468  0.0323659088877  0.0143547370318  0.00533052870773  
0.00255464373652  0.00686885427116  0.0154535352213  0.0323659088877  0.0639728066234  0.119378593144  0.209938703768  0.347129236752  0.538302509447  0.780790409644  1.05635416861  1.32939308936  1.55225790469  1.67828688078  1.67828688078  1.55225790469  1.32939308936  1.05635416861  0.780790409644  0.538302509447  0.347129236752  0.209938703768  0.119378593144  0.0639728066234  0.0323659088877  0.0154535352213  0.00686885427116  0.00255464373652  
0.0011389996447  0.00305860525531  0.00686885427116  0.0143547370318  0.0283012502876  0.0526618861645  0.0923182452069  0.152123549537  0.235052360266  0.339695458394  0.457989704343  0.574621854261  0.669425643894  0.722884938769  0.722884938769  0.669425643894  0.574621854261  0.457989704343  0.339695458394  0.235052360266  0.152123549537  0.0923182452069  0.0526618861645  0.0283012502876  0.0143547370318  0.00686885427116  0.00305860525531  0.0011389996447  
0.000424537577048  0.0011389996447  0.00255464373652  0.00533052870773  0.0104907599794  0.0194816884261  0.0340766565637  0.0560184993833  0.0863415102608  0.124469506435  0.167419867043  0.209628129794  0.243843462963  0.263101951622  0.263101951622  0.243843462963  0.209628129794  0.167419867043  0.124469506435  0.0863415102608  0.0560184993833  0.0340766565637  0.0194816884261  0.0104907599794  0.00533052870773  0.00255464373652  0.0011389996447  0.000424537577048  
