1.16392011785e-08  5.32882857687e-08  2.18036977671e-07  8.24548423542e-07  2.87215221497e-06  9.16414244023e-06  2.66143496223e-05  6.9850542571e-05  0.000164343085607  0.000343516408792  0.000631627516156  0.00101096842299  0.00139403604299  0.00164138553022  0.00164138553022  0.00139403604299  0.00101096842299  0.000631627516156  0.000343516408792  0.000164343085607  6.9850542571e-05  2.66143496223e-05  9.16414244023e-06  2.87215221497e-06  8.24548423542e-07  2.18036977671e-07  5.32882857687e-08  1.16392011785e-08  
5.32882857687e-08  2.43545740409e-07  9.94790718256e-07  3.75628532741e-06  1.30676300555e-05  4.1653182763e-05  0.000120885145377  0.000317156436262  0.000746200212862  0.00156028039065  0.00287076435865  0.00459870136782  0.00634635155143  0.0074762966495  0.0074762966495  0.00634635155143  0.00459870136782  0.00287076435865  0.00156028039065  0.000746200212862  0.000317156436262  0.000120885145377  4.1653182763e-05  1.30676300555e-05  3.75628532741e-06  9.94790718256e-07  2.43545740409e-07  5.32882857687e-08  
2.18036977671e-07  9.94790718256e-07  4.05661127113e-06  1.52959923725e-05  5.31535046016e-05  0.0001692955718  0.000491130405995  0.0012885580176  0.00303306909144  0.0063476389499  0.0116935522517  0.0187589626997  0.0259227032098  0.0305639085126  0.0305639085126  0.0259227032098  0.0187589626997  0.0116935522517  0.0063476389499  0.00303306909144  0.0012885580176  0.000491130405995  0.0001692955718  5.31535046016e-05  1.52959923725e-05  4.05661127113e-06  9.94790718256e-07  2.18036977671e-07  
8.24548423542e-07  3.75628532741e-06  1.52959923725e-05  5.76106715246e-05  0.000200039881234  0.000636883539199  0.00184770993628  0.00485039264049  0.011429254944  0.0239570597749  0.0442220736899  0.0710990995117  0.0984498723757  0.116223413679  0.116223413679  0.0984498723757  0.0710990995117  0.0442220736899  0.0239570597749  0.011429254944  0.00485039264049  0.00184770993628  0.000636883539199  0.000200039881234  5.76106715246e-05  1.52959923725e-05  3.75628532741e-06  8.24548423542e-07  
2.87215221497e-06  1.30676300555e-05  5.31535046016e-05  0.000200039881234  0.000694323784792  0.00221073838414  0.00641759404301  0.0168668327142  0.0398171032907  0.0836674033625  0.154904717044  0.249863357743  0.347008461705  0.410418368091  0.410418368091  0.347008461705  0.249863357743  0.154904717044  0.0836674033625  0.0398171032907  0.0168668327142  0.00641759404301  0.00221073838414  0.000694323784792  0.000200039881234  5.31535046016e-05  1.30676300555e-05  2.87215221497e-06  
9.16414244023e-06  4.1653182763e-05  0.0001692955718  0.000636883539199  0.00221073838414  0.00704339925841  0.0204721556989  0.0539122025885  0.127624044057  0.26914271232  0.50045044122  0.811004776231  1.13114835441  1.34150077467  1.34150077467  1.13114835441  0.811004776231  0.50045044122  0.26914271232  0.127624044057  0.0539122025885  0.0204721556989  0.00704339925841  0.00221073838414  0.000636883539199  0.0001692955718  4.1653182763e-05  9.16414244023e-06  
2.66143496223e-05  0.000120885145377  0.000491130405995  0.00184770993628  0.00641759404301  0.0204721556989  0.0596251662223  0.15748264038  0.374285763396  0.793321116627  1.48405907184  2.42093166529  3.39752886708  4.04564533835  4.04564533835  3.39752886708  2.42093166529  1.48405907184  0.793321116627  0.374285763396  0.15748264038  0.0596251662223  0.0204721556989  0.00641759404301  0.00184770993628  0.000491130405995  0.000120885145377  2.66143496223e-05  
6.9850542571e-05  0.000317156436262  0.0012885580176  0.00485039264049  0.0168668327142  0.0539122025885  0.15748264038  0.417652958828  0.998043231619  2.13010593168  4.018228998  6.61637190296  9.36935143467  11.2249354021  11.2249354021  9.36935143467  6.61637190296  4.018228998  2.13010593168  0.998043231619  0.417652958828  0.15748264038  0.0539122025885  0.0168668327142  0.00485039264049  0.0012885580176  0.000317156436262  6.9850542571e-05  
0.000164343085607  0.000746200212862  0.00303306909144  0.011429254944  0.0398171032907  0.127624044057  0.374285763396  0.998043231619  2.40225948617  5.17495021584  9.87455375709  16.4755046768  23.6430887779  28.5965223164  28.5965223164  23.6430887779  16.4755046768  9.87455375709  5.17495021584  2.40225948617  0.998043231619  0.374285763396  0.127624044057  0.0398171032907  0.011429254944  0.00303306909144  0.000746200212862  0.000164343085607  
0.000343516408792  0.00156028039065  0.0063476389499  0.0239570597749  0.0836674033625  0.26914271232  0.793321116627  2.13010593168  5.17495021584  11.2847751353  21.8703724173  37.1801058177  54.4344356041  66.8691072257  66.8691072257  54.4344356041  37.1801058177  21.8703724173  11.2847751353  5.17495021584  2.13010593168  0.793321116627  0.26914271232  0.0836674033625  0.0239570597749  0.0063476389499  0.00156028039065  0.000343516408792  
0.000631627516156  0.00287076435865  0.0116935522517  0.0442220736899  0.154904717044  0.50045044122  1.48405907184  4.018228998  9.87455375709  21.8703724173  43.2722926383  75.538062345  114.048704203  143.90903999  143.90903999  114.048704203  75.538062345  43.2722926383  21.8703724173  9.87455375709  4.018228998  1.48405907184  0.50045044122  0.154904717044  0.0442220736899  0.0116935522517  0.00287076435865  0.000631627516156  
0.00101096842299  0.00459870136782  0.0187589626997  0.0710990995117  0.249863357743  0.811004776231  2.42093166529  6.61637190296  16.4755046768  37.1801058177  75.538062345  136.801327443  216.684972903  287.370118401  287.370118401  216.684972903  136.801327443  75.538062345  37.1801058177  16.4755046768  6.61637190296  2.42093166529  0.811004776231  0.249863357743  0.0710990995117  0.0187589626997  0.00459870136782  0.00101096842299  
0.00139403604299  0.00634635155143  0.0259227032098  0.0984498723757  0.347008461705  1.13114835441  3.39752886708  9.36935143467  23.6430887779  54.4344356041  114.048704203  216.684972903  369.514730227  542.07048538  542.07048538  369.514730227  216.684972903  114.048704203  54.4344356041  23.6430887779  9.36935143467  3.39752886708  1.13114835441  0.347008461705  0.0984498723757  0.0259227032098  0.00634635155143  0.00139403604299  
0.00164138553022  0.0074762966495  0.0305639085126  0.116223413679  0.410418368091  1.34150077467  4.04564533835  11.2249354021  28.5965223164  66.8691072257  143.90903999  287.370118401  542.07048538  1000.0  1000.0  542.07048538  287.370118401  143.90903999  66.8691072257  28.5965223164  11.2249354021  4.04564533835  1.34150077467  0.410418368091  0.116223413679  0.0305639085126  0.0074762966495  0.00164138553022  
0.00164138553022  0.0074762966495  0.0305639085126  0.116223413679  0.410418368091  1.34150077467  4.04564533835  11.2249354021  28.5965223164  66.8691072257  143.90903999  287.370118401  542.07048538  1000.0  1000.0  542.07048538  287.370118401  143.90903999  66.8691072257  28.5965223164  11.2249354021  4.04564533835  1.34150077467  0.410418368091  0.116223413679  0.0305639085126  0.0074762966495  0.00164138553022  
0.00139403604299  0.00634635155143  0.0259227032098  0.0984498723757  0.347008461705  1.13114835441  3.39752886708  9.36935143467  23.6430887779  54.4344356041  114.048704203  216.684972903  369.514730227  542.07048538  542.07048538  369.514730227  216.684972903  114.048704203  54.4344356041  23.6430887779  9.36935143467  3.39752886708  1.13114835441  0.347008461705  0.0984498723757  0.0259227032098  0.00634635155143  0.00139403604299  
0.00101096842299  0.00459870136782  0.0187589626997  0.0710990995117  0.249863357743  0.811004776231  2.42093166529  6.61637190296  16.4755046768  37.1801058177  75.538062345  136.801327443  216.684972903  287.370118401  287.370118401  216.684972903  136.801327443  75.538062345  37.1801058177  16.4755046768  6.61637190296  2.42093166529  0.811004776231  0.249863357743  0.0710990995117  0.0187589626997  0.00459870136782  0.00101096842299  
0.000631627516156  0.00287076435865  0.0116935522517  0.0442220736899  0.154904717044  0.50045044122  1.48405907184  4.018228998  9.87455375709  21.8703724173  43.2722926383  75.538062345  114.048704203  143.90903999  143.90903999  114.048704203  75.538062345  43.2722926383  21.8703724173  9.87455375709  4.018228998  1.48405907184  0.50045044122  0.154904717044  0.0442220736899  0.0116935522517  0.00287076435865  0.000631627516156  
0.000343516408792  0.00156028039065  0.0063476389499  0.0239570597749  0.0836674033625  0.26914271232  0.793321116627  2.13010593168  5.17495021584  11.2847751353  21.8703724173  37.1801058177  54.4344356041  66.8691072257  66.8691072257  54.4344356041  37.1801058177  21.8703724173  11.2847751353  5.17495021584  2.13010593168  0.793321116627  0.26914271232  0.0836674033625  0.0239570597749  0.0063476389499  0.00156028039065  0.000343516408792  
0.000164343085607  0.000746200212862  0.00303306909144  0.011429254944  0.0398171032907  0.127624044057  0.374285763396  0.998043231619  2.40225948617  5.17495021584  9.87455375709  16.4755046768  23.6430887779  28.5965223164  28.5965223164  23.6430887779  16.4755046768  9.87455375709  5.17495021584  2.40225948617  0.998043231619  0.374285763396  0.127624044057  0.0398171032907  0.011429254944  0.00303306909144  0.000746200212862  0.000164343085607  
6.9850542571e-05  0.000317156436262  0.0012885580176  0.00485039264049  0.0168668327142  0.0539122025885  0.15748264038  0.417652958828  0.998043231619  2.13010593168  4.018228998  6.61637190296  9.36935143467  11.2249354021  11.2249354021  9.36935143467  6.61637190296  4.018228998  2.13010593168  0.998043231619  0.417652958828  0.15748264038  0.0539122025885  0.0168668327142  0.00485039264049  0.0012885580176  0.000317156436262  6.9850542571e-05  
2.66143496223e-05  0.000120885145377  0.000491130405995  0.00184770993628  0.00641759404301  0.0204721556989  0.0596251662223  0.15748264038  0.374285763396  0.793321116627  1.48405907184  2.42093166529  3.39752886708  4.04564533835  4.04564533835  3.39752886708  2.42093166529  1.48405907184  0.793321116627  0.374285763396  0.15748264038  0.0596251662223  0.0204721556989  0.00641759404301  0.00184770993628  0.000491130405995  0.000120885145377  2.66143496223e-05  
9.16414244023e-06  4.1653182763e-05  0.0001692955718  0.000636883539199  0.00221073838414  0.00704339925841  0.0204721556989  0.0539122025885  0.127624044057  0.26914271232  0.50045044122  0.811004776231  1.13114835441  1.34150077467  1.34150077467  1.13114835441  0.811004776231  0.50045044122  0.26914271232  0.127624044057  0.0539122025885  0.0204721556989  0.00704339925841  0.00221073838414  0.000636883539199  0.0001692955718  4.1653182763e-05  9.16414244023e-06  
2.87215221497e-06  1.30676300555e-05  5.31535046016e-05  0.000200039881234  0.000694323784792  0.00221073838414  0.00641759404301  0.0168668327142  0.0398171032907  0.0836674033625  0.154904717044  0.249863357743  0.347008461705  0.410418368091  0.410418368091  0.347008461705  0.249863357743  0.154904717044  0.0836674033625  0.0398171032907  0.0168668327142  0.00641759404301  0.00221073838414  0.000694323784792  0.000200039881234  5.31535046016e-05  1.30676300555e-05  2.87215221497e-06  
8.24548423542e-07  3.75628532741e-06  1.52959923725e-05  5.76106715246e-05  0.000200039881234  0.000636883539199  0.00184770993628  0.00485039264049  0.011429254944  0.0239570597749  0.0442220736899  0.0710990995117  0.0984498723757  0.116223413679  0.116223413679  0.0984498723757  0.0710990995117  0.0442220736899  0.0239570597749  0.011429254944  0.00485039264049  0.00184770993628  0.000636883539199  0.000200039881234  5.76106715246e-05  1.52959923725e-05  3.75628532741e-06  8.24548423542e-07  
2.18036977671e-07  9.94790718256e-07  4.05661127113e-06  1.52959923725e-05  5.31535046016e-05  0.0001692955718  0.000491130405995  0.0012885580176  0.00303306909144  0.0063476389499  0.0116935522517  0.0187589626997  0.0259227032098  0.0305639085126  0.0305639085126  0.0259227032098  0.0187589626997  0.0116935522517  0.0063476389499  0.00303306909144  0.0012885580176  0.000491130405995  0.0001692955718  5.31535046016e-05  1.52959923725e-05  4.05661127113e-06  9.94790718256e-07  2.18036977671e-07  
5.32882857687e-08  2.43545740409e-07  9.94790718256e-07  3.75628532741e-06  1.30676300555e-05  4.1653182763e-05  0.000120885145377  0.000317156436262  0.000746200212862  0.00156028039065  0.00287076435865  0.00459870136782  0.00634635155143  0.0074762966495  0.0074762966495  0.00634635155143  0.00459870136782  0.00287076435865  0.00156028039065  0.000746200212862  0.000317156436262  0.000120885145377  4.1653182763e-05  1.30676300555e-05  3.75628532741e-06  9.94790718256e-07  2.43545740409e-07  5.32882857687e-08  
1.16392011785e-08  5.32882857687e-08  2.18036977671e-07  8.24548423542e-07  2.87215221497e-06  9.16414244023e-06  2.66143496223e-05  6.9850542571e-05  0.000164343085607  0.000343516408792  0.000631627516156  0.00101096842299  0.00139403604299  0.00164138553022  0.00164138553022  0.00139403604299  0.00101096842299  0.000631627516156  0.000343516408792  0.000164343085607  6.9850542571e-05  2.66143496223e-05  9.16414244023e-06  2.87215221497e-06  8.24548423542e-07  2.18036977671e-07  5.32882857687e-08  1.16392011785e-08  
