0.321378946857  0.667792765035  1.06272410014  1.52633781638  2.0733628402  2.71062655255  3.43445035967  4.22835142166  5.06171471082  5.89022155606  6.65874076416  7.30700612184  7.77768813942  8.02554447865  8.02554447865  7.77768813942  7.30700612184  6.65874076416  5.89022155606  5.06171471082  4.22835142166  3.43445035967  2.71062655255  2.0733628402  1.52633781638  1.06272410014  0.667792765035  0.321378946857  
0.667792765035  1.38846549862  2.21178368555  3.18080924163  4.32751201853  5.66755270921  7.19463353663  8.8753251554  10.6457839398  12.4121103594  14.05603075  15.4468504015  16.4590753809  16.9929264107  16.9929264107  16.4590753809  15.4468504015  14.05603075  12.4121103594  10.6457839398  8.8753251554  7.19463353663  5.66755270921  4.32751201853  3.18080924163  2.21178368555  1.38846549862  0.667792765035  
1.06272410014  2.21178368555  3.52885908138  5.08548876266  6.93614482608  9.10971746254  11.5999304096  14.3560673035  17.2763171041  20.2068073595  22.9495804322  25.2818292918  26.9861497436  27.887419836  27.887419836  26.9861497436  25.2818292918  22.9495804322  20.2068073595  17.2763171041  14.3560673035  11.5999304096  9.10971746254  6.93614482608  5.08548876266  3.52885908138  2.21178368555  1.06272410014  
1.52633781638  3.18080924163  5.08548876266  7.349004804  10.0567881783  13.2585203016  16.9532834803  21.0741950692  25.4758516834  29.9294572086  34.131469612  37.7309518392  40.3772413262  41.7822659005  41.7822659005  40.3772413262  37.7309518392  34.131469612  29.9294572086  25.4758516834  21.0741950692  16.9532834803  13.2585203016  10.0567881783  7.349004804  5.08548876266  3.18080924163  1.52633781638  
2.0733628402  4.32751201853  6.93614482608  10.0567881783  13.8180604495  18.3023120804  23.5238386935  29.4045839496  35.7516052525  42.2434322174  48.4351593561  53.7930553595  57.7657376391  59.8872164562  59.8872164562  57.7657376391  53.7930553595  48.4351593561  42.2434322174  35.7516052525  29.4045839496  23.5238386935  18.3023120804  13.8180604495  10.0567881783  6.93614482608  4.32751201853  2.0733628402  
2.71062655255  5.66755270921  9.10971746254  13.2585203016  18.3023120804  24.3737272373  31.5192485296  39.6624212975  48.5653392035  57.7977362248  66.7290267409  74.5640461244  80.4427544771  83.6083000753  83.6083000753  80.4427544771  74.5640461244  66.7290267409  57.7977362248  48.5653392035  39.6624212975  31.5192485296  24.3737272373  18.3023120804  13.2585203016  9.10971746254  5.66755270921  2.71062655255  
3.43445035967  7.19463353663  11.5999304096  16.9532834803  23.5238386935  31.5192485296  41.045514883  52.054108834  64.2797037431  77.1784987315  89.8881724704  101.245620053  109.910917634  114.634553152  114.634553152  109.910917634  101.245620053  89.8881724704  77.1784987315  64.2797037431  52.054108834  41.045514883  31.5192485296  23.5238386935  16.9532834803  11.5999304096  7.19463353663  3.43445035967  
4.22835142166  8.8753251554  14.3560673035  21.0741950692  29.4045839496  39.6624212975  52.054108834  66.6063434243  83.0722410747  100.82036547  118.728807983  135.137978037  147.961677001  155.084701217  155.084701217  147.961677001  135.137978037  118.728807983  100.82036547  83.0722410747  66.6063434243  52.054108834  39.6624212975  29.4045839496  21.0741950692  14.3560673035  8.8753251554  4.22835142166  
5.06171471082  10.6457839398  17.2763171041  25.4758516834  35.7516052525  48.5653392035  64.2797037431  83.0722410747  104.806845713  128.854772985  153.872565065  177.592642915  196.793150754  207.784370415  207.784370415  196.793150754  177.592642915  153.872565065  128.854772985  104.806845713  83.0722410747  64.2797037431  48.5653392035  35.7516052525  25.4758516834  17.2763171041  10.6457839398  5.06171471082  
5.89022155606  12.4121103594  20.2068073595  29.9294572086  42.2434322174  57.7977362248  77.1784987315  100.82036547  128.854772985  160.860138773  195.472820006  229.85301075  259.177095653  276.834833636  276.834833636  259.177095653  229.85301075  195.472820006  160.860138773  128.854772985  100.82036547  77.1784987315  57.7977362248  42.2434322174  29.9294572086  20.2068073595  12.4121103594  5.89022155606  
6.65874076416  14.05603075  22.9495804322  34.131469612  48.4351593561  66.7290267409  89.8881724704  118.728807983  153.872565065  195.472820006  242.671576446  292.576622385  338.60333167  368.87539696  368.87539696  338.60333167  292.576622385  242.671576446  195.472820006  153.872565065  118.728807983  89.8881724704  66.7290267409  48.4351593561  34.131469612  22.9495804322  14.05603075  6.65874076416  
7.30700612184  15.4468504015  25.2818292918  37.7309518392  53.7930553595  74.5640461244  101.245620053  135.137978037  177.592642915  229.85301075  292.576622385  364.491776074  438.910374959  496.152516431  496.152516431  438.910374959  364.491776074  292.576622385  229.85301075  177.592642915  135.137978037  101.245620053  74.5640461244  53.7930553595  37.7309518392  25.2818292918  15.4468504015  7.30700612184  
7.77768813942  16.4590753809  26.9861497436  40.3772413262  57.7657376391  80.4427544771  109.910917634  147.961677001  196.793150754  259.177095653  338.60333167  438.910374959  560.946956038  684.814283096  684.814283096  560.946956038  438.910374959  338.60333167  259.177095653  196.793150754  147.961677001  109.910917634  80.4427544771  57.7657376391  40.3772413262  26.9861497436  16.4590753809  7.77768813942  
8.02554447865  16.9929264107  27.887419836  41.7822659005  59.8872164562  83.6083000753  114.634553152  155.084701217  207.784370415  276.834833636  368.87539696  496.152516431  684.814283096  1000.0  1000.0  684.814283096  496.152516431  368.87539696  276.834833636  207.784370415  155.084701217  114.634553152  83.6083000753  59.8872164562  41.7822659005  27.887419836  16.9929264107  8.02554447865  
8.02554447865  16.9929264107  27.887419836  41.7822659005  59.8872164562  83.6083000753  114.634553152  155.084701217  207.784370415  276.834833636  368.87539696  496.152516431  684.814283096  1000.0  1000.0  684.814283096  496.152516431  368.87539696  276.834833636  207.784370415  155.084701217  114.634553152  83.6083000753  59.8872164562  41.7822659005  27.887419836  16.9929264107  8.02554447865  
7.77768813942  16.4590753809  26.9861497436  40.3772413262  57.7657376391  80.4427544771  109.910917634  147.961677001  196.793150754  259.177095653  338.60333167  438.910374959  560.946956038  684.814283096  684.814283096  560.946956038  438.910374959  338.60333167  259.177095653  196.793150754  147.961677001  109.910917634  80.4427544771  57.7657376391  40.3772413262  26.9861497436  16.4590753809  7.77768813942  
7.30700612184  15.4468504015  25.2818292918  37.7309518392  53.7930553595  74.5640461244  101.245620053  135.137978037  177.592642915  229.85301075  292.576622385  364.491776074  438.910374959  496.152516431  496.152516431  438.910374959  364.491776074  292.576622385  229.85301075  177.592642915  135.137978037  101.245620053  74.5640461244  53.7930553595  37.7309518392  25.2818292918  15.4468504015  7.30700612184  
6.65874076416  14.05603075  22.9495804322  34.131469612  48.4351593561  66.7290267409  89.8881724704  118.728807983  153.872565065  195.472820006  242.671576446  292.576622385  338.60333167  368.87539696  368.87539696  338.60333167  292.576622385  242.671576446  195.472820006  153.872565065  118.728807983  89.8881724704  66.7290267409  48.4351593561  34.131469612  22.9495804322  14.05603075  6.65874076416  
5.89022155606  12.4121103594  20.2068073595  29.9294572086  42.2434322174  57.7977362248  77.1784987315  100.82036547  128.854772985  160.860138773  195.472820006  229.85301075  259.177095653  276.834833636  276.834833636  259.177095653  229.85301075  195.472820006  160.860138773  128.854772985  100.82036547  77.1784987315  57.7977362248  42.2434322174  29.9294572086  20.2068073595  12.4121103594  5.89022155606  
5.06171471082  10.6457839398  17.2763171041  25.4758516834  35.7516052525  48.5653392035  64.2797037431  83.0722410747  104.806845713  128.854772985  153.872565065  177.592642915  196.793150754  207.784370415  207.784370415  196.793150754  177.592642915  153.872565065  128.854772985  104.806845713  83.0722410747  64.2797037431  48.5653392035  35.7516052525  25.4758516834  17.2763171041  10.6457839398  5.06171471082  
4.22835142166  8.8753251554  14.3560673035  21.0741950692  29.4045839496  39.6624212975  52.054108834  66.6063434243  83.0722410747  100.82036547  118.728807983  135.137978037  147.961677001  155.084701217  155.084701217  147.961677001  135.137978037  118.728807983  100.82036547  83.0722410747  66.6063434243  52.054108834  39.6624212975  29.4045839496  21.0741950692  14.3560673035  8.8753251554  4.22835142166  
3.43445035967  7.19463353663  11.5999304096  16.9532834803  23.5238386935  31.5192485296  41.045514883  52.054108834  64.2797037431  77.1784987315  89.8881724704  101.245620053  109.910917634  114.634553152  114.634553152  109.910917634  101.245620053  89.8881724704  77.1784987315  64.2797037431  52.054108834  41.045514883  31.5192485296  23.5238386935  16.9532834803  11.5999304096  7.19463353663  3.43445035967  
2.71062655255  5.66755270921  9.10971746254  13.2585203016  18.3023120804  24.3737272373  31.5192485296  39.6624212975  48.5653392035  57.7977362248  66.7290267409  74.5640461244  80.4427544771  83.6083000753  83.6083000753  80.4427544771  74.5640461244  66.7290267409  57.7977362248  48.5653392035  39.6624212975  31.5192485296  24.3737272373  18.3023120804  13.2585203016  9.10971746254  5.66755270921  2.71062655255  
2.0733628402  4.32751201853  6.93614482608  10.0567881783  13.8180604495  18.3023120804  23.5238386935  29.4045839496  35.7516052525  42.2434322174  48.4351593561  53.7930553595  57.7657376391  59.8872164562  59.8872164562  57.7657376391  53.7930553595  48.4351593561  42.2434322174  35.7516052525  29.4045839496  23.5238386935  18.3023120804  13.8180604495  10.0567881783  6.93614482608  4.32751201853  2.0733628402  
1.52633781638  3.18080924163  5.08548876266  7.349004804  10.0567881783  13.2585203016  16.9532834803  21.0741950692  25.4758516834  29.9294572086  34.131469612  37.7309518392  40.3772413262  41.7822659005  41.7822659005  40.3772413262  37.7309518392  34.131469612  29.9294572086  25.4758516834  21.0741950692  16.9532834803  13.2585203016  10.0567881783  7.349004804  5.08548876266  3.18080924163  1.52633781638  
1.06272410014  2.21178368555  3.52885908138  5.08548876266  6.93614482608  9.10971746254  11.5999304096  14.3560673035  17.2763171041  20.2068073595  22.9495804322  25.2818292918  26.9861497436  27.887419836  27.887419836  26.9861497436  25.2818292918  22.9495804322  20.2068073595  17.2763171041  14.3560673035  11.5999304096  9.10971746254  6.93614482608  5.08548876266  3.52885908138  2.21178368555  1.06272410014  
0.667792765035  1.38846549862  2.21178368555  3.18080924163  4.32751201853  5.66755270921  7.19463353663  8.8753251554  10.6457839398  12.4121103594  14.05603075  15.4468504015  16.4590753809  16.9929264107  16.9929264107  16.4590753809  15.4468504015  14.05603075  12.4121103594  10.6457839398  8.8753251554  7.19463353663  5.66755270921  4.32751201853  3.18080924163  2.21178368555  1.38846549862  0.667792765035  
0.321378946857  0.667792765035  1.06272410014  1.52633781638  2.0733628402  2.71062655255  3.43445035967  4.22835142166  5.06171471082  5.89022155606  6.65874076416  7.30700612184  7.77768813942  8.02554447865  8.02554447865  7.77768813942  7.30700612184  6.65874076416  5.89022155606  5.06171471082  4.22835142166  3.43445035967  2.71062655255  2.0733628402  1.52633781638  1.06272410014  0.667792765035  0.321378946857  
