0.0868489455128  0.187409989743  0.315321543523  0.48376169716  0.704493322749  0.986209989664  1.33225211988  1.7380319917  2.18880182626  2.65863020264  3.11148359933  3.50500183199  3.79684476137  3.95249417301  3.95249417301  3.79684476137  3.50500183199  3.11148359933  2.65863020264  2.18880182626  1.7380319917  1.33225211988  0.986209989664  0.704493322749  0.48376169716  0.315321543523  0.187409989743  0.0868489455128  
0.187409989743  0.404745968499  0.681869222205  1.04782313357  1.52881977296  2.14465115095  2.90363351565  3.796780049  4.79257061772  5.83425951258  6.84183150529  7.72013268805  8.37314110059  8.72198335187  8.72198335187  8.37314110059  7.72013268805  6.84183150529  5.83425951258  4.79257061772  3.796780049  2.90363351565  2.14465115095  1.52881977296  1.04782313357  0.681869222205  0.404745968499  0.187409989743  
0.315321543523  0.681869222205  1.15101534856  1.77323567122  2.59486393712  3.65202662749  4.96182267277  6.51180597384  8.25004537936  10.0791977797  11.8586147419  13.4178022091  14.5819296267  15.2055410163  15.2055410163  14.5819296267  13.4178022091  11.8586147419  10.0791977797  8.25004537936  6.51180597384  4.96182267277  3.65202662749  2.59486393712  1.77323567122  1.15101534856  0.681869222205  0.315321543523  
0.48376169716  1.04782313357  1.77323567122  2.74068225128  4.02583653202  5.69008023535  7.76642091589  10.2419521166  13.0401965717  16.008848008  18.9200132063  21.4897691192  23.4201244333  24.4584132056  24.4584132056  23.4201244333  21.4897691192  18.9200132063  16.008848008  13.0401965717  10.2419521166  7.76642091589  5.69008023535  4.02583653202  2.74068225128  1.77323567122  1.04782313357  0.48376169716  
0.704493322749  1.52881977296  2.59486393712  4.02583653202  5.94023327181  8.43854802461  11.5820199528  15.3647501375  19.6835543266  24.313717975  28.9024969029  32.9937405524  36.0930451602  37.7697282644  37.7697282644  36.0930451602  32.9937405524  28.9024969029  24.313717975  19.6835543266  15.3647501375  11.5820199528  8.43854802461  5.94023327181  4.02583653202  2.59486393712  1.52881977296  0.704493322749  
0.986209989664  2.14465115095  3.65202662749  5.69008023535  8.43854802461  12.0573464549  16.6561481459  22.2519845112  28.7196675584  35.7458993844  42.8054285349  49.1840842636  54.0729047156  56.7395863066  56.7395863066  54.0729047156  49.1840842636  42.8054285349  35.7458993844  28.7196675584  22.2519845112  16.6561481459  12.0573464549  8.43854802461  5.69008023535  3.65202662749  2.14465115095  0.986209989664  
1.33225211988  2.90363351565  4.96182267277  7.76642091589  11.5820199528  16.6561481459  23.1783145551  31.2188137471  40.6507928142  51.0675897792  61.7206379793  71.5203238736  79.1551216409  83.3704281748  83.3704281748  79.1551216409  71.5203238736  61.7206379793  51.0675897792  40.6507928142  31.2188137471  23.1783145551  16.6561481459  11.5820199528  7.76642091589  4.96182267277  2.90363351565  1.33225211988  
1.7380319917  3.796780049  6.51180597384  10.2419521166  15.3647501375  22.2519845112  31.2188137471  42.4412565263  55.8408528423  70.9446439876  86.7480002762  101.642866751  113.522881324  120.204902817  120.204902817  113.522881324  101.642866751  86.7480002762  70.9446439876  55.8408528423  42.4412565263  31.2188137471  22.2519845112  15.3647501375  10.2419521166  6.51180597384  3.796780049  1.7380319917  
2.18880182626  4.79257061772  8.25004537936  13.0401965717  19.6835543266  28.7196675584  40.6507928142  55.8408528423  74.3588341942  95.7605901529  118.821972455  141.289979751  159.837271949  170.584496005  170.584496005  159.837271949  141.289979751  118.821972455  95.7605901529  74.3588341942  55.8408528423  40.6507928142  28.7196675584  19.6835543266  13.0401965717  8.25004537936  4.79257061772  2.18880182626  
2.65863020264  5.83425951258  10.0791977797  16.008848008  24.313717975  35.7458993844  51.0675897792  70.9446439876  95.7605901529  125.316583262  158.379523412  192.081439257  221.364223695  239.202099513  239.202099513  221.364223695  192.081439257  158.379523412  125.316583262  95.7605901529  70.9446439876  51.0675897792  35.7458993844  24.313717975  16.008848008  10.0791977797  5.83425951258  2.65863020264  
3.11148359933  6.84183150529  11.8586147419  18.9200132063  28.9024969029  42.8054285349  61.7206379793  86.7480002762  118.821972455  158.379523412  204.735986039  254.955681723  302.067031326  333.380346079  333.380346079  302.067031326  254.955681723  204.735986039  158.379523412  118.821972455  86.7480002762  61.7206379793  42.8054285349  28.9024969029  18.9200132063  11.8586147419  6.84183150529  3.11148359933  
3.50500183199  7.72013268805  13.4178022091  21.4897691192  32.9937405524  49.1840842636  71.5203238736  101.642866751  141.289979751  192.081439257  254.955681723  328.688331364  406.149406221  466.262721076  466.262721076  406.149406221  328.688331364  254.955681723  192.081439257  141.289979751  101.642866751  71.5203238736  49.1840842636  32.9937405524  21.4897691192  13.4178022091  7.72013268805  3.50500183199  
3.79684476137  8.37314110059  14.5819296267  23.4201244333  36.0930451602  54.0729047156  79.1551216409  113.522881324  159.837271949  221.364223695  302.067031326  406.149406221  534.449440702  665.545295118  665.545295118  534.449440702  406.149406221  302.067031326  221.364223695  159.837271949  113.522881324  79.1551216409  54.0729047156  36.0930451602  23.4201244333  14.5819296267  8.37314110059  3.79684476137  
3.95249417301  8.72198335187  15.2055410163  24.4584132056  37.7697282644  56.7395863066  83.3704281748  120.204902817  170.584496005  239.202099513  333.380346079  466.262721076  665.545295118  1000.0  1000.0  665.545295118  466.262721076  333.380346079  239.202099513  170.584496005  120.204902817  83.3704281748  56.7395863066  37.7697282644  24.4584132056  15.2055410163  8.72198335187  3.95249417301  
3.95249417301  8.72198335187  15.2055410163  24.4584132056  37.7697282644  56.7395863066  83.3704281748  120.204902817  170.584496005  239.202099513  333.380346079  466.262721076  665.545295118  1000.0  1000.0  665.545295118  466.262721076  333.380346079  239.202099513  170.584496005  120.204902817  83.3704281748  56.7395863066  37.7697282644  24.4584132056  15.2055410163  8.72198335187  3.95249417301  
3.79684476137  8.37314110059  14.5819296267  23.4201244333  36.0930451602  54.0729047156  79.1551216409  113.522881324  159.837271949  221.364223695  302.067031326  406.149406221  534.449440702  665.545295118  665.545295118  534.449440702  406.149406221  302.067031326  221.364223695  159.837271949  113.522881324  79.1551216409  54.0729047156  36.0930451602  23.4201244333  14.5819296267  8.37314110059  3.79684476137  
3.50500183199  7.72013268805  13.4178022091  21.4897691192  32.9937405524  49.1840842636  71.5203238736  101.642866751  141.289979751  192.081439257  254.955681723  328.688331364  406.149406221  466.262721076  466.262721076  406.149406221  328.688331364  254.955681723  192.081439257  141.289979751  101.642866751  71.5203238736  49.1840842636  32.9937405524  21.4897691192  13.4178022091  7.72013268805  3.50500183199  
3.11148359933  6.84183150529  11.8586147419  18.9200132063  28.9024969029  42.8054285349  61.7206379793  86.7480002762  118.821972455  158.379523412  204.735986039  254.955681723  302.067031326  333.380346079  333.380346079  302.067031326  254.955681723  204.735986039  158.379523412  118.821972455  86.7480002762  61.7206379793  42.8054285349  28.9024969029  18.9200132063  11.8586147419  6.84183150529  3.11148359933  
2.65863020264  5.83425951258  10.0791977797  16.008848008  24.313717975  35.7458993844  51.0675897792  70.9446439876  95.7605901529  125.316583262  158.379523412  192.081439257  221.364223695  239.202099513  239.202099513  221.364223695  192.081439257  158.379523412  125.316583262  95.7605901529  70.9446439876  51.0675897792  35.7458993844  24.313717975  16.008848008  10.0791977797  5.83425951258  2.65863020264  
2.18880182626  4.79257061772  8.25004537936  13.0401965717  19.6835543266  28.7196675584  40.6507928142  55.8408528423  74.3588341942  95.7605901529  118.821972455  141.289979751  159.837271949  170.584496005  170.584496005  159.837271949  141.289979751  118.821972455  95.7605901529  74.3588341942  55.8408528423  40.6507928142  28.7196675584  19.6835543266  13.0401965717  8.25004537936  4.79257061772  2.18880182626  
1.7380319917  3.796780049  6.51180597384  10.2419521166  15.3647501375  22.2519845112  31.2188137471  42.4412565263  55.8408528423  70.9446439876  86.7480002762  101.642866751  113.522881324  120.204902817  120.204902817  113.522881324  101.642866751  86.7480002762  70.9446439876  55.8408528423  42.4412565263  31.2188137471  22.2519845112  15.3647501375  10.2419521166  6.51180597384  3.796780049  1.7380319917  
1.33225211988  2.90363351565  4.96182267277  7.76642091589  11.5820199528  16.6561481459  23.1783145551  31.2188137471  40.6507928142  51.0675897792  61.7206379793  71.5203238736  79.1551216409  83.3704281748  83.3704281748  79.1551216409  71.5203238736  61.7206379793  51.0675897792  40.6507928142  31.2188137471  23.1783145551  16.6561481459  11.5820199528  7.76642091589  4.96182267277  2.90363351565  1.33225211988  
0.986209989664  2.14465115095  3.65202662749  5.69008023535  8.43854802461  12.0573464549  16.6561481459  22.2519845112  28.7196675584  35.7458993844  42.8054285349  49.1840842636  54.0729047156  56.7395863066  56.7395863066  54.0729047156  49.1840842636  42.8054285349  35.7458993844  28.7196675584  22.2519845112  16.6561481459  12.0573464549  8.43854802461  5.69008023535  3.65202662749  2.14465115095  0.986209989664  
0.704493322749  1.52881977296  2.59486393712  4.02583653202  5.94023327181  8.43854802461  11.5820199528  15.3647501375  19.6835543266  24.313717975  28.9024969029  32.9937405524  36.0930451602  37.7697282644  37.7697282644  36.0930451602  32.9937405524  28.9024969029  24.313717975  19.6835543266  15.3647501375  11.5820199528  8.43854802461  5.94023327181  4.02583653202  2.59486393712  1.52881977296  0.704493322749  
0.48376169716  1.04782313357  1.77323567122  2.74068225128  4.02583653202  5.69008023535  7.76642091589  10.2419521166  13.0401965717  16.008848008  18.9200132063  21.4897691192  23.4201244333  24.4584132056  24.4584132056  23.4201244333  21.4897691192  18.9200132063  16.008848008  13.0401965717  10.2419521166  7.76642091589  5.69008023535  4.02583653202  2.74068225128  1.77323567122  1.04782313357  0.48376169716  
0.315321543523  0.681869222205  1.15101534856  1.77323567122  2.59486393712  3.65202662749  4.96182267277  6.51180597384  8.25004537936  10.0791977797  11.8586147419  13.4178022091  14.5819296267  15.2055410163  15.2055410163  14.5819296267  13.4178022091  11.8586147419  10.0791977797  8.25004537936  6.51180597384  4.96182267277  3.65202662749  2.59486393712  1.77323567122  1.15101534856  0.681869222205  0.315321543523  
0.187409989743  0.404745968499  0.681869222205  1.04782313357  1.52881977296  2.14465115095  2.90363351565  3.796780049  4.79257061772  5.83425951258  6.84183150529  7.72013268805  8.37314110059  8.72198335187  8.72198335187  8.37314110059  7.72013268805  6.84183150529  5.83425951258  4.79257061772  3.796780049  2.90363351565  2.14465115095  1.52881977296  1.04782313357  0.681869222205  0.404745968499  0.187409989743  
0.0868489455128  0.187409989743  0.315321543523  0.48376169716  0.704493322749  0.986209989664  1.33225211988  1.7380319917  2.18880182626  2.65863020264  3.11148359933  3.50500183199  3.79684476137  3.95249417301  3.95249417301  3.79684476137  3.50500183199  3.11148359933  2.65863020264  2.18880182626  1.7380319917  1.33225211988  0.986209989664  0.704493322749  0.48376169716  0.315321543523  0.187409989743  0.0868489455128  
