0.124829179483  0.266331082964  0.440797553208  0.663448380794  0.947187847674  1.3007078211  1.72605055822  2.2160164577  2.75208395292  3.30371021156  3.82987532252  4.28339201605  4.61777650748  4.79549067039  4.79549067039  4.61777650748  4.28339201605  3.82987532252  3.30371021156  2.75208395292  2.2160164577  1.72605055822  1.3007078211  0.947187847674  0.663448380794  0.440797553208  0.266331082964  0.124829179483  
0.266331082964  0.568677653217  0.942345916707  1.4205432953  2.0317672609  2.79572124642  3.71795769983  4.78403916531  5.95465009225  7.1635995334  8.32074384353  9.32120745459  10.0606927486  10.4543393357  10.4543393357  10.0606927486  9.32120745459  8.32074384353  7.1635995334  5.95465009225  4.78403916531  3.71795769983  2.79572124642  2.0317672609  1.4205432953  0.942345916707  0.568677653217  0.266331082964  
0.440797553208  0.942345916707  1.5645008615  2.36415916578  3.39106660724  4.68098766098  6.24645000768  8.06627088033  10.0762312568  12.164312623  14.1743603253  15.9212293409  17.2178175269  17.9099222668  17.9099222668  17.2178175269  15.9212293409  14.1743603253  12.164312623  10.0762312568  8.06627088033  6.24645000768  4.68098766098  3.39106660724  2.36415916578  1.5645008615  0.942345916707  0.440797553208  
0.663448380794  1.4205432953  2.36415916578  3.58379568349  5.15958595373  7.15195809758  9.58701106751  12.4391575312  15.6144881389  18.9403067979  22.1676603749  24.993238259  27.1032712983  28.2341644353  28.2341644353  27.1032712983  24.993238259  22.1676603749  18.9403067979  15.6144881389  12.4391575312  9.58701106751  7.15195809758  5.15958595373  3.58379568349  2.36415916578  1.4205432953  0.663448380794  
0.947187847674  2.0317672609  3.39106660724  5.15958595373  7.46113254544  10.3941661158  14.0099418442  18.2850720942  23.0930059952  28.1824505663  33.174109164  37.5883999025  40.9128307736  42.7049129158  42.7049129158  40.9128307736  37.5883999025  33.174109164  28.1824505663  23.0930059952  18.2850720942  14.0099418442  10.3941661158  7.46113254544  5.15958595373  3.39106660724  2.0317672609  0.947187847674  
1.3007078211  2.79572124642  4.68098766098  7.15195809758  10.3941661158  14.5637151769  19.7562488222  25.9654245316  33.0358392979  40.6210272492  48.1641487455  54.9250623876  60.0767954032  62.8769630918  62.8769630918  60.0767954032  54.9250623876  48.1641487455  40.6210272492  33.0358392979  25.9654245316  19.7562488222  14.5637151769  10.3941661158  7.15195809758  4.68098766098  2.79572124642  1.3007078211  
1.72605055822  3.71795769983  6.24645000768  9.58701106751  14.0099418442  19.7562488222  26.9961468374  35.7693499892  45.91085534  56.973869759  68.1740912096  78.3959723853  86.3142558451  90.6708133959  90.6708133959  86.3142558451  78.3959723853  68.1740912096  56.973869759  45.91085534  35.7693499892  26.9961468374  19.7562488222  14.0099418442  9.58701106751  6.24645000768  3.71795769983  1.72605055822  
2.2160164577  4.78403916531  8.06627088033  12.4391575312  18.2850720942  25.9654245316  35.7693499892  47.8334668205  62.0318224955  77.8437596738  94.2258162283  109.547689502  121.700288546  128.512176429  128.512176429  121.700288546  109.547689502  94.2258162283  77.8437596738  62.0318224955  47.8334668205  35.7693499892  25.9654245316  18.2850720942  12.4391575312  8.06627088033  4.78403916531  2.2160164577  
2.75208395292  5.95465009225  10.0762312568  15.6144881389  23.0930059952  33.0358392979  45.91085534  62.0318224955  81.4089176047  103.54131824  127.163286043  150.007245522  168.76385738  179.596133953  179.596133953  168.76385738  150.007245522  127.163286043  103.54131824  81.4089176047  62.0318224955  45.91085534  33.0358392979  23.0930059952  15.6144881389  10.0762312568  5.95465009225  2.75208395292  
3.30371021156  7.1635995334  12.164312623  18.9403067979  28.1824505663  40.6210272492  56.973869759  77.8437596738  103.54131824  133.798934431  167.336932097  201.282257376  230.627233173  248.446298364  248.446298364  230.627233173  201.282257376  167.336932097  133.798934431  103.54131824  77.8437596738  56.973869759  40.6210272492  28.1824505663  18.9403067979  12.164312623  7.1635995334  3.30371021156  
3.82987532252  8.32074384353  14.1743603253  22.1676603749  33.174109164  48.1641487455  68.1740912096  94.2258162283  127.163286043  167.336932097  214.002737494  264.222904393  311.115389811  342.193115023  342.193115023  311.115389811  264.222904393  214.002737494  167.336932097  127.163286043  94.2258162283  68.1740912096  48.1641487455  33.174109164  22.1676603749  14.1743603253  8.32074384353  3.82987532252  
4.28339201605  9.32120745459  15.9212293409  24.993238259  37.5883999025  54.9250623876  78.3959723853  109.547689502  150.007245522  201.282257376  264.222904393  337.579158707  414.325644811  473.739083463  473.739083463  414.325644811  337.579158707  264.222904393  201.282257376  150.007245522  109.547689502  78.3959723853  54.9250623876  37.5883999025  24.993238259  15.9212293409  9.32120745459  4.28339201605  
4.61777650748  10.0606927486  17.2178175269  27.1032712983  40.9128307736  60.0767954032  86.3142558451  121.700288546  168.76385738  230.627233173  311.115389811  414.325644811  541.093223954  670.385416924  670.385416924  541.093223954  414.325644811  311.115389811  230.627233173  168.76385738  121.700288546  86.3142558451  60.0767954032  40.9128307736  27.1032712983  17.2178175269  10.0606927486  4.61777650748  
4.79549067039  10.4543393357  17.9099222668  28.2341644353  42.7049129158  62.8769630918  90.6708133959  128.512176429  179.596133953  248.446298364  342.193115023  473.739083463  670.385416924  1000.0  1000.0  670.385416924  473.739083463  342.193115023  248.446298364  179.596133953  128.512176429  90.6708133959  62.8769630918  42.7049129158  28.2341644353  17.9099222668  10.4543393357  4.79549067039  
4.79549067039  10.4543393357  17.9099222668  28.2341644353  42.7049129158  62.8769630918  90.6708133959  128.512176429  179.596133953  248.446298364  342.193115023  473.739083463  670.385416924  1000.0  1000.0  670.385416924  473.739083463  342.193115023  248.446298364  179.596133953  128.512176429  90.6708133959  62.8769630918  42.7049129158  28.2341644353  17.9099222668  10.4543393357  4.79549067039  
4.61777650748  10.0606927486  17.2178175269  27.1032712983  40.9128307736  60.0767954032  86.3142558451  121.700288546  168.76385738  230.627233173  311.115389811  414.325644811  541.093223954  670.385416924  670.385416924  541.093223954  414.325644811  311.115389811  230.627233173  168.76385738  121.700288546  86.3142558451  60.0767954032  40.9128307736  27.1032712983  17.2178175269  10.0606927486  4.61777650748  
4.28339201605  9.32120745459  15.9212293409  24.993238259  37.5883999025  54.9250623876  78.3959723853  109.547689502  150.007245522  201.282257376  264.222904393  337.579158707  414.325644811  473.739083463  473.739083463  414.325644811  337.579158707  264.222904393  201.282257376  150.007245522  109.547689502  78.3959723853  54.9250623876  37.5883999025  24.993238259  15.9212293409  9.32120745459  4.28339201605  
3.82987532252  8.32074384353  14.1743603253  22.1676603749  33.174109164  48.1641487455  68.1740912096  94.2258162283  127.163286043  167.336932097  214.002737494  264.222904393  311.115389811  342.193115023  342.193115023  311.115389811  264.222904393  214.002737494  167.336932097  127.163286043  94.2258162283  68.1740912096  48.1641487455  33.174109164  22.1676603749  14.1743603253  8.32074384353  3.82987532252  
3.30371021156  7.1635995334  12.164312623  18.9403067979  28.1824505663  40.6210272492  56.973869759  77.8437596738  103.54131824  133.798934431  167.336932097  201.282257376  230.627233173  248.446298364  248.446298364  230.627233173  201.282257376  167.336932097  133.798934431  103.54131824  77.8437596738  56.973869759  40.6210272492  28.1824505663  18.9403067979  12.164312623  7.1635995334  3.30371021156  
2.75208395292  5.95465009225  10.0762312568  15.6144881389  23.0930059952  33.0358392979  45.91085534  62.0318224955  81.4089176047  103.54131824  127.163286043  150.007245522  168.76385738  179.596133953  179.596133953  168.76385738  150.007245522  127.163286043  103.54131824  81.4089176047  62.0318224955  45.91085534  33.0358392979  23.0930059952  15.6144881389  10.0762312568  5.95465009225  2.75208395292  
2.2160164577  4.78403916531  8.06627088033  12.4391575312  18.2850720942  25.9654245316  35.7693499892  47.8334668205  62.0318224955  77.8437596738  94.2258162283  109.547689502  121.700288546  128.512176429  128.512176429  121.700288546  109.547689502  94.2258162283  77.8437596738  62.0318224955  47.8334668205  35.7693499892  25.9654245316  18.2850720942  12.4391575312  8.06627088033  4.78403916531  2.2160164577  
1.72605055822  3.71795769983  6.24645000768  9.58701106751  14.0099418442  19.7562488222  26.9961468374  35.7693499892  45.91085534  56.973869759  68.1740912096  78.3959723853  86.3142558451  90.6708133959  90.6708133959  86.3142558451  78.3959723853  68.1740912096  56.973869759  45.91085534  35.7693499892  26.9961468374  19.7562488222  14.0099418442  9.58701106751  6.24645000768  3.71795769983  1.72605055822  
1.3007078211  2.79572124642  4.68098766098  7.15195809758  10.3941661158  14.5637151769  19.7562488222  25.9654245316  33.0358392979  40.6210272492  48.1641487455  54.9250623876  60.0767954032  62.8769630918  62.8769630918  60.0767954032  54.9250623876  48.1641487455  40.6210272492  33.0358392979  25.9654245316  19.7562488222  14.5637151769  10.3941661158  7.15195809758  4.68098766098  2.79572124642  1.3007078211  
0.947187847674  2.0317672609  3.39106660724  5.15958595373  7.46113254544  10.3941661158  14.0099418442  18.2850720942  23.0930059952  28.1824505663  33.174109164  37.5883999025  40.9128307736  42.7049129158  42.7049129158  40.9128307736  37.5883999025  33.174109164  28.1824505663  23.0930059952  18.2850720942  14.0099418442  10.3941661158  7.46113254544  5.15958595373  3.39106660724  2.0317672609  0.947187847674  
0.663448380794  1.4205432953  2.36415916578  3.58379568349  5.15958595373  7.15195809758  9.58701106751  12.4391575312  15.6144881389  18.9403067979  22.1676603749  24.993238259  27.1032712983  28.2341644353  28.2341644353  27.1032712983  24.993238259  22.1676603749  18.9403067979  15.6144881389  12.4391575312  9.58701106751  7.15195809758  5.15958595373  3.58379568349  2.36415916578  1.4205432953  0.663448380794  
0.440797553208  0.942345916707  1.5645008615  2.36415916578  3.39106660724  4.68098766098  6.24645000768  8.06627088033  10.0762312568  12.164312623  14.1743603253  15.9212293409  17.2178175269  17.9099222668  17.9099222668  17.2178175269  15.9212293409  14.1743603253  12.164312623  10.0762312568  8.06627088033  6.24645000768  4.68098766098  3.39106660724  2.36415916578  1.5645008615  0.942345916707  0.440797553208  
0.266331082964  0.568677653217  0.942345916707  1.4205432953  2.0317672609  2.79572124642  3.71795769983  4.78403916531  5.95465009225  7.1635995334  8.32074384353  9.32120745459  10.0606927486  10.4543393357  10.4543393357  10.0606927486  9.32120745459  8.32074384353  7.1635995334  5.95465009225  4.78403916531  3.71795769983  2.79572124642  2.0317672609  1.4205432953  0.942345916707  0.568677653217  0.266331082964  
0.124829179483  0.266331082964  0.440797553208  0.663448380794  0.947187847674  1.3007078211  1.72605055822  2.2160164577  2.75208395292  3.30371021156  3.82987532252  4.28339201605  4.61777650748  4.79549067039  4.79549067039  4.61777650748  4.28339201605  3.82987532252  3.30371021156  2.75208395292  2.2160164577  1.72605055822  1.3007078211  0.947187847674  0.663448380794  0.440797553208  0.266331082964  0.124829179483  
