0.129029479537  0.27501673982  0.454506363712  0.682907393773  0.973221777195  1.33412550803  1.76751952546  2.26593931879  2.81049257678  3.37019289853  3.90354835436  4.36292048451  4.70144200814  4.88129731684  4.88129731684  4.70144200814  4.36292048451  3.90354835436  3.37019289853  2.81049257678  2.26593931879  1.76751952546  1.33412550803  0.973221777195  0.682907393773  0.454506363712  0.27501673982  0.129029479537  
0.27501673982  0.586631893629  0.970667242063  1.46071370945  2.08546233655  2.86457572537  3.803308141  4.88667268828  6.0745922695  7.2999724151  8.47171610796  9.48404444748  10.231898693  10.629872002  10.629872002  10.231898693  9.48404444748  8.47171610796  7.2999724151  6.0745922695  4.88667268828  3.803308141  2.86457572537  2.08546233655  1.46071370945  0.970667242063  0.586631893629  0.27501673982  
0.454506363712  0.970667242063  1.60913441706  2.42739009917  3.47546412053  4.78903571067  6.380145964  8.22673962027  10.2634074824  12.3767391045  14.4091330899  16.1740958584  17.483408211  18.1820781408  18.1820781408  17.483408211  16.1740958584  14.4091330899  12.3767391045  10.2634074824  8.22673962027  6.380145964  4.78903571067  3.47546412053  2.42739009917  1.60913441706  0.970667242063  0.454506363712  
0.682907393773  1.46071370945  2.42739009917  3.67322968629  5.27872755633  7.30414994867  9.77487236039  12.6640555257  15.876119483  19.2364547959  22.4941657193  25.3441796912  27.4713122758  28.6109987035  28.6109987035  27.4713122758  25.3441796912  22.4941657193  19.2364547959  15.876119483  12.6640555257  9.77487236039  7.30414994867  5.27872755633  3.67322968629  2.42739009917  1.46071370945  0.682907393773  
0.973221777195  2.08546233655  3.47546412053  5.27872755633  7.61947567349  10.5958816358  14.2581734418  18.5812584203  23.4363724344  28.5697584289  33.5997034154  38.044530578  41.3901591725  43.1930813997  43.1930813997  41.3901591725  38.044530578  33.5997034154  28.5697584289  23.4363724344  18.5812584203  14.2581734418  10.5958816358  7.61947567349  5.27872755633  3.47546412053  2.08546233655  0.973221777195  
1.33412550803  2.86457572537  4.78903571067  7.30414994867  10.5958816358  14.8198561509  20.0702990243  26.3386177553  33.4665814533  41.104688317  48.693268218  55.489907546  60.6661061145  63.4786618023  63.4786618023  60.6661061145  55.489907546  48.693268218  41.104688317  33.4665814533  26.3386177553  20.0702990243  14.8198561509  10.5958816358  7.30414994867  4.78903571067  2.86457572537  1.33412550803  
1.76751952546  3.803308141  6.380145964  9.77487236039  14.2581734418  20.0702990243  27.3795461407  36.2227206411  46.4312896298  57.5548331329  68.8059024992  79.0667534831  87.0110627737  91.3805414647  91.3805414647  87.0110627737  79.0667534831  68.8059024992  57.5548331329  46.4312896298  36.2227206411  27.3795461407  20.0702990243  14.2581734418  9.77487236039  6.380145964  3.803308141  1.76751952546  
2.26593931879  4.88667268828  8.22673962027  12.6640555257  18.5812584203  26.3386177553  36.2227206411  48.3664787343  62.6395891475  78.5171336265  94.9522960651  110.312999083  122.490176803  129.313697136  129.313697136  122.490176803  110.312999083  94.9522960651  78.5171336265  62.6395891475  48.3664787343  36.2227206411  26.3386177553  18.5812584203  12.6640555257  8.22673962027  4.88667268828  2.26593931879  
2.81049257678  6.0745922695  10.2634074824  15.876119483  23.4363724344  33.4665814533  46.4312896298  62.6395891475  82.0963120799  104.295618005  127.968243144  150.845630311  169.620458551  180.459945575  180.459945575  169.620458551  150.845630311  127.968243144  104.295618005  82.0963120799  62.6395891475  46.4312896298  33.4665814533  23.4363724344  15.876119483  10.2634074824  6.0745922695  2.81049257678  
3.37019289853  7.2999724151  12.3767391045  19.2364547959  28.5697584289  41.104688317  57.5548331329  78.5171336265  104.295618005  134.616611531  168.196529249  202.162287929  231.511301038  249.327644979  249.327644979  231.511301038  202.162287929  168.196529249  134.616611531  104.295618005  78.5171336265  57.5548331329  41.104688317  28.5697584289  19.2364547959  12.3767391045  7.2999724151  3.37019289853  
3.90354835436  8.47171610796  14.4091330899  22.4941657193  33.5997034154  48.693268218  68.8059024992  94.9522960651  127.968243144  168.196529249  214.888104814  265.105464209  311.975328088  343.029845636  343.029845636  311.975328088  265.105464209  214.888104814  168.196529249  127.968243144  94.9522960651  68.8059024992  48.693268218  33.5997034154  22.4941657193  14.4091330899  8.47171610796  3.90354835436  
4.36292048451  9.48404444748  16.1740958584  25.3441796912  38.044530578  55.489907546  79.0667534831  110.312999083  150.845630311  202.162287929  265.105464209  338.423233836  415.100367267  474.446876282  474.446876282  415.100367267  338.423233836  265.105464209  202.162287929  150.845630311  110.312999083  79.0667534831  55.489907546  38.044530578  25.3441796912  16.1740958584  9.48404444748  4.36292048451  
4.70144200814  10.231898693  17.483408211  27.4713122758  41.3901591725  60.6661061145  87.0110627737  122.490176803  169.620458551  231.511301038  311.975328088  415.100367267  541.721604072  670.842880284  670.842880284  541.721604072  415.100367267  311.975328088  231.511301038  169.620458551  122.490176803  87.0110627737  60.6661061145  41.3901591725  27.4713122758  17.483408211  10.231898693  4.70144200814  
4.88129731684  10.629872002  18.1820781408  28.6109987035  43.1930813997  63.4786618023  91.3805414647  129.313697136  180.459945575  249.327644979  343.029845636  474.446876282  670.842880284  1000.0  1000.0  670.842880284  474.446876282  343.029845636  249.327644979  180.459945575  129.313697136  91.3805414647  63.4786618023  43.1930813997  28.6109987035  18.1820781408  10.629872002  4.88129731684  
4.88129731684  10.629872002  18.1820781408  28.6109987035  43.1930813997  63.4786618023  91.3805414647  129.313697136  180.459945575  249.327644979  343.029845636  474.446876282  670.842880284  1000.0  1000.0  670.842880284  474.446876282  343.029845636  249.327644979  180.459945575  129.313697136  91.3805414647  63.4786618023  43.1930813997  28.6109987035  18.1820781408  10.629872002  4.88129731684  
4.70144200814  10.231898693  17.483408211  27.4713122758  41.3901591725  60.6661061145  87.0110627737  122.490176803  169.620458551  231.511301038  311.975328088  415.100367267  541.721604072  670.842880284  670.842880284  541.721604072  415.100367267  311.975328088  231.511301038  169.620458551  122.490176803  87.0110627737  60.6661061145  41.3901591725  27.4713122758  17.483408211  10.231898693  4.70144200814  
4.36292048451  9.48404444748  16.1740958584  25.3441796912  38.044530578  55.489907546  79.0667534831  110.312999083  150.845630311  202.162287929  265.105464209  338.423233836  415.100367267  474.446876282  474.446876282  415.100367267  338.423233836  265.105464209  202.162287929  150.845630311  110.312999083  79.0667534831  55.489907546  38.044530578  25.3441796912  16.1740958584  9.48404444748  4.36292048451  
3.90354835436  8.47171610796  14.4091330899  22.4941657193  33.5997034154  48.693268218  68.8059024992  94.9522960651  127.968243144  168.196529249  214.888104814  265.105464209  311.975328088  343.029845636  343.029845636  311.975328088  265.105464209  214.888104814  168.196529249  127.968243144  94.9522960651  68.8059024992  48.693268218  33.5997034154  22.4941657193  14.4091330899  8.47171610796  3.90354835436  
3.37019289853  7.2999724151  12.3767391045  19.2364547959  28.5697584289  41.104688317  57.5548331329  78.5171336265  104.295618005  134.616611531  168.196529249  202.162287929  231.511301038  249.327644979  249.327644979  231.511301038  202.162287929  168.196529249  134.616611531  104.295618005  78.5171336265  57.5548331329  41.104688317  28.5697584289  19.2364547959  12.3767391045  7.2999724151  3.37019289853  
2.81049257678  6.0745922695  10.2634074824  15.876119483  23.4363724344  33.4665814533  46.4312896298  62.6395891475  82.0963120799  104.295618005  127.968243144  150.845630311  169.620458551  180.459945575  180.459945575  169.620458551  150.845630311  127.968243144  104.295618005  82.0963120799  62.6395891475  46.4312896298  33.4665814533  23.4363724344  15.876119483  10.2634074824  6.0745922695  2.81049257678  
2.26593931879  4.88667268828  8.22673962027  12.6640555257  18.5812584203  26.3386177553  36.2227206411  48.3664787343  62.6395891475  78.5171336265  94.9522960651  110.312999083  122.490176803  129.313697136  129.313697136  122.490176803  110.312999083  94.9522960651  78.5171336265  62.6395891475  48.3664787343  36.2227206411  26.3386177553  18.5812584203  12.6640555257  8.22673962027  4.88667268828  2.26593931879  
1.76751952546  3.803308141  6.380145964  9.77487236039  14.2581734418  20.0702990243  27.3795461407  36.2227206411  46.4312896298  57.5548331329  68.8059024992  79.0667534831  87.0110627737  91.3805414647  91.3805414647  87.0110627737  79.0667534831  68.8059024992  57.5548331329  46.4312896298  36.2227206411  27.3795461407  20.0702990243  14.2581734418  9.77487236039  6.380145964  3.803308141  1.76751952546  
1.33412550803  2.86457572537  4.78903571067  7.30414994867  10.5958816358  14.8198561509  20.0702990243  26.3386177553  33.4665814533  41.104688317  48.693268218  55.489907546  60.6661061145  63.4786618023  63.4786618023  60.6661061145  55.489907546  48.693268218  41.104688317  33.4665814533  26.3386177553  20.0702990243  14.8198561509  10.5958816358  7.30414994867  4.78903571067  2.86457572537  1.33412550803  
0.973221777195  2.08546233655  3.47546412053  5.27872755633  7.61947567349  10.5958816358  14.2581734418  18.5812584203  23.4363724344  28.5697584289  33.5997034154  38.044530578  41.3901591725  43.1930813997  43.1930813997  41.3901591725  38.044530578  33.5997034154  28.5697584289  23.4363724344  18.5812584203  14.2581734418  10.5958816358  7.61947567349  5.27872755633  3.47546412053  2.08546233655  0.973221777195  
0.682907393773  1.46071370945  2.42739009917  3.67322968629  5.27872755633  7.30414994867  9.77487236039  12.6640555257  15.876119483  19.2364547959  22.4941657193  25.3441796912  27.4713122758  28.6109987035  28.6109987035  27.4713122758  25.3441796912  22.4941657193  19.2364547959  15.876119483  12.6640555257  9.77487236039  7.30414994867  5.27872755633  3.67322968629  2.42739009917  1.46071370945  0.682907393773  
0.454506363712  0.970667242063  1.60913441706  2.42739009917  3.47546412053  4.78903571067  6.380145964  8.22673962027  10.2634074824  12.3767391045  14.4091330899  16.1740958584  17.483408211  18.1820781408  18.1820781408  17.483408211  16.1740958584  14.4091330899  12.3767391045  10.2634074824  8.22673962027  6.380145964  4.78903571067  3.47546412053  2.42739009917  1.60913441706  0.970667242063  0.454506363712  
0.27501673982  0.586631893629  0.970667242063  1.46071370945  2.08546233655  2.86457572537  3.803308141  4.88667268828  6.0745922695  7.2999724151  8.47171610796  9.48404444748  10.231898693  10.629872002  10.629872002  10.231898693  9.48404444748  8.47171610796  7.2999724151  6.0745922695  4.88667268828  3.803308141  2.86457572537  2.08546233655  1.46071370945  0.970667242063  0.586631893629  0.27501673982  
0.129029479537  0.27501673982  0.454506363712  0.682907393773  0.973221777195  1.33412550803  1.76751952546  2.26593931879  2.81049257678  3.37019289853  3.90354835436  4.36292048451  4.70144200814  4.88129731684  4.88129731684  4.70144200814  4.36292048451  3.90354835436  3.37019289853  2.81049257678  2.26593931879  1.76751952546  1.33412550803  0.973221777195  0.682907393773  0.454506363712  0.27501673982  0.129029479537  
