3.81144736609e-08  1.64054357192e-07  6.28561191844e-07  2.22865281506e-06  7.29314121008e-06  2.19138550867e-05  6.01027827663e-05  0.000149477543347  0.000334634124734  0.000668891861893  0.00118338341563  0.00183618201176  0.00247678942039  0.00288289944845  0.00288289944845  0.00247678942039  0.00183618201176  0.00118338341563  0.000668891861893  0.000334634124734  0.000149477543347  6.01027827663e-05  2.19138550867e-05  7.29314121008e-06  2.22865281506e-06  6.28561191844e-07  1.64054357192e-07  3.81144736609e-08  
1.64054357192e-07  7.0517758164e-07  2.69830667767e-06  9.55671369759e-06  3.12471574325e-05  9.38349975622e-05  0.000257290303735  0.000639926026217  0.00143316014382  0.0028667405098  0.00507661915353  0.00788553817944  0.0106469763521  0.0124000859267  0.0124000859267  0.0106469763521  0.00788553817944  0.00507661915353  0.0028667405098  0.00143316014382  0.000639926026217  0.000257290303735  9.38349975622e-05  3.12471574325e-05  9.55671369759e-06  2.69830667767e-06  7.0517758164e-07  1.64054357192e-07  
6.28561191844e-07  2.69830667767e-06  1.03122775432e-05  3.64882088885e-05  0.000119224909472  0.000357917382203  0.000981449577687  0.00244218865854  0.00547434740814  0.0109644445919  0.0194476382421  0.0302599990992  0.040918965832  0.0477007019688  0.0477007019688  0.040918965832  0.0302599990992  0.0194476382421  0.0109644445919  0.00547434740814  0.00244218865854  0.000981449577687  0.000357917382203  0.000119224909472  3.64882088885e-05  1.03122775432e-05  2.69830667767e-06  6.28561191844e-07  
2.22865281506e-06  9.55671369759e-06  3.64882088885e-05  0.000129020709587  0.000421440108041  0.00126528431612  0.00347140487449  0.00864692190214  0.0194124816528  0.0389593108693  0.0692673458749  0.108049224208  0.146432814336  0.170932054346  0.170932054346  0.146432814336  0.108049224208  0.0692673458749  0.0389593108693  0.0194124816528  0.00864692190214  0.00347140487449  0.00126528431612  0.000421440108041  0.000129020709587  3.64882088885e-05  9.55671369759e-06  2.22865281506e-06  
7.29314121008e-06  3.12471574325e-05  0.000119224909472  0.000421440108041  0.00137674282236  0.0041357236718  0.0113592297321  0.028342885193  0.0637786833381  0.128375128689  0.229023168062  0.358527974565  0.487428692767  0.570083376052  0.570083376052  0.487428692767  0.358527974565  0.229023168062  0.128375128689  0.0637786833381  0.028342885193  0.0113592297321  0.0041357236718  0.00137674282236  0.000421440108041  0.000119224909472  3.12471574325e-05  7.29314121008e-06  
2.19138550867e-05  9.38349975622e-05  0.000357917382203  0.00126528431612  0.0041357236718  0.0124377635778  0.0342227898356  0.0856064183871  0.193276568  0.39063291796  0.700216029369  1.10166567074  1.50447902375  1.76453444351  1.76453444351  1.50447902375  1.10166567074  0.700216029369  0.39063291796  0.193276568  0.0856064183871  0.0342227898356  0.0124377635778  0.0041357236718  0.00126528431612  0.000357917382203  9.38349975622e-05  2.19138550867e-05  
6.01027827663e-05  0.000257290303735  0.000981449577687  0.00347140487449  0.0113592297321  0.0342227898356  0.094408803011  0.236989858468  0.537497723874  1.09245132048  1.97107662709  3.12288476905  4.29213125795  5.0547464373  5.0547464373  4.29213125795  3.12288476905  1.97107662709  1.09245132048  0.537497723874  0.236989858468  0.094408803011  0.0342227898356  0.0113592297321  0.00347140487449  0.000981449577687  0.000257290303735  6.01027827663e-05  
0.000149477543347  0.000639926026217  0.00244218865854  0.00864692190214  0.028342885193  0.0856064183871  0.236989858468  0.597702915243  1.36383176158  2.79288954857  5.08422023694  8.13423312377  11.2836045511  13.3705063079  13.3705063079  11.2836045511  8.13423312377  5.08422023694  2.79288954857  1.36383176158  0.597702915243  0.236989858468  0.0856064183871  0.028342885193  0.00864692190214  0.00244218865854  0.000639926026217  0.000149477543347  
0.000334634124734  0.00143316014382  0.00547434740814  0.0194124816528  0.0637786833381  0.193276568  0.537497723874  1.36383176158  3.13654363485  6.48723644554  11.9528332369  19.386931736  27.2604379845  32.6123644565  32.6123644565  27.2604379845  19.386931736  11.9528332369  6.48723644554  3.13654363485  1.36383176158  0.537497723874  0.193276568  0.0637786833381  0.0194124816528  0.00547434740814  0.00143316014382  0.000334634124734  
0.000668891861893  0.0028667405098  0.0109644445919  0.0389593108693  0.128375128689  0.39063291796  1.09245132048  2.79288954857  6.48723644554  13.5913028315  25.4511492249  42.0836126794  60.3898081054  73.3759627999  73.3759627999  60.3898081054  42.0836126794  25.4511492249  13.5913028315  6.48723644554  2.79288954857  1.09245132048  0.39063291796  0.128375128689  0.0389593108693  0.0109644445919  0.0028667405098  0.000668891861893  
0.00118338341563  0.00507661915353  0.0194476382421  0.0692673458749  0.229023168062  0.700216029369  1.97107662709  5.08422023694  11.9528332369  25.4511492249  48.6889607673  82.7152767161  122.443321639  152.80485772  152.80485772  122.443321639  82.7152767161  48.6889607673  25.4511492249  11.9528332369  5.08422023694  1.97107662709  0.700216029369  0.229023168062  0.0692673458749  0.0194476382421  0.00507661915353  0.00118338341563  
0.00183618201176  0.00788553817944  0.0302599990992  0.108049224208  0.358527974565  1.10166567074  3.12288476905  8.13423312377  19.386931736  42.0836126794  82.7152767161  145.859912021  226.579862117  297.12590517  297.12590517  226.579862117  145.859912021  82.7152767161  42.0836126794  19.386931736  8.13423312377  3.12288476905  1.10166567074  0.358527974565  0.108049224208  0.0302599990992  0.00788553817944  0.00183618201176  
0.00247678942039  0.0106469763521  0.040918965832  0.146432814336  0.487428692767  1.50447902375  4.29213125795  11.2836045511  27.2604379845  60.3898081054  122.443321639  226.579862117  378.967538  549.39940884  549.39940884  378.967538  226.579862117  122.443321639  60.3898081054  27.2604379845  11.2836045511  4.29213125795  1.50447902375  0.487428692767  0.146432814336  0.040918965832  0.0106469763521  0.00247678942039  
0.00288289944845  0.0124000859267  0.0477007019688  0.170932054346  0.570083376052  1.76453444351  5.0547464373  13.3705063079  32.6123644565  73.3759627999  152.80485772  297.12590517  549.39940884  1000.0  1000.0  549.39940884  297.12590517  152.80485772  73.3759627999  32.6123644565  13.3705063079  5.0547464373  1.76453444351  0.570083376052  0.170932054346  0.0477007019688  0.0124000859267  0.00288289944845  
0.00288289944845  0.0124000859267  0.0477007019688  0.170932054346  0.570083376052  1.76453444351  5.0547464373  13.3705063079  32.6123644565  73.3759627999  152.80485772  297.12590517  549.39940884  1000.0  1000.0  549.39940884  297.12590517  152.80485772  73.3759627999  32.6123644565  13.3705063079  5.0547464373  1.76453444351  0.570083376052  0.170932054346  0.0477007019688  0.0124000859267  0.00288289944845  
0.00247678942039  0.0106469763521  0.040918965832  0.146432814336  0.487428692767  1.50447902375  4.29213125795  11.2836045511  27.2604379845  60.3898081054  122.443321639  226.579862117  378.967538  549.39940884  549.39940884  378.967538  226.579862117  122.443321639  60.3898081054  27.2604379845  11.2836045511  4.29213125795  1.50447902375  0.487428692767  0.146432814336  0.040918965832  0.0106469763521  0.00247678942039  
0.00183618201176  0.00788553817944  0.0302599990992  0.108049224208  0.358527974565  1.10166567074  3.12288476905  8.13423312377  19.386931736  42.0836126794  82.7152767161  145.859912021  226.579862117  297.12590517  297.12590517  226.579862117  145.859912021  82.7152767161  42.0836126794  19.386931736  8.13423312377  3.12288476905  1.10166567074  0.358527974565  0.108049224208  0.0302599990992  0.00788553817944  0.00183618201176  
0.00118338341563  0.00507661915353  0.0194476382421  0.0692673458749  0.229023168062  0.700216029369  1.97107662709  5.08422023694  11.9528332369  25.4511492249  48.6889607673  82.7152767161  122.443321639  152.80485772  152.80485772  122.443321639  82.7152767161  48.6889607673  25.4511492249  11.9528332369  5.08422023694  1.97107662709  0.700216029369  0.229023168062  0.0692673458749  0.0194476382421  0.00507661915353  0.00118338341563  
0.000668891861893  0.0028667405098  0.0109644445919  0.0389593108693  0.128375128689  0.39063291796  1.09245132048  2.79288954857  6.48723644554  13.5913028315  25.4511492249  42.0836126794  60.3898081054  73.3759627999  73.3759627999  60.3898081054  42.0836126794  25.4511492249  13.5913028315  6.48723644554  2.79288954857  1.09245132048  0.39063291796  0.128375128689  0.0389593108693  0.0109644445919  0.0028667405098  0.000668891861893  
0.000334634124734  0.00143316014382  0.00547434740814  0.0194124816528  0.0637786833381  0.193276568  0.537497723874  1.36383176158  3.13654363485  6.48723644554  11.9528332369  19.386931736  27.2604379845  32.6123644565  32.6123644565  27.2604379845  19.386931736  11.9528332369  6.48723644554  3.13654363485  1.36383176158  0.537497723874  0.193276568  0.0637786833381  0.0194124816528  0.00547434740814  0.00143316014382  0.000334634124734  
0.000149477543347  0.000639926026217  0.00244218865854  0.00864692190214  0.028342885193  0.0856064183871  0.236989858468  0.597702915243  1.36383176158  2.79288954857  5.08422023694  8.13423312377  11.2836045511  13.3705063079  13.3705063079  11.2836045511  8.13423312377  5.08422023694  2.79288954857  1.36383176158  0.597702915243  0.236989858468  0.0856064183871  0.028342885193  0.00864692190214  0.00244218865854  0.000639926026217  0.000149477543347  
6.01027827663e-05  0.000257290303735  0.000981449577687  0.00347140487449  0.0113592297321  0.0342227898356  0.094408803011  0.236989858468  0.537497723874  1.09245132048  1.97107662709  3.12288476905  4.29213125795  5.0547464373  5.0547464373  4.29213125795  3.12288476905  1.97107662709  1.09245132048  0.537497723874  0.236989858468  0.094408803011  0.0342227898356  0.0113592297321  0.00347140487449  0.000981449577687  0.000257290303735  6.01027827663e-05  
2.19138550867e-05  9.38349975622e-05  0.000357917382203  0.00126528431612  0.0041357236718  0.0124377635778  0.0342227898356  0.0856064183871  0.193276568  0.39063291796  0.700216029369  1.10166567074  1.50447902375  1.76453444351  1.76453444351  1.50447902375  1.10166567074  0.700216029369  0.39063291796  0.193276568  0.0856064183871  0.0342227898356  0.0124377635778  0.0041357236718  0.00126528431612  0.000357917382203  9.38349975622e-05  2.19138550867e-05  
7.29314121008e-06  3.12471574325e-05  0.000119224909472  0.000421440108041  0.00137674282236  0.0041357236718  0.0113592297321  0.028342885193  0.0637786833381  0.128375128689  0.229023168062  0.358527974565  0.487428692767  0.570083376052  0.570083376052  0.487428692767  0.358527974565  0.229023168062  0.128375128689  0.0637786833381  0.028342885193  0.0113592297321  0.0041357236718  0.00137674282236  0.000421440108041  0.000119224909472  3.12471574325e-05  7.29314121008e-06  
2.22865281506e-06  9.55671369759e-06  3.64882088885e-05  0.000129020709587  0.000421440108041  0.00126528431612  0.00347140487449  0.00864692190214  0.0194124816528  0.0389593108693  0.0692673458749  0.108049224208  0.146432814336  0.170932054346  0.170932054346  0.146432814336  0.108049224208  0.0692673458749  0.0389593108693  0.0194124816528  0.00864692190214  0.00347140487449  0.00126528431612  0.000421440108041  0.000129020709587  3.64882088885e-05  9.55671369759e-06  2.22865281506e-06  
6.28561191844e-07  2.69830667767e-06  1.03122775432e-05  3.64882088885e-05  0.000119224909472  0.000357917382203  0.000981449577687  0.00244218865854  0.00547434740814  0.0109644445919  0.0194476382421  0.0302599990992  0.040918965832  0.0477007019688  0.0477007019688  0.040918965832  0.0302599990992  0.0194476382421  0.0109644445919  0.00547434740814  0.00244218865854  0.000981449577687  0.000357917382203  0.000119224909472  3.64882088885e-05  1.03122775432e-05  2.69830667767e-06  6.28561191844e-07  
1.64054357192e-07  7.0517758164e-07  2.69830667767e-06  9.55671369759e-06  3.12471574325e-05  9.38349975622e-05  0.000257290303735  0.000639926026217  0.00143316014382  0.0028667405098  0.00507661915353  0.00788553817944  0.0106469763521  0.0124000859267  0.0124000859267  0.0106469763521  0.00788553817944  0.00507661915353  0.0028667405098  0.00143316014382  0.000639926026217  0.000257290303735  9.38349975622e-05  3.12471574325e-05  9.55671369759e-06  2.69830667767e-06  7.0517758164e-07  1.64054357192e-07  
3.81144736609e-08  1.64054357192e-07  6.28561191844e-07  2.22865281506e-06  7.29314121008e-06  2.19138550867e-05  6.01027827663e-05  0.000149477543347  0.000334634124734  0.000668891861893  0.00118338341563  0.00183618201176  0.00247678942039  0.00288289944845  0.00288289944845  0.00247678942039  0.00183618201176  0.00118338341563  0.000668891861893  0.000334634124734  0.000149477543347  6.01027827663e-05  2.19138550867e-05  7.29314121008e-06  2.22865281506e-06  6.28561191844e-07  1.64054357192e-07  3.81144736609e-08  
