0.000357368639928  0.000966627772735  0.00218979960352  0.00461584654166  0.00917274935808  0.0171888967008  0.0303168647972  0.0502124204189  0.0779056029262  0.112945397842  0.152625249408  0.191783546899  0.223623874444  0.241579069684  0.241579069684  0.223623874444  0.191783546899  0.152625249408  0.112945397842  0.0779056029262  0.0502124204189  0.0303168647972  0.0171888967008  0.00917274935808  0.00461584654166  0.00218979960352  0.000966627772735  0.000357368639928  
0.000966627772735  0.00261689286081  0.00593571641951  0.0125307741939  0.0249451842982  0.0468375448205  0.0827904520387  0.13744607982  0.213777887665  0.310698834286  0.420839906461  0.529889292315  0.618801205087  0.669031886038  0.669031886038  0.618801205087  0.529889292315  0.420839906461  0.310698834286  0.213777887665  0.13744607982  0.0827904520387  0.0468375448205  0.0249451842982  0.0125307741939  0.00593571641951  0.00261689286081  0.000966627772735  
0.00218979960352  0.00593571641951  0.0134873244518  0.0285338396724  0.0569438150759  0.107219848101  0.190115931428  0.316697472492  0.494343525305  0.721071840371  0.980072551668  1.23777120464  1.4487567728  1.56829071815  1.56829071815  1.4487567728  1.23777120464  0.980072551668  0.721071840371  0.494343525305  0.316697472492  0.190115931428  0.107219848101  0.0569438150759  0.0285338396724  0.0134873244518  0.00593571641951  0.00218979960352  
0.00461584654166  0.0125307741939  0.0285338396724  0.0605238564921  0.121152040354  0.228908597779  0.407463428586  0.681648026507  1.06883701348  1.56630850044  2.13849971427  2.71158211132  3.18345344048  3.45184852207  3.45184852207  3.18345344048  2.71158211132  2.13849971427  1.56630850044  1.06883701348  0.681648026507  0.407463428586  0.228908597779  0.121152040354  0.0605238564921  0.0285338396724  0.0125307741939  0.00461584654166  
0.00917274935808  0.0249451842982  0.0569438150759  0.121152040354  0.243376703513  0.461728036635  0.825700968735  1.38843515893  2.18922055613  3.22677375116  4.43075241616  5.64714836754  6.65645249779  7.23368983992  7.23368983992  6.65645249779  5.64714836754  4.43075241616  3.22677375116  2.18922055613  1.38843515893  0.825700968735  0.461728036635  0.243376703513  0.121152040354  0.0569438150759  0.0249451842982  0.00917274935808  
0.0171888967008  0.0468375448205  0.107219848101  0.228908597779  0.461728036635  0.880152329363  1.58256394139  2.67751337305  4.25041153281  6.30999910196  8.72733410043  11.198028193  13.2698840821  14.4641071003  14.4641071003  13.2698840821  11.198028193  8.72733410043  6.30999910196  4.25041153281  2.67751337305  1.58256394139  0.880152329363  0.461728036635  0.228908597779  0.107219848101  0.0468375448205  0.0171888967008  
0.0303168647972  0.0827904520387  0.190115931428  0.407463428586  0.825700968735  1.58256394139  2.86365418168  4.88038068771  7.8110112074  11.6996992129  16.331786731  21.1404135672  25.2331347602  27.6195205715  27.6195205715  25.2331347602  21.1404135672  16.331786731  11.6996992129  7.8110112074  4.88038068771  2.86365418168  1.58256394139  0.825700968735  0.407463428586  0.190115931428  0.0827904520387  0.0303168647972  
0.0502124204189  0.13744607982  0.316697472492  0.681648026507  1.38843515893  2.67751337305  4.88038068771  8.38870297775  13.5587843631  20.534125477  29.0043045078  37.9856438054  45.7947053771  50.4292174186  50.4292174186  45.7947053771  37.9856438054  29.0043045078  20.534125477  13.5587843631  8.38870297775  4.88038068771  2.67751337305  1.38843515893  0.681648026507  0.316697472492  0.13744607982  0.0502124204189  
0.0779056029262  0.213777887665  0.494343525305  1.06883701348  2.18922055613  4.25041153281  7.8110112074  13.5587843631  22.1726276334  34.0374643956  48.8101301967  64.9367843643  79.4048123865  88.2382604019  88.2382604019  79.4048123865  64.9367843643  48.8101301967  34.0374643956  22.1726276334  13.5587843631  7.8110112074  4.25041153281  2.18922055613  1.06883701348  0.494343525305  0.213777887665  0.0779056029262  
0.112945397842  0.310698834286  0.721071840371  1.56630850044  3.22677375116  6.30999910196  11.6996992129  20.534125477  34.0374643956  53.1153567762  77.6488741072  105.525339834  131.733714364  148.515037099  148.515037099  131.733714364  105.525339834  77.6488741072  53.1153567762  34.0374643956  20.534125477  11.6996992129  6.30999910196  3.22677375116  1.56630850044  0.721071840371  0.310698834286  0.112945397842  
0.152625249408  0.420839906461  0.980072551668  2.13849971427  4.43075241616  8.72733410043  16.331786731  29.0043045078  48.8101301967  77.6488741072  116.280019229  162.639868485  209.412636415  241.951693853  241.951693853  209.412636415  162.639868485  116.280019229  77.6488741072  48.8101301967  29.0043045078  16.331786731  8.72733410043  4.43075241616  2.13849971427  0.980072551668  0.420839906461  0.152625249408  
0.191783546899  0.529889292315  1.23777120464  2.71158211132  5.64714836754  11.198028193  21.1404135672  37.9856438054  64.9367843643  105.525339834  162.639868485  236.322973719  318.929769914  385.563150603  385.563150603  318.929769914  236.322973719  162.639868485  105.525339834  64.9367843643  37.9856438054  21.1404135672  11.198028193  5.64714836754  2.71158211132  1.23777120464  0.529889292315  0.191783546899  
0.223623874444  0.618801205087  1.4487567728  3.18345344048  6.65645249779  13.2698840821  25.2331347602  45.7947053771  79.4048123865  131.733714364  209.412636415  318.929769914  461.791905292  612.095753813  612.095753813  461.791905292  318.929769914  209.412636415  131.733714364  79.4048123865  45.7947053771  25.2331347602  13.2698840821  6.65645249779  3.18345344048  1.4487567728  0.618801205087  0.223623874444  
0.241579069684  0.669031886038  1.56829071815  3.45184852207  7.23368983992  14.4641071003  27.6195205715  50.4292174186  88.2382604019  148.515037099  241.951693853  385.563150603  612.095753813  1000.0  1000.0  612.095753813  385.563150603  241.951693853  148.515037099  88.2382604019  50.4292174186  27.6195205715  14.4641071003  7.23368983992  3.45184852207  1.56829071815  0.669031886038  0.241579069684  
0.241579069684  0.669031886038  1.56829071815  3.45184852207  7.23368983992  14.4641071003  27.6195205715  50.4292174186  88.2382604019  148.515037099  241.951693853  385.563150603  612.095753813  1000.0  1000.0  612.095753813  385.563150603  241.951693853  148.515037099  88.2382604019  50.4292174186  27.6195205715  14.4641071003  7.23368983992  3.45184852207  1.56829071815  0.669031886038  0.241579069684  
0.223623874444  0.618801205087  1.4487567728  3.18345344048  6.65645249779  13.2698840821  25.2331347602  45.7947053771  79.4048123865  131.733714364  209.412636415  318.929769914  461.791905292  612.095753813  612.095753813  461.791905292  318.929769914  209.412636415  131.733714364  79.4048123865  45.7947053771  25.2331347602  13.2698840821  6.65645249779  3.18345344048  1.4487567728  0.618801205087  0.223623874444  
0.191783546899  0.529889292315  1.23777120464  2.71158211132  5.64714836754  11.198028193  21.1404135672  37.9856438054  64.9367843643  105.525339834  162.639868485  236.322973719  318.929769914  385.563150603  385.563150603  318.929769914  236.322973719  162.639868485  105.525339834  64.9367843643  37.9856438054  21.1404135672  11.198028193  5.64714836754  2.71158211132  1.23777120464  0.529889292315  0.191783546899  
0.152625249408  0.420839906461  0.980072551668  2.13849971427  4.43075241616  8.72733410043  16.331786731  29.0043045078  48.8101301967  77.6488741072  116.280019229  162.639868485  209.412636415  241.951693853  241.951693853  209.412636415  162.639868485  116.280019229  77.6488741072  48.8101301967  29.0043045078  16.331786731  8.72733410043  4.43075241616  2.13849971427  0.980072551668  0.420839906461  0.152625249408  
0.112945397842  0.310698834286  0.721071840371  1.56630850044  3.22677375116  6.30999910196  11.6996992129  20.534125477  34.0374643956  53.1153567762  77.6488741072  105.525339834  131.733714364  148.515037099  148.515037099  131.733714364  105.525339834  77.6488741072  53.1153567762  34.0374643956  20.534125477  11.6996992129  6.30999910196  3.22677375116  1.56630850044  0.721071840371  0.310698834286  0.112945397842  
0.0779056029262  0.213777887665  0.494343525305  1.06883701348  2.18922055613  4.25041153281  7.8110112074  13.5587843631  22.1726276334  34.0374643956  48.8101301967  64.9367843643  79.4048123865  88.2382604019  88.2382604019  79.4048123865  64.9367843643  48.8101301967  34.0374643956  22.1726276334  13.5587843631  7.8110112074  4.25041153281  2.18922055613  1.06883701348  0.494343525305  0.213777887665  0.0779056029262  
0.0502124204189  0.13744607982  0.316697472492  0.681648026507  1.38843515893  2.67751337305  4.88038068771  8.38870297775  13.5587843631  20.534125477  29.0043045078  37.9856438054  45.7947053771  50.4292174186  50.4292174186  45.7947053771  37.9856438054  29.0043045078  20.534125477  13.5587843631  8.38870297775  4.88038068771  2.67751337305  1.38843515893  0.681648026507  0.316697472492  0.13744607982  0.0502124204189  
0.0303168647972  0.0827904520387  0.190115931428  0.407463428586  0.825700968735  1.58256394139  2.86365418168  4.88038068771  7.8110112074  11.6996992129  16.331786731  21.1404135672  25.2331347602  27.6195205715  27.6195205715  25.2331347602  21.1404135672  16.331786731  11.6996992129  7.8110112074  4.88038068771  2.86365418168  1.58256394139  0.825700968735  0.407463428586  0.190115931428  0.0827904520387  0.0303168647972  
0.0171888967008  0.0468375448205  0.107219848101  0.228908597779  0.461728036635  0.880152329363  1.58256394139  2.67751337305  4.25041153281  6.30999910196  8.72733410043  11.198028193  13.2698840821  14.4641071003  14.4641071003  13.2698840821  11.198028193  8.72733410043  6.30999910196  4.25041153281  2.67751337305  1.58256394139  0.880152329363  0.461728036635  0.228908597779  0.107219848101  0.0468375448205  0.0171888967008  
0.00917274935808  0.0249451842982  0.0569438150759  0.121152040354  0.243376703513  0.461728036635  0.825700968735  1.38843515893  2.18922055613  3.22677375116  4.43075241616  5.64714836754  6.65645249779  7.23368983992  7.23368983992  6.65645249779  5.64714836754  4.43075241616  3.22677375116  2.18922055613  1.38843515893  0.825700968735  0.461728036635  0.243376703513  0.121152040354  0.0569438150759  0.0249451842982  0.00917274935808  
0.00461584654166  0.0125307741939  0.0285338396724  0.0605238564921  0.121152040354  0.228908597779  0.407463428586  0.681648026507  1.06883701348  1.56630850044  2.13849971427  2.71158211132  3.18345344048  3.45184852207  3.45184852207  3.18345344048  2.71158211132  2.13849971427  1.56630850044  1.06883701348  0.681648026507  0.407463428586  0.228908597779  0.121152040354  0.0605238564921  0.0285338396724  0.0125307741939  0.00461584654166  
0.00218979960352  0.00593571641951  0.0134873244518  0.0285338396724  0.0569438150759  0.107219848101  0.190115931428  0.316697472492  0.494343525305  0.721071840371  0.980072551668  1.23777120464  1.4487567728  1.56829071815  1.56829071815  1.4487567728  1.23777120464  0.980072551668  0.721071840371  0.494343525305  0.316697472492  0.190115931428  0.107219848101  0.0569438150759  0.0285338396724  0.0134873244518  0.00593571641951  0.00218979960352  
0.000966627772735  0.00261689286081  0.00593571641951  0.0125307741939  0.0249451842982  0.0468375448205  0.0827904520387  0.13744607982  0.213777887665  0.310698834286  0.420839906461  0.529889292315  0.618801205087  0.669031886038  0.669031886038  0.618801205087  0.529889292315  0.420839906461  0.310698834286  0.213777887665  0.13744607982  0.0827904520387  0.0468375448205  0.0249451842982  0.0125307741939  0.00593571641951  0.00261689286081  0.000966627772735  
0.000357368639928  0.000966627772735  0.00218979960352  0.00461584654166  0.00917274935808  0.0171888967008  0.0303168647972  0.0502124204189  0.0779056029262  0.112945397842  0.152625249408  0.191783546899  0.223623874444  0.241579069684  0.241579069684  0.223623874444  0.191783546899  0.152625249408  0.112945397842  0.0779056029262  0.0502124204189  0.0303168647972  0.0171888967008  0.00917274935808  0.00461584654166  0.00218979960352  0.000966627772735  0.000357368639928  
