0.189839176323  0.400082091506  0.650290543437  0.958058814865  1.33739611866  1.79655885524  2.33549293167  2.94331031583  3.59648234158  4.25859795889  4.88249109146  5.41517384059  5.80528151437  6.01177056528  6.01177056528  5.80528151437  5.41517384059  4.88249109146  4.25859795889  3.59648234158  2.94331031583  2.33549293167  1.79655885524  1.33739611866  0.958058814865  0.650290543437  0.400082091506  0.189839176323  
0.400082091506  0.84376535683  1.37298701971  2.02573441116  2.8326678733  3.81249184343  4.96637167077  6.27226516896  7.68062762716  9.1133790337  10.468030327  11.6281601916  12.4798447169  12.931366849  12.931366849  12.4798447169  11.6281601916  10.468030327  9.1133790337  7.68062762716  6.27226516896  4.96637167077  3.81249184343  2.8326678733  2.02573441116  1.37298701971  0.84376535683  0.400082091506  
0.650290543437  1.37298701971  2.23808879549  3.30971279781  4.64071010675  6.26501252615  8.18807707487  10.3767536899  12.7509699427  15.1805437343  17.4907492451  19.4793679982  20.9453181224  21.7246075716  21.7246075716  20.9453181224  19.4793679982  17.4907492451  15.1805437343  12.7509699427  10.3767536899  8.18807707487  6.26501252615  4.64071010675  3.30971279781  2.23808879549  1.37298701971  0.650290543437  
0.958058814865  2.02573441116  3.30971279781  4.90914337268  6.90798375439  9.3635574703  12.2916088002  15.6495690332  19.321506215  23.110019707  26.7415042937  29.8906323121  32.2261952921  33.4727925782  33.4727925782  32.2261952921  29.8906323121  26.7415042937  23.110019707  19.321506215  15.6495690332  12.2916088002  9.3635574703  6.90798375439  4.90914337268  3.30971279781  2.02573441116  0.958058814865  
1.33739611866  2.8326678733  4.64071010675  6.90798375439  9.76246016539  13.2975830132  17.5501447536  22.4739110962  27.9134897513  33.5861549047  39.0823684526  43.8968215704  47.4978979282  49.4310959198  49.4310959198  47.4978979282  43.8968215704  39.0823684526  33.5861549047  27.9134897513  22.4739110962  17.5501447536  13.2975830132  9.76246016539  6.90798375439  4.64071010675  2.8326678733  1.33739611866  
1.79655885524  3.81249184343  6.26501252615  9.3635574703  13.2975830132  18.2153930155  24.1929902373  31.1942525536  39.027358339  47.3076104825  55.4433162726  62.6670968141  68.1343528236  71.0938216056  71.0938216056  68.1343528236  62.6670968141  55.4433162726  47.3076104825  39.027358339  31.1942525536  24.1929902373  18.2153930155  13.2975830132  9.3635574703  6.26501252615  3.81249184343  1.79655885524  
2.33549293167  4.96637167077  8.18807707487  12.2916088002  17.5501447536  24.1929902373  32.3642033132  42.0654496489  53.0867715415  64.9362891317  76.7916819716  87.5120668698  95.7613379527  100.281576616  100.281576616  95.7613379527  87.5120668698  76.7916819716  64.9362891317  53.0867715415  42.0654496489  32.3642033132  24.1929902373  17.5501447536  12.2916088002  8.18807707487  4.96637167077  2.33549293167  
2.94331031583  6.27226516896  10.3767536899  15.6495690332  22.4739110962  31.1942525536  42.0654496489  55.1761162547  70.3454292076  87.0003788512  104.057845142  119.868654688  132.327827119  139.283710684  139.283710684  132.327827119  119.868654688  104.057845142  87.0003788512  70.3454292076  55.1761162547  42.0654496489  31.1942525536  22.4739110962  15.6495690332  10.3767536899  6.27226516896  2.94331031583  
3.59648234158  7.68062762716  12.7509699427  19.321506215  27.9134897513  39.027358339  53.0867715415  70.3454292076  90.746576311  113.728260425  137.983941014  161.238414956  180.213051876  191.128798747  191.128798747  180.213051876  161.238414956  137.983941014  113.728260425  90.746576311  70.3454292076  53.0867715415  39.027358339  27.9134897513  19.321506215  12.7509699427  7.68062762716  3.59648234158  
4.25859795889  9.1133790337  15.1805437343  23.110019707  33.5861549047  47.3076104825  64.9362891317  87.0003788512  113.728260425  144.77866542  178.827143311  213.006175861  242.379241765  260.149693285  260.149693285  242.379241765  213.006175861  178.827143311  144.77866542  113.728260425  87.0003788512  64.9362891317  47.3076104825  33.5861549047  23.110019707  15.1805437343  9.1133790337  4.25859795889  
4.88249109146  10.468030327  17.4907492451  26.7415042937  39.0823684526  55.4433162726  76.7916819716  104.057845142  137.983941014  178.827143311  225.784873912  275.929551546  322.498259685  353.257886986  353.257886986  322.498259685  275.929551546  225.784873912  178.827143311  137.983941014  104.057845142  76.7916819716  55.4433162726  39.0823684526  26.7415042937  17.4907492451  10.468030327  4.88249109146  
5.41517384059  11.6281601916  19.4793679982  29.8906323121  43.8968215704  62.6670968141  87.5120668698  119.868654688  161.238414956  213.006175861  275.929551546  348.74027618  424.549687099  483.071709175  483.071709175  424.549687099  348.74027618  275.929551546  213.006175861  161.238414956  119.868654688  87.5120668698  62.6670968141  43.8968215704  29.8906323121  19.4793679982  11.6281601916  5.41517384059  
5.80528151437  12.4798447169  20.9453181224  32.2261952921  47.4978979282  68.1343528236  95.7613379527  132.327827119  180.213051876  242.379241765  322.498259685  424.549687099  549.370963854  676.407376082  676.407376082  549.370963854  424.549687099  322.498259685  242.379241765  180.213051876  132.327827119  95.7613379527  68.1343528236  47.4978979282  32.2261952921  20.9453181224  12.4798447169  5.80528151437  
6.01177056528  12.931366849  21.7246075716  33.4727925782  49.4310959198  71.0938216056  100.281576616  139.283710684  191.128798747  260.149693285  353.257886986  483.071709175  676.407376082  1000.0  1000.0  676.407376082  483.071709175  353.257886986  260.149693285  191.128798747  139.283710684  100.281576616  71.0938216056  49.4310959198  33.4727925782  21.7246075716  12.931366849  6.01177056528  
6.01177056528  12.931366849  21.7246075716  33.4727925782  49.4310959198  71.0938216056  100.281576616  139.283710684  191.128798747  260.149693285  353.257886986  483.071709175  676.407376082  1000.0  1000.0  676.407376082  483.071709175  353.257886986  260.149693285  191.128798747  139.283710684  100.281576616  71.0938216056  49.4310959198  33.4727925782  21.7246075716  12.931366849  6.01177056528  
5.80528151437  12.4798447169  20.9453181224  32.2261952921  47.4978979282  68.1343528236  95.7613379527  132.327827119  180.213051876  242.379241765  322.498259685  424.549687099  549.370963854  676.407376082  676.407376082  549.370963854  424.549687099  322.498259685  242.379241765  180.213051876  132.327827119  95.7613379527  68.1343528236  47.4978979282  32.2261952921  20.9453181224  12.4798447169  5.80528151437  
5.41517384059  11.6281601916  19.4793679982  29.8906323121  43.8968215704  62.6670968141  87.5120668698  119.868654688  161.238414956  213.006175861  275.929551546  348.74027618  424.549687099  483.071709175  483.071709175  424.549687099  348.74027618  275.929551546  213.006175861  161.238414956  119.868654688  87.5120668698  62.6670968141  43.8968215704  29.8906323121  19.4793679982  11.6281601916  5.41517384059  
4.88249109146  10.468030327  17.4907492451  26.7415042937  39.0823684526  55.4433162726  76.7916819716  104.057845142  137.983941014  178.827143311  225.784873912  275.929551546  322.498259685  353.257886986  353.257886986  322.498259685  275.929551546  225.784873912  178.827143311  137.983941014  104.057845142  76.7916819716  55.4433162726  39.0823684526  26.7415042937  17.4907492451  10.468030327  4.88249109146  
4.25859795889  9.1133790337  15.1805437343  23.110019707  33.5861549047  47.3076104825  64.9362891317  87.0003788512  113.728260425  144.77866542  178.827143311  213.006175861  242.379241765  260.149693285  260.149693285  242.379241765  213.006175861  178.827143311  144.77866542  113.728260425  87.0003788512  64.9362891317  47.3076104825  33.5861549047  23.110019707  15.1805437343  9.1133790337  4.25859795889  
3.59648234158  7.68062762716  12.7509699427  19.321506215  27.9134897513  39.027358339  53.0867715415  70.3454292076  90.746576311  113.728260425  137.983941014  161.238414956  180.213051876  191.128798747  191.128798747  180.213051876  161.238414956  137.983941014  113.728260425  90.746576311  70.3454292076  53.0867715415  39.027358339  27.9134897513  19.321506215  12.7509699427  7.68062762716  3.59648234158  
2.94331031583  6.27226516896  10.3767536899  15.6495690332  22.4739110962  31.1942525536  42.0654496489  55.1761162547  70.3454292076  87.0003788512  104.057845142  119.868654688  132.327827119  139.283710684  139.283710684  132.327827119  119.868654688  104.057845142  87.0003788512  70.3454292076  55.1761162547  42.0654496489  31.1942525536  22.4739110962  15.6495690332  10.3767536899  6.27226516896  2.94331031583  
2.33549293167  4.96637167077  8.18807707487  12.2916088002  17.5501447536  24.1929902373  32.3642033132  42.0654496489  53.0867715415  64.9362891317  76.7916819716  87.5120668698  95.7613379527  100.281576616  100.281576616  95.7613379527  87.5120668698  76.7916819716  64.9362891317  53.0867715415  42.0654496489  32.3642033132  24.1929902373  17.5501447536  12.2916088002  8.18807707487  4.96637167077  2.33549293167  
1.79655885524  3.81249184343  6.26501252615  9.3635574703  13.2975830132  18.2153930155  24.1929902373  31.1942525536  39.027358339  47.3076104825  55.4433162726  62.6670968141  68.1343528236  71.0938216056  71.0938216056  68.1343528236  62.6670968141  55.4433162726  47.3076104825  39.027358339  31.1942525536  24.1929902373  18.2153930155  13.2975830132  9.3635574703  6.26501252615  3.81249184343  1.79655885524  
1.33739611866  2.8326678733  4.64071010675  6.90798375439  9.76246016539  13.2975830132  17.5501447536  22.4739110962  27.9134897513  33.5861549047  39.0823684526  43.8968215704  47.4978979282  49.4310959198  49.4310959198  47.4978979282  43.8968215704  39.0823684526  33.5861549047  27.9134897513  22.4739110962  17.5501447536  13.2975830132  9.76246016539  6.90798375439  4.64071010675  2.8326678733  1.33739611866  
0.958058814865  2.02573441116  3.30971279781  4.90914337268  6.90798375439  9.3635574703  12.2916088002  15.6495690332  19.321506215  23.110019707  26.7415042937  29.8906323121  32.2261952921  33.4727925782  33.4727925782  32.2261952921  29.8906323121  26.7415042937  23.110019707  19.321506215  15.6495690332  12.2916088002  9.3635574703  6.90798375439  4.90914337268  3.30971279781  2.02573441116  0.958058814865  
0.650290543437  1.37298701971  2.23808879549  3.30971279781  4.64071010675  6.26501252615  8.18807707487  10.3767536899  12.7509699427  15.1805437343  17.4907492451  19.4793679982  20.9453181224  21.7246075716  21.7246075716  20.9453181224  19.4793679982  17.4907492451  15.1805437343  12.7509699427  10.3767536899  8.18807707487  6.26501252615  4.64071010675  3.30971279781  2.23808879549  1.37298701971  0.650290543437  
0.400082091506  0.84376535683  1.37298701971  2.02573441116  2.8326678733  3.81249184343  4.96637167077  6.27226516896  7.68062762716  9.1133790337  10.468030327  11.6281601916  12.4798447169  12.931366849  12.931366849  12.4798447169  11.6281601916  10.468030327  9.1133790337  7.68062762716  6.27226516896  4.96637167077  3.81249184343  2.8326678733  2.02573441116  1.37298701971  0.84376535683  0.400082091506  
0.189839176323  0.400082091506  0.650290543437  0.958058814865  1.33739611866  1.79655885524  2.33549293167  2.94331031583  3.59648234158  4.25859795889  4.88249109146  5.41517384059  5.80528151437  6.01177056528  6.01177056528  5.80528151437  5.41517384059  4.88249109146  4.25859795889  3.59648234158  2.94331031583  2.33549293167  1.79655885524  1.33739611866  0.958058814865  0.650290543437  0.400082091506  0.189839176323  
