4.52148759359e-06  1.5195484818e-05  4.43920867068e-05  0.00012058631456  0.000305329388017  0.000718369953005  0.00156435272055  0.00313963073646  0.00578105878135  0.00971967083602  0.0148489458881  0.0205149708925  0.02552143334  0.0284926203412  0.0284926203412  0.02552143334  0.0205149708925  0.0148489458881  0.00971967083602  0.00578105878135  0.00313963073646  0.00156435272055  0.000718369953005  0.000305329388017  0.00012058631456  4.43920867068e-05  1.5195484818e-05  4.52148759359e-06  
1.5195484818e-05  5.10703431302e-05  0.000149229758958  0.000405546409954  0.00102757117558  0.00241995716304  0.00527629648305  0.0106053107524  0.0195615548449  0.0329509939086  0.0504370787116  0.0698070676775  0.0869647024531  0.0971651440116  0.0971651440116  0.0869647024531  0.0698070676775  0.0504370787116  0.0329509939086  0.0195615548449  0.0106053107524  0.00527629648305  0.00241995716304  0.00102757117558  0.000405546409954  0.000149229758958  5.10703431302e-05  1.5195484818e-05  
4.43920867068e-05  0.000149229758958  0.000436259968562  0.00118648458995  0.00300959141147  0.00709791676559  0.0155038603758  0.0312304975953  0.0577489209338  0.097542487981  0.149722492569  0.207760523132  0.259357906439  0.290113794645  0.290113794645  0.259357906439  0.207760523132  0.149722492569  0.097542487981  0.0577489209338  0.0312304975953  0.0155038603758  0.00709791676559  0.00300959141147  0.00118648458995  0.000436259968562  0.000149229758958  4.43920867068e-05  
0.00012058631456  0.000405546409954  0.00118648458995  0.00323046049353  0.00820665712669  0.0193924439169  0.0424601829357  0.0857748372748  0.159127689744  0.26974448774  0.415575078445  0.57867007786  0.724392810439  0.811572665337  0.811572665337  0.724392810439  0.57867007786  0.415575078445  0.26974448774  0.159127689744  0.0857748372748  0.0424601829357  0.0193924439169  0.00820665712669  0.00323046049353  0.00118648458995  0.000405546409954  0.00012058631456  
0.000305329388017  0.00102757117558  0.00300959141147  0.00820665712669  0.0208894842228  0.0494856148553  0.108681861105  0.2203513005  0.410507452312  0.699097573553  1.08225470081  1.51393215905  1.90228027848  2.13581060153  2.13581060153  1.90228027848  1.51393215905  1.08225470081  0.699097573553  0.410507452312  0.2203513005  0.108681861105  0.0494856148553  0.0208894842228  0.00820665712669  0.00300959141147  0.00102757117558  0.000305329388017  
0.000718369953005  0.00241995716304  0.00709791676559  0.0193924439169  0.0494856148553  0.11759507438  0.259256498398  0.528048533243  0.988974651175  1.6942665399  2.6394108631  3.71483908656  4.69157540548  5.28329224892  5.28329224892  4.69157540548  3.71483908656  2.6394108631  1.6942665399  0.988974651175  0.528048533243  0.259256498398  0.11759507438  0.0494856148553  0.0193924439169  0.00709791676559  0.00241995716304  0.000718369953005  
0.00156435272055  0.00527629648305  0.0155038603758  0.0424601829357  0.108681861105  0.259256498398  0.574265370775  1.17630043251  2.21781954108  3.82843222424  6.0133763684  8.53324097199  10.852894038  12.2736837299  12.2736837299  10.852894038  8.53324097199  6.0133763684  3.82843222424  2.21781954108  1.17630043251  0.574265370775  0.259256498398  0.108681861105  0.0424601829357  0.0155038603758  0.00527629648305  0.00156435272055  
0.00313963073646  0.0106053107524  0.0312304975953  0.0857748372748  0.2203513005  0.528048533243  1.17630043251  2.42622099207  4.61254422519  8.03954824189  12.764494375  18.3156111865  23.5260563591  26.7718741079  26.7718741079  23.5260563591  18.3156111865  12.764494375  8.03954824189  4.61254422519  2.42622099207  1.17630043251  0.528048533243  0.2203513005  0.0857748372748  0.0312304975953  0.0106053107524  0.00313963073646  
0.00578105878135  0.0195615548449  0.0577489209338  0.159127689744  0.410507452312  0.988974651175  2.21781954108  4.61254422519  8.85865122439  15.6298444419  25.1674749221  36.6642919876  47.7695883238  54.8778077427  54.8778077427  47.7695883238  36.6642919876  25.1674749221  15.6298444419  8.85865122439  4.61254422519  2.21781954108  0.988974651175  0.410507452312  0.159127689744  0.0577489209338  0.0195615548449  0.00578105878135  
0.00971967083602  0.0329509939086  0.097542487981  0.26974448774  0.699097573553  1.6942665399  3.82843222424  8.03954824189  15.6298444419  27.9978289593  45.9150577326  68.2983273496  90.8709830538  105.991076932  105.991076932  90.8709830538  68.2983273496  45.9150577326  27.9978289593  15.6298444419  8.03954824189  3.82843222424  1.6942665399  0.699097573553  0.26974448774  0.097542487981  0.0329509939086  0.00971967083602  
0.0148489458881  0.0504370787116  0.149722492569  0.415575078445  1.08225470081  2.6394108631  6.0133763684  12.764494375  25.1674749221  45.9150577326  77.0785797559  117.980769972  162.015554209  193.943349993  193.943349993  162.015554209  117.980769972  77.0785797559  45.9150577326  25.1674749221  12.764494375  6.0133763684  2.6394108631  1.08225470081  0.415575078445  0.149722492569  0.0504370787116  0.0148489458881  
0.0205149708925  0.0698070676775  0.207760523132  0.57867007786  1.51393215905  3.71483908656  8.53324097199  18.3156111865  36.6642919876  68.2983273496  117.980769972  187.673304579  270.492689553  339.69251554  339.69251554  270.492689553  187.673304579  117.980769972  68.2983273496  36.6642919876  18.3156111865  8.53324097199  3.71483908656  1.51393215905  0.57867007786  0.207760523132  0.0698070676775  0.0205149708925  
0.02552143334  0.0869647024531  0.259357906439  0.724392810439  1.90228027848  4.69157540548  10.852894038  23.5260563591  47.7695883238  90.8709830538  162.015554209  270.492689553  419.393636272  580.304417997  580.304417997  419.393636272  270.492689553  162.015554209  90.8709830538  47.7695883238  23.5260563591  10.852894038  4.69157540548  1.90228027848  0.724392810439  0.259357906439  0.0869647024531  0.02552143334  
0.0284926203412  0.0971651440116  0.290113794645  0.811572665337  2.13581060153  5.28329224892  12.2736837299  26.7718741079  54.8778077427  105.991076932  193.943349993  339.69251554  580.304417997  1000.0  1000.0  580.304417997  339.69251554  193.943349993  105.991076932  54.8778077427  26.7718741079  12.2736837299  5.28329224892  2.13581060153  0.811572665337  0.290113794645  0.0971651440116  0.0284926203412  
0.0284926203412  0.0971651440116  0.290113794645  0.811572665337  2.13581060153  5.28329224892  12.2736837299  26.7718741079  54.8778077427  105.991076932  193.943349993  339.69251554  580.304417997  1000.0  1000.0  580.304417997  339.69251554  193.943349993  105.991076932  54.8778077427  26.7718741079  12.2736837299  5.28329224892  2.13581060153  0.811572665337  0.290113794645  0.0971651440116  0.0284926203412  
0.02552143334  0.0869647024531  0.259357906439  0.724392810439  1.90228027848  4.69157540548  10.852894038  23.5260563591  47.7695883238  90.8709830538  162.015554209  270.492689553  419.393636272  580.304417997  580.304417997  419.393636272  270.492689553  162.015554209  90.8709830538  47.7695883238  23.5260563591  10.852894038  4.69157540548  1.90228027848  0.724392810439  0.259357906439  0.0869647024531  0.02552143334  
0.0205149708925  0.0698070676775  0.207760523132  0.57867007786  1.51393215905  3.71483908656  8.53324097199  18.3156111865  36.6642919876  68.2983273496  117.980769972  187.673304579  270.492689553  339.69251554  339.69251554  270.492689553  187.673304579  117.980769972  68.2983273496  36.6642919876  18.3156111865  8.53324097199  3.71483908656  1.51393215905  0.57867007786  0.207760523132  0.0698070676775  0.0205149708925  
0.0148489458881  0.0504370787116  0.149722492569  0.415575078445  1.08225470081  2.6394108631  6.0133763684  12.764494375  25.1674749221  45.9150577326  77.0785797559  117.980769972  162.015554209  193.943349993  193.943349993  162.015554209  117.980769972  77.0785797559  45.9150577326  25.1674749221  12.764494375  6.0133763684  2.6394108631  1.08225470081  0.415575078445  0.149722492569  0.0504370787116  0.0148489458881  
0.00971967083602  0.0329509939086  0.097542487981  0.26974448774  0.699097573553  1.6942665399  3.82843222424  8.03954824189  15.6298444419  27.9978289593  45.9150577326  68.2983273496  90.8709830538  105.991076932  105.991076932  90.8709830538  68.2983273496  45.9150577326  27.9978289593  15.6298444419  8.03954824189  3.82843222424  1.6942665399  0.699097573553  0.26974448774  0.097542487981  0.0329509939086  0.00971967083602  
0.00578105878135  0.0195615548449  0.0577489209338  0.159127689744  0.410507452312  0.988974651175  2.21781954108  4.61254422519  8.85865122439  15.6298444419  25.1674749221  36.6642919876  47.7695883238  54.8778077427  54.8778077427  47.7695883238  36.6642919876  25.1674749221  15.6298444419  8.85865122439  4.61254422519  2.21781954108  0.988974651175  0.410507452312  0.159127689744  0.0577489209338  0.0195615548449  0.00578105878135  
0.00313963073646  0.0106053107524  0.0312304975953  0.0857748372748  0.2203513005  0.528048533243  1.17630043251  2.42622099207  4.61254422519  8.03954824189  12.764494375  18.3156111865  23.5260563591  26.7718741079  26.7718741079  23.5260563591  18.3156111865  12.764494375  8.03954824189  4.61254422519  2.42622099207  1.17630043251  0.528048533243  0.2203513005  0.0857748372748  0.0312304975953  0.0106053107524  0.00313963073646  
0.00156435272055  0.00527629648305  0.0155038603758  0.0424601829357  0.108681861105  0.259256498398  0.574265370775  1.17630043251  2.21781954108  3.82843222424  6.0133763684  8.53324097199  10.852894038  12.2736837299  12.2736837299  10.852894038  8.53324097199  6.0133763684  3.82843222424  2.21781954108  1.17630043251  0.574265370775  0.259256498398  0.108681861105  0.0424601829357  0.0155038603758  0.00527629648305  0.00156435272055  
0.000718369953005  0.00241995716304  0.00709791676559  0.0193924439169  0.0494856148553  0.11759507438  0.259256498398  0.528048533243  0.988974651175  1.6942665399  2.6394108631  3.71483908656  4.69157540548  5.28329224892  5.28329224892  4.69157540548  3.71483908656  2.6394108631  1.6942665399  0.988974651175  0.528048533243  0.259256498398  0.11759507438  0.0494856148553  0.0193924439169  0.00709791676559  0.00241995716304  0.000718369953005  
0.000305329388017  0.00102757117558  0.00300959141147  0.00820665712669  0.0208894842228  0.0494856148553  0.108681861105  0.2203513005  0.410507452312  0.699097573553  1.08225470081  1.51393215905  1.90228027848  2.13581060153  2.13581060153  1.90228027848  1.51393215905  1.08225470081  0.699097573553  0.410507452312  0.2203513005  0.108681861105  0.0494856148553  0.0208894842228  0.00820665712669  0.00300959141147  0.00102757117558  0.000305329388017  
0.00012058631456  0.000405546409954  0.00118648458995  0.00323046049353  0.00820665712669  0.0193924439169  0.0424601829357  0.0857748372748  0.159127689744  0.26974448774  0.415575078445  0.57867007786  0.724392810439  0.811572665337  0.811572665337  0.724392810439  0.57867007786  0.415575078445  0.26974448774  0.159127689744  0.0857748372748  0.0424601829357  0.0193924439169  0.00820665712669  0.00323046049353  0.00118648458995  0.000405546409954  0.00012058631456  
4.43920867068e-05  0.000149229758958  0.000436259968562  0.00118648458995  0.00300959141147  0.00709791676559  0.0155038603758  0.0312304975953  0.0577489209338  0.097542487981  0.149722492569  0.207760523132  0.259357906439  0.290113794645  0.290113794645  0.259357906439  0.207760523132  0.149722492569  0.097542487981  0.0577489209338  0.0312304975953  0.0155038603758  0.00709791676559  0.00300959141147  0.00118648458995  0.000436259968562  0.000149229758958  4.43920867068e-05  
1.5195484818e-05  5.10703431302e-05  0.000149229758958  0.000405546409954  0.00102757117558  0.00241995716304  0.00527629648305  0.0106053107524  0.0195615548449  0.0329509939086  0.0504370787116  0.0698070676775  0.0869647024531  0.0971651440116  0.0971651440116  0.0869647024531  0.0698070676775  0.0504370787116  0.0329509939086  0.0195615548449  0.0106053107524  0.00527629648305  0.00241995716304  0.00102757117558  0.000405546409954  0.000149229758958  5.10703431302e-05  1.5195484818e-05  
4.52148759359e-06  1.5195484818e-05  4.43920867068e-05  0.00012058631456  0.000305329388017  0.000718369953005  0.00156435272055  0.00313963073646  0.00578105878135  0.00971967083602  0.0148489458881  0.0205149708925  0.02552143334  0.0284926203412  0.0284926203412  0.02552143334  0.0205149708925  0.0148489458881  0.00971967083602  0.00578105878135  0.00313963073646  0.00156435272055  0.000718369953005  0.000305329388017  0.00012058631456  4.43920867068e-05  1.5195484818e-05  4.52148759359e-06  
