0.255151399708  0.533373705912  0.856510377465  1.24370113553  1.70948399249  2.26145209654  2.89765464139  3.60418173369  4.35361050552  5.10513045211  5.8070999002  6.40240710847  6.83628436653  7.0652798492  7.0652798492  6.83628436653  6.40240710847  5.8070999002  5.10513045211  4.35361050552  3.60418173369  2.89765464139  2.26145209654  1.70948399249  1.24370113553  0.856510377465  0.533373705912  0.255151399708  
0.533373705912  1.11571276866  1.79352875291  2.60787708581  3.59041160058  4.75840757156  6.10911020187  7.61430801776  9.21657517048  10.8290031151  12.3402034731  13.6256368561  14.5647494983  15.0611770211  15.0611770211  14.5647494983  13.6256368561  12.3402034731  10.8290031151  9.21657517048  7.61430801776  6.10911020187  4.75840757156  3.59041160058  2.60787708581  1.79352875291  1.11571276866  0.533373705912  
0.856510377465  1.79352875291  2.88792602763  4.20834927321  5.80896795089  7.72130625715  9.94462248905  12.436204418  15.1039421506  17.8043672316  20.3495831145  22.525585012  24.1218644585  24.9679535495  24.9679535495  24.1218644585  22.525585012  20.3495831145  17.8043672316  15.1039421506  12.436204418  9.94462248905  7.72130625715  5.80896795089  4.20834927321  2.88792602763  1.79352875291  0.856510377465  
1.24370113553  2.60787708581  4.20834927321  6.15013410246  8.51859631237  11.3673374951  14.7032361213  18.4704095245  22.5365094607  26.686413076  30.6294122424  34.0253751985  36.5317129134  37.865526845  37.865526845  36.5317129134  34.0253751985  30.6294122424  26.686413076  22.5365094607  18.4704095245  14.7032361213  11.3673374951  8.51859631237  6.15013410246  4.20834927321  2.60787708581  1.24370113553  
1.70948399249  3.59041160058  5.80896795089  8.51859631237  11.8484069412  15.8863307484  20.6570948831  26.0969247695  32.0293707886  38.1496665385  44.0278647661  49.1419855248  52.9485814923  54.9860998794  54.9860998794  52.9485814923  49.1419855248  44.0278647661  38.1496665385  32.0293707886  26.0969247695  20.6570948831  15.8863307484  11.8484069412  8.51859631237  5.80896795089  3.59041160058  1.70948399249  
2.26145209654  4.75840757156  7.72130625715  11.3673374951  15.8863307484  21.4186532766  28.0243493303  35.6449172424  44.0625116856  52.8662880237  61.4418171269  69.0050267307  74.7015530527  77.7761047918  77.7761047918  74.7015530527  69.0050267307  61.4418171269  52.8662880237  44.0625116856  35.6449172424  28.0243493303  21.4186532766  15.8863307484  11.3673374951  7.72130625715  4.75840757156  2.26145209654  
2.89765464139  6.10911020187  9.94462248905  14.7032361213  20.6570948831  28.0243493303  36.9283300489  47.3426793426  59.0259678557  71.4562556417  83.7874376313  94.8645955546  103.347929517  107.982970572  107.982970572  103.347929517  94.8645955546  83.7874376313  71.4562556417  59.0259678557  47.3426793426  36.9283300489  28.0243493303  20.6570948831  14.7032361213  9.94462248905  6.10911020187  2.89765464139  
3.60418173369  7.61430801776  12.436204418  18.4704095245  26.0969247695  35.6449172424  47.3426793426  61.2440803871  77.1305484277  94.3949729028  111.930654717  128.080479053  140.747901771  147.799950577  147.799950577  140.747901771  128.080479053  111.930654717  94.3949729028  77.1305484277  61.2440803871  47.3426793426  35.6449172424  26.0969247695  18.4704095245  12.436204418  7.61430801776  3.60418173369  
4.35361050552  9.21657517048  15.1039421506  22.5365094607  32.0293707886  44.0625116856  59.0259678557  77.1305484277  98.2740109859  121.855223913  146.544648232  170.068703834  189.177848011  200.140643933  200.140643933  189.177848011  170.068703834  146.544648232  121.855223913  98.2740109859  77.1305484277  59.0259678557  44.0625116856  32.0293707886  22.5365094607  15.1039421506  9.21657517048  4.35361050552  
5.10513045211  10.8290031151  17.8043672316  26.686413076  38.1496665385  52.8662880237  71.4562556417  94.3949729028  121.855223913  153.448667382  187.826206296  222.132716517  251.491475864  269.20672147  269.20672147  251.491475864  222.132716517  187.826206296  153.448667382  121.855223913  94.3949729028  71.4562556417  52.8662880237  38.1496665385  26.686413076  17.8043672316  10.8290031151  5.10513045211  
5.8070999002  12.3402034731  20.3495831145  30.6294122424  44.0278647661  61.4418171269  83.7874376313  111.930654717  146.544648232  187.826206296  234.938879199  284.971545712  331.257013977  361.756626064  361.756626064  331.257013977  284.971545712  234.938879199  187.826206296  146.544648232  111.930654717  83.7874376313  61.4418171269  44.0278647661  30.6294122424  20.3495831145  12.3402034731  5.8070999002  
6.40240710847  13.6256368561  22.525585012  34.0253751985  49.1419855248  69.0050267307  94.8645955546  128.080479053  170.068703834  222.132716517  284.971545712  357.312119482  432.373987402  490.202486944  490.202486944  432.373987402  357.312119482  284.971545712  222.132716517  170.068703834  128.080479053  94.8645955546  69.0050267307  49.1419855248  34.0253751985  22.525585012  13.6256368561  6.40240710847  
6.83628436653  14.5647494983  24.1218644585  36.5317129134  52.9485814923  74.7015530527  103.347929517  140.747901771  189.177848011  251.491475864  331.257013977  432.373987402  555.684984058  680.994830225  680.994830225  555.684984058  432.373987402  331.257013977  251.491475864  189.177848011  140.747901771  103.347929517  74.7015530527  52.9485814923  36.5317129134  24.1218644585  14.5647494983  6.83628436653  
7.0652798492  15.0611770211  24.9679535495  37.865526845  54.9860998794  77.7761047918  107.982970572  147.799950577  200.140643933  269.20672147  361.756626064  490.202486944  680.994830225  1000.0  1000.0  680.994830225  490.202486944  361.756626064  269.20672147  200.140643933  147.799950577  107.982970572  77.7761047918  54.9860998794  37.865526845  24.9679535495  15.0611770211  7.0652798492  
7.0652798492  15.0611770211  24.9679535495  37.865526845  54.9860998794  77.7761047918  107.982970572  147.799950577  200.140643933  269.20672147  361.756626064  490.202486944  680.994830225  1000.0  1000.0  680.994830225  490.202486944  361.756626064  269.20672147  200.140643933  147.799950577  107.982970572  77.7761047918  54.9860998794  37.865526845  24.9679535495  15.0611770211  7.0652798492  
6.83628436653  14.5647494983  24.1218644585  36.5317129134  52.9485814923  74.7015530527  103.347929517  140.747901771  189.177848011  251.491475864  331.257013977  432.373987402  555.684984058  680.994830225  680.994830225  555.684984058  432.373987402  331.257013977  251.491475864  189.177848011  140.747901771  103.347929517  74.7015530527  52.9485814923  36.5317129134  24.1218644585  14.5647494983  6.83628436653  
6.40240710847  13.6256368561  22.525585012  34.0253751985  49.1419855248  69.0050267307  94.8645955546  128.080479053  170.068703834  222.132716517  284.971545712  357.312119482  432.373987402  490.202486944  490.202486944  432.373987402  357.312119482  284.971545712  222.132716517  170.068703834  128.080479053  94.8645955546  69.0050267307  49.1419855248  34.0253751985  22.525585012  13.6256368561  6.40240710847  
5.8070999002  12.3402034731  20.3495831145  30.6294122424  44.0278647661  61.4418171269  83.7874376313  111.930654717  146.544648232  187.826206296  234.938879199  284.971545712  331.257013977  361.756626064  361.756626064  331.257013977  284.971545712  234.938879199  187.826206296  146.544648232  111.930654717  83.7874376313  61.4418171269  44.0278647661  30.6294122424  20.3495831145  12.3402034731  5.8070999002  
5.10513045211  10.8290031151  17.8043672316  26.686413076  38.1496665385  52.8662880237  71.4562556417  94.3949729028  121.855223913  153.448667382  187.826206296  222.132716517  251.491475864  269.20672147  269.20672147  251.491475864  222.132716517  187.826206296  153.448667382  121.855223913  94.3949729028  71.4562556417  52.8662880237  38.1496665385  26.686413076  17.8043672316  10.8290031151  5.10513045211  
4.35361050552  9.21657517048  15.1039421506  22.5365094607  32.0293707886  44.0625116856  59.0259678557  77.1305484277  98.2740109859  121.855223913  146.544648232  170.068703834  189.177848011  200.140643933  200.140643933  189.177848011  170.068703834  146.544648232  121.855223913  98.2740109859  77.1305484277  59.0259678557  44.0625116856  32.0293707886  22.5365094607  15.1039421506  9.21657517048  4.35361050552  
3.60418173369  7.61430801776  12.436204418  18.4704095245  26.0969247695  35.6449172424  47.3426793426  61.2440803871  77.1305484277  94.3949729028  111.930654717  128.080479053  140.747901771  147.799950577  147.799950577  140.747901771  128.080479053  111.930654717  94.3949729028  77.1305484277  61.2440803871  47.3426793426  35.6449172424  26.0969247695  18.4704095245  12.436204418  7.61430801776  3.60418173369  
2.89765464139  6.10911020187  9.94462248905  14.7032361213  20.6570948831  28.0243493303  36.9283300489  47.3426793426  59.0259678557  71.4562556417  83.7874376313  94.8645955546  103.347929517  107.982970572  107.982970572  103.347929517  94.8645955546  83.7874376313  71.4562556417  59.0259678557  47.3426793426  36.9283300489  28.0243493303  20.6570948831  14.7032361213  9.94462248905  6.10911020187  2.89765464139  
2.26145209654  4.75840757156  7.72130625715  11.3673374951  15.8863307484  21.4186532766  28.0243493303  35.6449172424  44.0625116856  52.8662880237  61.4418171269  69.0050267307  74.7015530527  77.7761047918  77.7761047918  74.7015530527  69.0050267307  61.4418171269  52.8662880237  44.0625116856  35.6449172424  28.0243493303  21.4186532766  15.8863307484  11.3673374951  7.72130625715  4.75840757156  2.26145209654  
1.70948399249  3.59041160058  5.80896795089  8.51859631237  11.8484069412  15.8863307484  20.6570948831  26.0969247695  32.0293707886  38.1496665385  44.0278647661  49.1419855248  52.9485814923  54.9860998794  54.9860998794  52.9485814923  49.1419855248  44.0278647661  38.1496665385  32.0293707886  26.0969247695  20.6570948831  15.8863307484  11.8484069412  8.51859631237  5.80896795089  3.59041160058  1.70948399249  
1.24370113553  2.60787708581  4.20834927321  6.15013410246  8.51859631237  11.3673374951  14.7032361213  18.4704095245  22.5365094607  26.686413076  30.6294122424  34.0253751985  36.5317129134  37.865526845  37.865526845  36.5317129134  34.0253751985  30.6294122424  26.686413076  22.5365094607  18.4704095245  14.7032361213  11.3673374951  8.51859631237  6.15013410246  4.20834927321  2.60787708581  1.24370113553  
0.856510377465  1.79352875291  2.88792602763  4.20834927321  5.80896795089  7.72130625715  9.94462248905  12.436204418  15.1039421506  17.8043672316  20.3495831145  22.525585012  24.1218644585  24.9679535495  24.9679535495  24.1218644585  22.525585012  20.3495831145  17.8043672316  15.1039421506  12.436204418  9.94462248905  7.72130625715  5.80896795089  4.20834927321  2.88792602763  1.79352875291  0.856510377465  
0.533373705912  1.11571276866  1.79352875291  2.60787708581  3.59041160058  4.75840757156  6.10911020187  7.61430801776  9.21657517048  10.8290031151  12.3402034731  13.6256368561  14.5647494983  15.0611770211  15.0611770211  14.5647494983  13.6256368561  12.3402034731  10.8290031151  9.21657517048  7.61430801776  6.10911020187  4.75840757156  3.59041160058  2.60787708581  1.79352875291  1.11571276866  0.533373705912  
0.255151399708  0.533373705912  0.856510377465  1.24370113553  1.70948399249  2.26145209654  2.89765464139  3.60418173369  4.35361050552  5.10513045211  5.8070999002  6.40240710847  6.83628436653  7.0652798492  7.0652798492  6.83628436653  6.40240710847  5.8070999002  5.10513045211  4.35361050552  3.60418173369  2.89765464139  2.26145209654  1.70948399249  1.24370113553  0.856510377465  0.533373705912  0.255151399708  
