0.379171239619  0.784642327721  1.24092243042  1.76875511235  2.38284636329  3.08932154737  3.88313178922  4.74585465273  5.64453945246  6.53235678136  7.35172356422  8.04019232995  8.53868644744  8.80075584405  8.80075584405  8.53868644744  8.04019232995  7.35172356422  6.53235678136  5.64453945246  4.74585465273  3.88313178922  3.08932154737  2.38284636329  1.76875511235  1.24092243042  0.784642327721  0.379171239619  
0.784642327721  1.62466514376  2.57185181477  3.67037699203  4.95211034306  6.43124924286  8.09870086231  9.91712084353  11.8179924641  13.7024395581  15.4473805052  16.917895915  17.9851530221  18.5470938621  18.5470938621  17.9851530221  16.917895915  15.4473805052  13.7024395581  11.8179924641  9.91712084353  8.09870086231  6.43124924286  4.95211034306  3.67037699203  2.57185181477  1.62466514376  0.784642327721  
1.24092243042  2.57185181477  4.07740207192  5.83066447066  7.88582124598  10.2694165302  12.9708436176  15.9334245116  19.0483383486  22.1543705921  25.0466112662  27.4962913626  29.2814248026  30.2238499202  30.2238499202  29.2814248026  27.4962913626  25.0466112662  22.1543705921  19.0483383486  15.9334245116  12.9708436176  10.2694165302  7.88582124598  5.83066447066  4.07740207192  2.57185181477  1.24092243042  
1.76875511235  3.67037699203  5.83066447066  8.36008783014  11.3434212555  14.8269282136  18.8036539479  23.1985988314  27.8570197439  32.540584496  36.9370165118  40.6882125273  43.4383053999  44.895985285  44.895985285  43.4383053999  40.6882125273  36.9370165118  32.540584496  27.8570197439  23.1985988314  18.8036539479  14.8269282136  11.3434212555  8.36008783014  5.83066447066  3.67037699203  1.76875511235  
2.38284636329  4.95211034306  7.88582124598  11.3434212555  15.452256639  20.2899236403  25.8627331823  32.0821999866  38.7437176468  45.5143347588  51.9391778817  57.4769861959  61.5715685497  63.7544588784  63.7544588784  61.5715685497  57.4769861959  51.9391778817  45.5143347588  38.7437176468  32.0821999866  25.8627331823  20.2899236403  15.452256639  11.3434212555  7.88582124598  4.95211034306  2.38284636329  
3.08932154737  6.43124924286  10.2694165302  14.8269282136  20.2899236403  26.7845998962  34.347181399  42.8882424694  52.1558609499  61.7066463125  70.8995592685  78.9327798306  84.9434604116  88.1746401953  88.1746401953  84.9434604116  78.9327798306  70.8995592685  61.7066463125  52.1558609499  42.8882424694  34.347181399  26.7845998962  20.2899236403  14.8269282136  10.2694165302  6.43124924286  3.08932154737  
3.88313178922  8.09870086231  12.9708436176  18.8036539479  25.8627331823  34.347181399  44.3500379419  55.8069106625  68.4359664893  81.6788980248  94.6633314816  106.222073548  115.016849003  119.803110252  119.803110252  115.016849003  106.222073548  94.6633314816  81.6788980248  68.4359664893  55.8069106625  44.3500379419  34.347181399  25.8627331823  18.8036539479  12.9708436176  8.09870086231  3.88313178922  
4.74585465273  9.91712084353  15.9334245116  23.1985988314  32.0821999866  42.8882424694  55.8069106625  70.8456107419  87.7380758226  105.836994086  124.011610953  140.602892692  153.534383525  160.705583205  160.705583205  153.534383525  140.602892692  124.011610953  105.836994086  87.7380758226  70.8456107419  55.8069106625  42.8882424694  32.0821999866  23.1985988314  15.9334245116  9.91712084353  4.74585465273  
5.64453945246  11.8179924641  19.0483383486  27.8570197439  38.7437176468  52.1558609499  68.4359664893  87.7380758226  109.902999211  134.284136859  159.53057957  183.381964706  202.639341237  213.645701943  213.645701943  202.639341237  183.381964706  159.53057957  134.284136859  109.902999211  87.7380758226  68.4359664893  52.1558609499  38.7437176468  27.8570197439  19.0483383486  11.8179924641  5.64453945246  
6.53235678136  13.7024395581  22.1543705921  32.540584496  45.5143347588  61.7066463125  81.6788980248  105.836994086  134.284136859  166.577132109  201.344788828  235.7617174  265.046312615  282.653842415  282.653842415  265.046312615  235.7617174  201.344788828  166.577132109  134.284136859  105.836994086  81.6788980248  61.7066463125  45.5143347588  32.540584496  22.1543705921  13.7024395581  6.53235678136  
7.35172356422  15.4473805052  25.0466112662  36.9370165118  51.9391778817  70.8995592685  94.6633314816  124.011610953  159.53057957  201.344788828  248.583739128  298.372425688  344.190228174  374.283834858  374.283834858  344.190228174  298.372425688  248.583739128  201.344788828  159.53057957  124.011610953  94.6633314816  70.8995592685  51.9391778817  36.9370165118  25.0466112662  15.4473805052  7.35172356422  
8.04019232995  16.917895915  27.4962913626  40.6882125273  57.4769861959  78.9327798306  106.222073548  140.602892692  183.381964706  235.7617174  298.372425688  369.946389546  443.866555808  500.660116303  500.660116303  443.866555808  369.946389546  298.372425688  235.7617174  183.381964706  140.602892692  106.222073548  78.9327798306  57.4769861959  40.6882125273  27.4962913626  16.917895915  8.04019232995  
8.53868644744  17.9851530221  29.2814248026  43.4383053999  61.5715685497  84.9434604116  115.016849003  153.534383525  202.639341237  265.046312615  344.190228174  443.866555808  564.929626043  687.703082885  687.703082885  564.929626043  443.866555808  344.190228174  265.046312615  202.639341237  153.534383525  115.016849003  84.9434604116  61.5715685497  43.4383053999  29.2814248026  17.9851530221  8.53868644744  
8.80075584405  18.5470938621  30.2238499202  44.895985285  63.7544588784  88.1746401953  119.803110252  160.705583205  213.645701943  282.653842415  374.283834858  500.660116303  687.703082885  1000.0  1000.0  687.703082885  500.660116303  374.283834858  282.653842415  213.645701943  160.705583205  119.803110252  88.1746401953  63.7544588784  44.895985285  30.2238499202  18.5470938621  8.80075584405  
8.80075584405  18.5470938621  30.2238499202  44.895985285  63.7544588784  88.1746401953  119.803110252  160.705583205  213.645701943  282.653842415  374.283834858  500.660116303  687.703082885  1000.0  1000.0  687.703082885  500.660116303  374.283834858  282.653842415  213.645701943  160.705583205  119.803110252  88.1746401953  63.7544588784  44.895985285  30.2238499202  18.5470938621  8.80075584405  
8.53868644744  17.9851530221  29.2814248026  43.4383053999  61.5715685497  84.9434604116  115.016849003  153.534383525  202.639341237  265.046312615  344.190228174  443.866555808  564.929626043  687.703082885  687.703082885  564.929626043  443.866555808  344.190228174  265.046312615  202.639341237  153.534383525  115.016849003  84.9434604116  61.5715685497  43.4383053999  29.2814248026  17.9851530221  8.53868644744  
8.04019232995  16.917895915  27.4962913626  40.6882125273  57.4769861959  78.9327798306  106.222073548  140.602892692  183.381964706  235.7617174  298.372425688  369.946389546  443.866555808  500.660116303  500.660116303  443.866555808  369.946389546  298.372425688  235.7617174  183.381964706  140.602892692  106.222073548  78.9327798306  57.4769861959  40.6882125273  27.4962913626  16.917895915  8.04019232995  
7.35172356422  15.4473805052  25.0466112662  36.9370165118  51.9391778817  70.8995592685  94.6633314816  124.011610953  159.53057957  201.344788828  248.583739128  298.372425688  344.190228174  374.283834858  374.283834858  344.190228174  298.372425688  248.583739128  201.344788828  159.53057957  124.011610953  94.6633314816  70.8995592685  51.9391778817  36.9370165118  25.0466112662  15.4473805052  7.35172356422  
6.53235678136  13.7024395581  22.1543705921  32.540584496  45.5143347588  61.7066463125  81.6788980248  105.836994086  134.284136859  166.577132109  201.344788828  235.7617174  265.046312615  282.653842415  282.653842415  265.046312615  235.7617174  201.344788828  166.577132109  134.284136859  105.836994086  81.6788980248  61.7066463125  45.5143347588  32.540584496  22.1543705921  13.7024395581  6.53235678136  
5.64453945246  11.8179924641  19.0483383486  27.8570197439  38.7437176468  52.1558609499  68.4359664893  87.7380758226  109.902999211  134.284136859  159.53057957  183.381964706  202.639341237  213.645701943  213.645701943  202.639341237  183.381964706  159.53057957  134.284136859  109.902999211  87.7380758226  68.4359664893  52.1558609499  38.7437176468  27.8570197439  19.0483383486  11.8179924641  5.64453945246  
4.74585465273  9.91712084353  15.9334245116  23.1985988314  32.0821999866  42.8882424694  55.8069106625  70.8456107419  87.7380758226  105.836994086  124.011610953  140.602892692  153.534383525  160.705583205  160.705583205  153.534383525  140.602892692  124.011610953  105.836994086  87.7380758226  70.8456107419  55.8069106625  42.8882424694  32.0821999866  23.1985988314  15.9334245116  9.91712084353  4.74585465273  
3.88313178922  8.09870086231  12.9708436176  18.8036539479  25.8627331823  34.347181399  44.3500379419  55.8069106625  68.4359664893  81.6788980248  94.6633314816  106.222073548  115.016849003  119.803110252  119.803110252  115.016849003  106.222073548  94.6633314816  81.6788980248  68.4359664893  55.8069106625  44.3500379419  34.347181399  25.8627331823  18.8036539479  12.9708436176  8.09870086231  3.88313178922  
3.08932154737  6.43124924286  10.2694165302  14.8269282136  20.2899236403  26.7845998962  34.347181399  42.8882424694  52.1558609499  61.7066463125  70.8995592685  78.9327798306  84.9434604116  88.1746401953  88.1746401953  84.9434604116  78.9327798306  70.8995592685  61.7066463125  52.1558609499  42.8882424694  34.347181399  26.7845998962  20.2899236403  14.8269282136  10.2694165302  6.43124924286  3.08932154737  
2.38284636329  4.95211034306  7.88582124598  11.3434212555  15.452256639  20.2899236403  25.8627331823  32.0821999866  38.7437176468  45.5143347588  51.9391778817  57.4769861959  61.5715685497  63.7544588784  63.7544588784  61.5715685497  57.4769861959  51.9391778817  45.5143347588  38.7437176468  32.0821999866  25.8627331823  20.2899236403  15.452256639  11.3434212555  7.88582124598  4.95211034306  2.38284636329  
1.76875511235  3.67037699203  5.83066447066  8.36008783014  11.3434212555  14.8269282136  18.8036539479  23.1985988314  27.8570197439  32.540584496  36.9370165118  40.6882125273  43.4383053999  44.895985285  44.895985285  43.4383053999  40.6882125273  36.9370165118  32.540584496  27.8570197439  23.1985988314  18.8036539479  14.8269282136  11.3434212555  8.36008783014  5.83066447066  3.67037699203  1.76875511235  
1.24092243042  2.57185181477  4.07740207192  5.83066447066  7.88582124598  10.2694165302  12.9708436176  15.9334245116  19.0483383486  22.1543705921  25.0466112662  27.4962913626  29.2814248026  30.2238499202  30.2238499202  29.2814248026  27.4962913626  25.0466112662  22.1543705921  19.0483383486  15.9334245116  12.9708436176  10.2694165302  7.88582124598  5.83066447066  4.07740207192  2.57185181477  1.24092243042  
0.784642327721  1.62466514376  2.57185181477  3.67037699203  4.95211034306  6.43124924286  8.09870086231  9.91712084353  11.8179924641  13.7024395581  15.4473805052  16.917895915  17.9851530221  18.5470938621  18.5470938621  17.9851530221  16.917895915  15.4473805052  13.7024395581  11.8179924641  9.91712084353  8.09870086231  6.43124924286  4.95211034306  3.67037699203  2.57185181477  1.62466514376  0.784642327721  
0.379171239619  0.784642327721  1.24092243042  1.76875511235  2.38284636329  3.08932154737  3.88313178922  4.74585465273  5.64453945246  6.53235678136  7.35172356422  8.04019232995  8.53868644744  8.80075584405  8.80075584405  8.53868644744  8.04019232995  7.35172356422  6.53235678136  5.64453945246  4.74585465273  3.88313178922  3.08932154737  2.38284636329  1.76875511235  1.24092243042  0.784642327721  0.379171239619  
