0.480769528119  0.989307526013  1.55125458575  2.18785655438  2.91348580769  3.73300600971  4.63921475981  5.61080377156  6.61146163309  7.59083642951  8.48797810603  9.23750069454  9.77801363452  10.0614895996  10.0614895996  9.77801363452  9.23750069454  8.48797810603  7.59083642951  6.61146163309  5.61080377156  4.63921475981  3.73300600971  2.91348580769  2.18785655438  1.55125458575  0.989307526013  0.480769528119  
0.989307526013  2.03686333038  3.19663945125  4.51373392547  6.01926331964  7.7248193175  9.61693778207  11.6524755563  13.756224658  15.8223665979  17.7212637818  19.3123565204  20.4624408082  21.0665251902  21.0665251902  20.4624408082  19.3123565204  17.7212637818  15.8223665979  13.756224658  11.6524755563  9.61693778207  7.7248193175  6.01926331964  4.51373392547  3.19663945125  2.03686333038  0.989307526013  
1.55125458575  3.19663945125  5.02386154964  7.10719003819  9.49945876538  12.2230936332  15.2607667284  18.5470321052  21.9631098216  25.3376394981  28.456346267  31.0826319199  32.9886460658  33.9924295944  33.9924295944  32.9886460658  31.0826319199  28.456346267  25.3376394981  21.9631098216  18.5470321052  15.2607667284  12.2230936332  9.49945876538  7.10719003819  5.02386154964  3.19663945125  1.55125458575  
2.18785655438  4.51373392547  7.10719003819  10.0798690498  13.5143289515  17.4509398009  21.8734667575  26.6950794664  31.7479008326  36.7805924351  41.4693267613  45.4468480804  48.3509111313  49.8864203146  49.8864203146  48.3509111313  45.4468480804  41.4693267613  36.7805924351  31.7479008326  26.6950794664  21.8734667575  17.4509398009  13.5143289515  10.0798690498  7.10719003819  4.51373392547  2.18785655438  
2.91348580769  6.01926331964  9.49945876538  13.5143289515  18.1877602271  23.5893125815  29.7131549241  36.4557547111  43.5962986409  50.7864353454  57.5584594795  63.3619592597  67.6354224134  69.9080723018  69.9080723018  67.6354224134  63.3619592597  57.5584594795  50.7864353454  43.5962986409  36.4557547111  29.7131549241  23.5893125815  18.1877602271  13.5143289515  9.49945876538  6.01926331964  2.91348580769  
3.73300600971  7.7248193175  12.2230936332  17.4509398009  23.5893125815  30.7537459289  38.9650357858  48.1152316556  57.933181251  67.9582380098  77.5364393332  85.8587166826  92.0603884456  95.3860752569  95.3860752569  92.0603884456  85.8587166826  77.5364393332  67.9582380098  57.933181251  48.1152316556  38.9650357858  30.7537459289  23.5893125815  17.4509398009  12.2230936332  7.7248193175  3.73300600971  
4.63921475981  9.61693778207  15.2607667284  21.8734667575  29.7131549241  38.9650357858  49.7028526348  61.8397634207  75.0715512764  88.8212524091  102.204847857  114.052349434  123.030810036  127.905200366  127.905200366  123.030810036  114.052349434  102.204847857  88.8212524091  75.0715512764  61.8397634207  49.7028526348  38.9650357858  29.7131549241  21.8734667575  15.2607667284  9.61693778207  4.63921475981  
5.61080377156  11.6524755563  18.5470321052  26.6950794664  36.4557547111  48.1152316556  61.8397634207  77.6096396942  95.1325290688  113.741111667  132.295472223  149.141323012  162.220112043  169.455758978  169.455758978  162.220112043  149.141323012  132.295472223  113.741111667  95.1325290688  77.6096396942  61.8397634207  48.1152316556  36.4557547111  26.6950794664  18.5470321052  11.6524755563  5.61080377156  
6.61146163309  13.756224658  21.9631098216  31.7479008326  43.5962986409  57.933181251  75.0715512764  95.1325290688  117.925958111  142.782947987  168.346144384  192.370414922  211.69481533  222.714035971  222.714035971  211.69481533  192.370414922  168.346144384  142.782947987  117.925958111  95.1325290688  75.0715512764  57.933181251  43.5962986409  31.7479008326  21.9631098216  13.756224658  6.61146163309  
7.59083642951  15.8223665979  25.3376394981  36.7805924351  50.7864353454  67.9582380098  88.8212524091  113.741111667  142.782947987  175.476261543  210.4437853  244.886519217  274.089782585  291.610046306  291.610046306  274.089782585  244.886519217  210.4437853  175.476261543  142.782947987  113.741111667  88.8212524091  67.9582380098  50.7864353454  36.7805924351  25.3376394981  15.8223665979  7.59083642951  
8.48797810603  17.7212637818  28.456346267  41.4693267613  57.5584594795  77.5364393332  102.204847857  132.295472223  168.346144384  210.4437853  257.704717596  307.284641598  352.762944482  382.574259667  382.574259667  352.762944482  307.284641598  257.704717596  210.4437853  168.346144384  132.295472223  102.204847857  77.5364393332  57.5584594795  41.4693267613  28.456346267  17.7212637818  8.48797810603  
9.23750069454  19.3123565204  31.0826319199  45.4468480804  63.3619592597  85.8587166826  114.052349434  149.141323012  192.370414922  244.886519217  307.284641598  378.307680189  451.448736379  507.549850696  507.549850696  451.448736379  378.307680189  307.284641598  244.886519217  192.370414922  149.141323012  114.052349434  85.8587166826  63.3619592597  45.4468480804  31.0826319199  19.3123565204  9.23750069454  
9.77801363452  20.4624408082  32.9886460658  48.3509111313  67.6354224134  92.0603884456  123.030810036  162.220112043  211.69481533  274.089782585  352.762944482  451.448736379  571.011393068  692.111259433  692.111259433  571.011393068  451.448736379  352.762944482  274.089782585  211.69481533  162.220112043  123.030810036  92.0603884456  67.6354224134  48.3509111313  32.9886460658  20.4624408082  9.77801363452  
10.0614895996  21.0665251902  33.9924295944  49.8864203146  69.9080723018  95.3860752569  127.905200366  169.455758978  222.714035971  291.610046306  382.574259667  507.549850696  692.111259433  1000.0  1000.0  692.111259433  507.549850696  382.574259667  291.610046306  222.714035971  169.455758978  127.905200366  95.3860752569  69.9080723018  49.8864203146  33.9924295944  21.0665251902  10.0614895996  
10.0614895996  21.0665251902  33.9924295944  49.8864203146  69.9080723018  95.3860752569  127.905200366  169.455758978  222.714035971  291.610046306  382.574259667  507.549850696  692.111259433  1000.0  1000.0  692.111259433  507.549850696  382.574259667  291.610046306  222.714035971  169.455758978  127.905200366  95.3860752569  69.9080723018  49.8864203146  33.9924295944  21.0665251902  10.0614895996  
9.77801363452  20.4624408082  32.9886460658  48.3509111313  67.6354224134  92.0603884456  123.030810036  162.220112043  211.69481533  274.089782585  352.762944482  451.448736379  571.011393068  692.111259433  692.111259433  571.011393068  451.448736379  352.762944482  274.089782585  211.69481533  162.220112043  123.030810036  92.0603884456  67.6354224134  48.3509111313  32.9886460658  20.4624408082  9.77801363452  
9.23750069454  19.3123565204  31.0826319199  45.4468480804  63.3619592597  85.8587166826  114.052349434  149.141323012  192.370414922  244.886519217  307.284641598  378.307680189  451.448736379  507.549850696  507.549850696  451.448736379  378.307680189  307.284641598  244.886519217  192.370414922  149.141323012  114.052349434  85.8587166826  63.3619592597  45.4468480804  31.0826319199  19.3123565204  9.23750069454  
8.48797810603  17.7212637818  28.456346267  41.4693267613  57.5584594795  77.5364393332  102.204847857  132.295472223  168.346144384  210.4437853  257.704717596  307.284641598  352.762944482  382.574259667  382.574259667  352.762944482  307.284641598  257.704717596  210.4437853  168.346144384  132.295472223  102.204847857  77.5364393332  57.5584594795  41.4693267613  28.456346267  17.7212637818  8.48797810603  
7.59083642951  15.8223665979  25.3376394981  36.7805924351  50.7864353454  67.9582380098  88.8212524091  113.741111667  142.782947987  175.476261543  210.4437853  244.886519217  274.089782585  291.610046306  291.610046306  274.089782585  244.886519217  210.4437853  175.476261543  142.782947987  113.741111667  88.8212524091  67.9582380098  50.7864353454  36.7805924351  25.3376394981  15.8223665979  7.59083642951  
6.61146163309  13.756224658  21.9631098216  31.7479008326  43.5962986409  57.933181251  75.0715512764  95.1325290688  117.925958111  142.782947987  168.346144384  192.370414922  211.69481533  222.714035971  222.714035971  211.69481533  192.370414922  168.346144384  142.782947987  117.925958111  95.1325290688  75.0715512764  57.933181251  43.5962986409  31.7479008326  21.9631098216  13.756224658  6.61146163309  
5.61080377156  11.6524755563  18.5470321052  26.6950794664  36.4557547111  48.1152316556  61.8397634207  77.6096396942  95.1325290688  113.741111667  132.295472223  149.141323012  162.220112043  169.455758978  169.455758978  162.220112043  149.141323012  132.295472223  113.741111667  95.1325290688  77.6096396942  61.8397634207  48.1152316556  36.4557547111  26.6950794664  18.5470321052  11.6524755563  5.61080377156  
4.63921475981  9.61693778207  15.2607667284  21.8734667575  29.7131549241  38.9650357858  49.7028526348  61.8397634207  75.0715512764  88.8212524091  102.204847857  114.052349434  123.030810036  127.905200366  127.905200366  123.030810036  114.052349434  102.204847857  88.8212524091  75.0715512764  61.8397634207  49.7028526348  38.9650357858  29.7131549241  21.8734667575  15.2607667284  9.61693778207  4.63921475981  
3.73300600971  7.7248193175  12.2230936332  17.4509398009  23.5893125815  30.7537459289  38.9650357858  48.1152316556  57.933181251  67.9582380098  77.5364393332  85.8587166826  92.0603884456  95.3860752569  95.3860752569  92.0603884456  85.8587166826  77.5364393332  67.9582380098  57.933181251  48.1152316556  38.9650357858  30.7537459289  23.5893125815  17.4509398009  12.2230936332  7.7248193175  3.73300600971  
2.91348580769  6.01926331964  9.49945876538  13.5143289515  18.1877602271  23.5893125815  29.7131549241  36.4557547111  43.5962986409  50.7864353454  57.5584594795  63.3619592597  67.6354224134  69.9080723018  69.9080723018  67.6354224134  63.3619592597  57.5584594795  50.7864353454  43.5962986409  36.4557547111  29.7131549241  23.5893125815  18.1877602271  13.5143289515  9.49945876538  6.01926331964  2.91348580769  
2.18785655438  4.51373392547  7.10719003819  10.0798690498  13.5143289515  17.4509398009  21.8734667575  26.6950794664  31.7479008326  36.7805924351  41.4693267613  45.4468480804  48.3509111313  49.8864203146  49.8864203146  48.3509111313  45.4468480804  41.4693267613  36.7805924351  31.7479008326  26.6950794664  21.8734667575  17.4509398009  13.5143289515  10.0798690498  7.10719003819  4.51373392547  2.18785655438  
1.55125458575  3.19663945125  5.02386154964  7.10719003819  9.49945876538  12.2230936332  15.2607667284  18.5470321052  21.9631098216  25.3376394981  28.456346267  31.0826319199  32.9886460658  33.9924295944  33.9924295944  32.9886460658  31.0826319199  28.456346267  25.3376394981  21.9631098216  18.5470321052  15.2607667284  12.2230936332  9.49945876538  7.10719003819  5.02386154964  3.19663945125  1.55125458575  
0.989307526013  2.03686333038  3.19663945125  4.51373392547  6.01926331964  7.7248193175  9.61693778207  11.6524755563  13.756224658  15.8223665979  17.7212637818  19.3123565204  20.4624408082  21.0665251902  21.0665251902  20.4624408082  19.3123565204  17.7212637818  15.8223665979  13.756224658  11.6524755563  9.61693778207  7.7248193175  6.01926331964  4.51373392547  3.19663945125  2.03686333038  0.989307526013  
0.480769528119  0.989307526013  1.55125458575  2.18785655438  2.91348580769  3.73300600971  4.63921475981  5.61080377156  6.61146163309  7.59083642951  8.48797810603  9.23750069454  9.77801363452  10.0614895996  10.0614895996  9.77801363452  9.23750069454  8.48797810603  7.59083642951  6.61146163309  5.61080377156  4.63921475981  3.73300600971  2.91348580769  2.18785655438  1.55125458575  0.989307526013  0.480769528119  
