0.327655241284  0.680500894048  1.08214736366  1.55283497692  2.10729757828  2.75228737747  3.48397115788  4.28564296934  5.12641604051  5.96167710832  6.73600525727  7.38887493253  7.8627477993  8.11223652651  8.11223652651  7.8627477993  7.38887493253  6.73600525727  5.96167710832  5.12641604051  4.28564296934  3.48397115788  2.75228737747  2.10729757828  1.55283497692  1.08214736366  0.680500894048  0.327655241284  
0.680500894048  1.41419024145  2.25108568055  3.23439538073  4.39609296002  5.75168179646  7.29454811588  8.99081146254  10.7760835472  12.5558797497  14.211356942  15.6113166703  16.6298644721  17.16694633  17.16694633  16.6298644721  15.6113166703  14.211356942  12.5558797497  10.7760835472  8.99081146254  7.29454811588  5.75168179646  4.39609296002  3.23439538073  2.25108568055  1.41419024145  0.680500894048  
1.08214736366  2.25108568055  3.58886437591  5.16722900949  7.04064166168  9.23773877244  11.751753041  14.5312793333  17.4736872786  20.4242384166  23.1841483535  25.5298954825  27.2435222319  28.149536973  28.149536973  27.2435222319  25.5298954825  23.1841483535  20.4242384166  17.4736872786  14.5312793333  11.751753041  9.23773877244  7.04064166168  5.16722900949  3.58886437591  2.25108568055  1.08214736366  
1.55283497692  3.23439538073  5.16722900949  7.46021591515  10.198743069  13.4321194206  17.158740151  21.3107816436  25.741744828  30.2217037827  34.4460716569  38.063045284  40.7213257485  42.1324400954  42.1324400954  40.7213257485  38.063045284  34.4460716569  30.2217037827  25.741744828  21.3107816436  17.158740151  13.4321194206  10.198743069  7.46021591515  5.16722900949  3.23439538073  1.55283497692  
2.10729757828  4.39609296002  7.04064166168  10.198743069  13.9989095094  18.5229690858  23.7843048076  29.7036467407  36.0866781001  42.6105606947  48.8291867682  54.2079021612  58.194720869  60.3233309194  60.3233309194  58.194720869  54.2079021612  48.8291867682  42.6105606947  36.0866781001  29.7036467407  23.7843048076  18.5229690858  13.9989095094  10.198743069  7.04064166168  4.39609296002  2.10729757828  
2.75228737747  5.75168179646  9.23773877244  13.4321194206  18.5229690858  24.642209108  31.8351447538  40.0238061257  48.9686281542  58.2377710211  67.1993732779  75.0574317102  80.9515199587  84.1247272589  84.1247272589  80.9515199587  75.0574317102  67.1993732779  58.2377710211  48.9686281542  40.0238061257  31.8351447538  24.642209108  18.5229690858  13.4321194206  9.23773877244  5.75168179646  2.75228737747  
3.48397115788  7.29454811588  11.751753041  17.158740151  23.7843048076  31.8351447538  41.4157680317  52.4757861361  64.7479107236  77.6865891319  90.4282513934  101.8092327  110.48972266  115.220725519  115.220725519  110.48972266  101.8092327  90.4282513934  77.6865891319  64.7479107236  52.4757861361  41.4157680317  31.8351447538  23.7843048076  17.158740151  11.751753041  7.29454811588  3.48397115788  
4.28564296934  8.99081146254  14.5312793333  21.3107816436  29.7036467407  40.0238061257  52.4757861361  67.0840160951  83.5993011214  101.388275474  119.327901598  135.758547806  148.595049154  155.723832204  155.723832204  148.595049154  135.758547806  119.327901598  101.388275474  83.5993011214  67.0840160951  52.4757861361  40.0238061257  29.7036467407  21.3107816436  14.5312793333  8.99081146254  4.28564296934  
5.12641604051  10.7760835472  17.4736872786  25.741744828  36.0866781001  48.9686281542  64.7479107236  83.5993011214  105.383938002  129.470899369  154.515741024  178.251595769  197.459147838  208.452377011  208.452377011  197.459147838  178.251595769  154.515741024  129.470899369  105.383938002  83.5993011214  64.7479107236  48.9686281542  36.0866781001  25.741744828  17.4736872786  10.7760835472  5.12641604051  
5.96167710832  12.5558797497  20.4242384166  30.2217037827  42.6105606947  58.2377710211  77.6865891319  101.388275474  129.470899369  161.510249935  196.141671515  230.526888946  259.84702112  277.499296429  277.499296429  259.84702112  230.526888946  196.141671515  161.510249935  129.470899369  101.388275474  77.6865891319  58.2377710211  42.6105606947  30.2217037827  20.4242384166  12.5558797497  5.96167710832  
6.73600525727  14.211356942  23.1841483535  34.4460716569  48.8291867682  67.1993732779  90.4282513934  119.327901598  154.515741024  196.141671515  243.3461025  293.238669901  339.242014026  369.493908861  369.493908861  339.242014026  293.238669901  243.3461025  196.141671515  154.515741024  119.327901598  90.4282513934  67.1993732779  48.8291867682  34.4460716569  23.1841483535  14.211356942  6.73600525727  
7.38887493253  15.6113166703  25.5298954825  38.063045284  54.2079021612  75.0574317102  101.8092327  135.758547806  178.251595769  230.526888946  293.238669901  365.115570073  439.477581117  496.668554633  496.668554633  439.477581117  365.115570073  293.238669901  230.526888946  178.251595769  135.758547806  101.8092327  75.0574317102  54.2079021612  38.063045284  25.5298954825  15.6113166703  7.38887493253  
7.8627477993  16.6298644721  27.2435222319  40.7213257485  58.194720869  80.9515199587  110.48972266  148.595049154  197.459147838  259.84702112  339.242014026  439.477581117  561.403055123  685.145198848  685.145198848  561.403055123  439.477581117  339.242014026  259.84702112  197.459147838  148.595049154  110.48972266  80.9515199587  58.194720869  40.7213257485  27.2435222319  16.6298644721  7.8627477993  
8.11223652651  17.16694633  28.149536973  42.1324400954  60.3233309194  84.1247272589  115.220725519  155.723832204  208.452377011  277.499296429  369.493908861  496.668554633  685.145198848  1000.0  1000.0  685.145198848  496.668554633  369.493908861  277.499296429  208.452377011  155.723832204  115.220725519  84.1247272589  60.3233309194  42.1324400954  28.149536973  17.16694633  8.11223652651  
8.11223652651  17.16694633  28.149536973  42.1324400954  60.3233309194  84.1247272589  115.220725519  155.723832204  208.452377011  277.499296429  369.493908861  496.668554633  685.145198848  1000.0  1000.0  685.145198848  496.668554633  369.493908861  277.499296429  208.452377011  155.723832204  115.220725519  84.1247272589  60.3233309194  42.1324400954  28.149536973  17.16694633  8.11223652651  
7.8627477993  16.6298644721  27.2435222319  40.7213257485  58.194720869  80.9515199587  110.48972266  148.595049154  197.459147838  259.84702112  339.242014026  439.477581117  561.403055123  685.145198848  685.145198848  561.403055123  439.477581117  339.242014026  259.84702112  197.459147838  148.595049154  110.48972266  80.9515199587  58.194720869  40.7213257485  27.2435222319  16.6298644721  7.8627477993  
7.38887493253  15.6113166703  25.5298954825  38.063045284  54.2079021612  75.0574317102  101.8092327  135.758547806  178.251595769  230.526888946  293.238669901  365.115570073  439.477581117  496.668554633  496.668554633  439.477581117  365.115570073  293.238669901  230.526888946  178.251595769  135.758547806  101.8092327  75.0574317102  54.2079021612  38.063045284  25.5298954825  15.6113166703  7.38887493253  
6.73600525727  14.211356942  23.1841483535  34.4460716569  48.8291867682  67.1993732779  90.4282513934  119.327901598  154.515741024  196.141671515  243.3461025  293.238669901  339.242014026  369.493908861  369.493908861  339.242014026  293.238669901  243.3461025  196.141671515  154.515741024  119.327901598  90.4282513934  67.1993732779  48.8291867682  34.4460716569  23.1841483535  14.211356942  6.73600525727  
5.96167710832  12.5558797497  20.4242384166  30.2217037827  42.6105606947  58.2377710211  77.6865891319  101.388275474  129.470899369  161.510249935  196.141671515  230.526888946  259.84702112  277.499296429  277.499296429  259.84702112  230.526888946  196.141671515  161.510249935  129.470899369  101.388275474  77.6865891319  58.2377710211  42.6105606947  30.2217037827  20.4242384166  12.5558797497  5.96167710832  
5.12641604051  10.7760835472  17.4736872786  25.741744828  36.0866781001  48.9686281542  64.7479107236  83.5993011214  105.383938002  129.470899369  154.515741024  178.251595769  197.459147838  208.452377011  208.452377011  197.459147838  178.251595769  154.515741024  129.470899369  105.383938002  83.5993011214  64.7479107236  48.9686281542  36.0866781001  25.741744828  17.4736872786  10.7760835472  5.12641604051  
4.28564296934  8.99081146254  14.5312793333  21.3107816436  29.7036467407  40.0238061257  52.4757861361  67.0840160951  83.5993011214  101.388275474  119.327901598  135.758547806  148.595049154  155.723832204  155.723832204  148.595049154  135.758547806  119.327901598  101.388275474  83.5993011214  67.0840160951  52.4757861361  40.0238061257  29.7036467407  21.3107816436  14.5312793333  8.99081146254  4.28564296934  
3.48397115788  7.29454811588  11.751753041  17.158740151  23.7843048076  31.8351447538  41.4157680317  52.4757861361  64.7479107236  77.6865891319  90.4282513934  101.8092327  110.48972266  115.220725519  115.220725519  110.48972266  101.8092327  90.4282513934  77.6865891319  64.7479107236  52.4757861361  41.4157680317  31.8351447538  23.7843048076  17.158740151  11.751753041  7.29454811588  3.48397115788  
2.75228737747  5.75168179646  9.23773877244  13.4321194206  18.5229690858  24.642209108  31.8351447538  40.0238061257  48.9686281542  58.2377710211  67.1993732779  75.0574317102  80.9515199587  84.1247272589  84.1247272589  80.9515199587  75.0574317102  67.1993732779  58.2377710211  48.9686281542  40.0238061257  31.8351447538  24.642209108  18.5229690858  13.4321194206  9.23773877244  5.75168179646  2.75228737747  
2.10729757828  4.39609296002  7.04064166168  10.198743069  13.9989095094  18.5229690858  23.7843048076  29.7036467407  36.0866781001  42.6105606947  48.8291867682  54.2079021612  58.194720869  60.3233309194  60.3233309194  58.194720869  54.2079021612  48.8291867682  42.6105606947  36.0866781001  29.7036467407  23.7843048076  18.5229690858  13.9989095094  10.198743069  7.04064166168  4.39609296002  2.10729757828  
1.55283497692  3.23439538073  5.16722900949  7.46021591515  10.198743069  13.4321194206  17.158740151  21.3107816436  25.741744828  30.2217037827  34.4460716569  38.063045284  40.7213257485  42.1324400954  42.1324400954  40.7213257485  38.063045284  34.4460716569  30.2217037827  25.741744828  21.3107816436  17.158740151  13.4321194206  10.198743069  7.46021591515  5.16722900949  3.23439538073  1.55283497692  
1.08214736366  2.25108568055  3.58886437591  5.16722900949  7.04064166168  9.23773877244  11.751753041  14.5312793333  17.4736872786  20.4242384166  23.1841483535  25.5298954825  27.2435222319  28.149536973  28.149536973  27.2435222319  25.5298954825  23.1841483535  20.4242384166  17.4736872786  14.5312793333  11.751753041  9.23773877244  7.04064166168  5.16722900949  3.58886437591  2.25108568055  1.08214736366  
0.680500894048  1.41419024145  2.25108568055  3.23439538073  4.39609296002  5.75168179646  7.29454811588  8.99081146254  10.7760835472  12.5558797497  14.211356942  15.6113166703  16.6298644721  17.16694633  17.16694633  16.6298644721  15.6113166703  14.211356942  12.5558797497  10.7760835472  8.99081146254  7.29454811588  5.75168179646  4.39609296002  3.23439538073  2.25108568055  1.41419024145  0.680500894048  
0.327655241284  0.680500894048  1.08214736366  1.55283497692  2.10729757828  2.75228737747  3.48397115788  4.28564296934  5.12641604051  5.96167710832  6.73600525727  7.38887493253  7.8627477993  8.11223652651  8.11223652651  7.8627477993  7.38887493253  6.73600525727  5.96167710832  5.12641604051  4.28564296934  3.48397115788  2.75228737747  2.10729757828  1.55283497692  1.08214736366  0.680500894048  0.327655241284  
