4.5427115882e-07  1.7188866722e-06  5.72872953005e-06  1.77150272626e-05  5.08004136461e-05  0.000134522235218  0.000327335854007  0.000727991012562  0.00147111037896  0.00268421872498  0.00439317883396  0.00640691978792  0.00827461426724  0.00941706132304  0.00941706132304  0.00827461426724  0.00640691978792  0.00439317883396  0.00268421872498  0.00147111037896  0.000727991012562  0.000327335854007  0.000134522235218  5.08004136461e-05  1.77150272626e-05  5.72872953005e-06  1.7188866722e-06  4.5427115882e-07  
1.7188866722e-06  6.50021144839e-06  2.16535883018e-05  6.69417987648e-05  0.000191962111141  0.000508457332537  0.00123792325427  0.0027554758841  0.00557456909949  0.0101855313334  0.0166957365922  0.0243851640259  0.0315326725738  0.03591187047  0.03591187047  0.0315326725738  0.0243851640259  0.0166957365922  0.0101855313334  0.00557456909949  0.0027554758841  0.00123792325427  0.000508457332537  0.000191962111141  6.69417987648e-05  2.16535883018e-05  6.50021144839e-06  1.7188866722e-06  
5.72872953005e-06  2.16535883018e-05  7.21091612218e-05  0.00022291250736  0.000639391900728  0.00169462469451  0.00412995014598  0.00920555924317  0.0186565655883  0.0341592956325  0.0561197440273  0.082148566201  0.106422238511  0.121330848736  0.121330848736  0.106422238511  0.082148566201  0.0561197440273  0.0341592956325  0.0186565655883  0.00920555924317  0.00412995014598  0.00169462469451  0.000639391900728  0.00022291250736  7.21091612218e-05  2.16535883018e-05  5.72872953005e-06  
1.77150272626e-05  6.69417987648e-05  0.00022291250736  0.000689278458882  0.0019783645862  0.00524896477716  0.0128116336265  0.0286139650645  0.0581342779215  0.106747403378  0.175920421189  0.258301716507  0.335477946245  0.383042710936  0.383042710936  0.335477946245  0.258301716507  0.175920421189  0.106747403378  0.0581342779215  0.0286139650645  0.0128116336265  0.00524896477716  0.0019783645862  0.000689278458882  0.00022291250736  6.69417987648e-05  1.77150272626e-05  
5.08004136461e-05  0.000191962111141  0.000639391900728  0.0019783645862  0.00568444890083  0.0151057851409  0.0369490096674  0.0827490677519  0.168679947128  0.310931080528  0.514570548241  0.758681366497  0.9888173314  1.13135224025  1.13135224025  0.9888173314  0.758681366497  0.514570548241  0.310931080528  0.168679947128  0.0827490677519  0.0369490096674  0.0151057851409  0.00568444890083  0.0019783645862  0.000639391900728  0.000191962111141  5.08004136461e-05  
0.000134522235218  0.000508457332537  0.00169462469451  0.00524896477716  0.0151057851409  0.0402297404473  0.0986851294834  0.221810348415  0.454138749878  0.841409429588  1.4003112888  2.07629066551  2.71924652248  3.1203138943  3.1203138943  2.71924652248  2.07629066551  1.4003112888  0.841409429588  0.454138749878  0.221810348415  0.0986851294834  0.0402297404473  0.0151057851409  0.00524896477716  0.00169462469451  0.000508457332537  0.000134522235218  
0.000327335854007  0.00123792325427  0.00412995014598  0.0128116336265  0.0369490096674  0.0986851294834  0.242978563356  0.548686203558  1.12980217544  2.10731046154  3.5334024516  5.27951877288  6.96145128561  8.02184848669  8.02184848669  6.96145128561  5.27951877288  3.5334024516  2.10731046154  1.12980217544  0.548686203558  0.242978563356  0.0986851294834  0.0369490096674  0.0128116336265  0.00412995014598  0.00123792325427  0.000327335854007  
0.000727991012562  0.0027554758841  0.00920555924317  0.0286139650645  0.0827490677519  0.221810348415  0.548686203558  1.24634612837  2.58507696535  4.86381973891  8.23688024198  12.4377296211  16.559066618  19.2004670909  19.2004670909  16.559066618  12.4377296211  8.23688024198  4.86381973891  2.58507696535  1.24634612837  0.548686203558  0.221810348415  0.0827490677519  0.0286139650645  0.00920555924317  0.0027554758841  0.000727991012562  
0.00147111037896  0.00557456909949  0.0186565655883  0.0581342779215  0.168679947128  0.454138749878  1.12980217544  2.58507696535  5.41092074757  10.2951796007  17.6666173904  27.0678301116  36.5449530701  42.7813024414  42.7813024414  36.5449530701  27.0678301116  17.6666173904  10.2951796007  5.41092074757  2.58507696535  1.12980217544  0.454138749878  0.168679947128  0.0581342779215  0.0186565655883  0.00557456909949  0.00147111037896  
0.00268421872498  0.0101855313334  0.0341592956325  0.106747403378  0.310931080528  0.841409429588  2.10731046154  4.86381973891  10.2951796007  19.8676024753  34.6914882104  54.2375749742  74.7646019546  88.8825981062  88.8825981062  74.7646019546  54.2375749742  34.6914882104  19.8676024753  10.2951796007  4.86381973891  2.10731046154  0.841409429588  0.310931080528  0.106747403378  0.0341592956325  0.0101855313334  0.00268421872498  
0.00439317883396  0.0166957365922  0.0561197440273  0.175920421189  0.514570548241  1.4003112888  3.5334024516  8.23688024198  17.6666173904  34.6914882104  61.9569263086  99.6172820643  141.714921416  172.987117911  172.987117911  141.714921416  99.6172820643  61.9569263086  34.6914882104  17.6666173904  8.23688024198  3.5334024516  1.4003112888  0.514570548241  0.175920421189  0.0561197440273  0.0166957365922  0.00439317883396  
0.00640691978792  0.0243851640259  0.082148566201  0.258301716507  0.758681366497  2.07629066551  5.27951877288  12.4377296211  27.0678301116  54.2375749742  99.6172820643  166.38931653  248.465230334  318.477440002  318.477440002  248.465230334  166.38931653  99.6172820643  54.2375749742  27.0678301116  12.4377296211  5.27951877288  2.07629066551  0.758681366497  0.258301716507  0.082148566201  0.0243851640259  0.00640691978792  
0.00827461426724  0.0315326725738  0.106422238511  0.335477946245  0.9888173314  2.71924652248  6.96145128561  16.559066618  36.5449530701  74.7646019546  141.714921416  248.465230334  399.398690862  565.101537517  565.101537517  399.398690862  248.465230334  141.714921416  74.7646019546  36.5449530701  16.559066618  6.96145128561  2.71924652248  0.9888173314  0.335477946245  0.106422238511  0.0315326725738  0.00827461426724  
0.00941706132304  0.03591187047  0.121330848736  0.383042710936  1.13135224025  3.1203138943  8.02184848669  19.2004670909  42.7813024414  88.8825981062  172.987117911  318.477440002  565.101537517  1000.0  1000.0  565.101537517  318.477440002  172.987117911  88.8825981062  42.7813024414  19.2004670909  8.02184848669  3.1203138943  1.13135224025  0.383042710936  0.121330848736  0.03591187047  0.00941706132304  
0.00941706132304  0.03591187047  0.121330848736  0.383042710936  1.13135224025  3.1203138943  8.02184848669  19.2004670909  42.7813024414  88.8825981062  172.987117911  318.477440002  565.101537517  1000.0  1000.0  565.101537517  318.477440002  172.987117911  88.8825981062  42.7813024414  19.2004670909  8.02184848669  3.1203138943  1.13135224025  0.383042710936  0.121330848736  0.03591187047  0.00941706132304  
0.00827461426724  0.0315326725738  0.106422238511  0.335477946245  0.9888173314  2.71924652248  6.96145128561  16.559066618  36.5449530701  74.7646019546  141.714921416  248.465230334  399.398690862  565.101537517  565.101537517  399.398690862  248.465230334  141.714921416  74.7646019546  36.5449530701  16.559066618  6.96145128561  2.71924652248  0.9888173314  0.335477946245  0.106422238511  0.0315326725738  0.00827461426724  
0.00640691978792  0.0243851640259  0.082148566201  0.258301716507  0.758681366497  2.07629066551  5.27951877288  12.4377296211  27.0678301116  54.2375749742  99.6172820643  166.38931653  248.465230334  318.477440002  318.477440002  248.465230334  166.38931653  99.6172820643  54.2375749742  27.0678301116  12.4377296211  5.27951877288  2.07629066551  0.758681366497  0.258301716507  0.082148566201  0.0243851640259  0.00640691978792  
0.00439317883396  0.0166957365922  0.0561197440273  0.175920421189  0.514570548241  1.4003112888  3.5334024516  8.23688024198  17.6666173904  34.6914882104  61.9569263086  99.6172820643  141.714921416  172.987117911  172.987117911  141.714921416  99.6172820643  61.9569263086  34.6914882104  17.6666173904  8.23688024198  3.5334024516  1.4003112888  0.514570548241  0.175920421189  0.0561197440273  0.0166957365922  0.00439317883396  
0.00268421872498  0.0101855313334  0.0341592956325  0.106747403378  0.310931080528  0.841409429588  2.10731046154  4.86381973891  10.2951796007  19.8676024753  34.6914882104  54.2375749742  74.7646019546  88.8825981062  88.8825981062  74.7646019546  54.2375749742  34.6914882104  19.8676024753  10.2951796007  4.86381973891  2.10731046154  0.841409429588  0.310931080528  0.106747403378  0.0341592956325  0.0101855313334  0.00268421872498  
0.00147111037896  0.00557456909949  0.0186565655883  0.0581342779215  0.168679947128  0.454138749878  1.12980217544  2.58507696535  5.41092074757  10.2951796007  17.6666173904  27.0678301116  36.5449530701  42.7813024414  42.7813024414  36.5449530701  27.0678301116  17.6666173904  10.2951796007  5.41092074757  2.58507696535  1.12980217544  0.454138749878  0.168679947128  0.0581342779215  0.0186565655883  0.00557456909949  0.00147111037896  
0.000727991012562  0.0027554758841  0.00920555924317  0.0286139650645  0.0827490677519  0.221810348415  0.548686203558  1.24634612837  2.58507696535  4.86381973891  8.23688024198  12.4377296211  16.559066618  19.2004670909  19.2004670909  16.559066618  12.4377296211  8.23688024198  4.86381973891  2.58507696535  1.24634612837  0.548686203558  0.221810348415  0.0827490677519  0.0286139650645  0.00920555924317  0.0027554758841  0.000727991012562  
0.000327335854007  0.00123792325427  0.00412995014598  0.0128116336265  0.0369490096674  0.0986851294834  0.242978563356  0.548686203558  1.12980217544  2.10731046154  3.5334024516  5.27951877288  6.96145128561  8.02184848669  8.02184848669  6.96145128561  5.27951877288  3.5334024516  2.10731046154  1.12980217544  0.548686203558  0.242978563356  0.0986851294834  0.0369490096674  0.0128116336265  0.00412995014598  0.00123792325427  0.000327335854007  
0.000134522235218  0.000508457332537  0.00169462469451  0.00524896477716  0.0151057851409  0.0402297404473  0.0986851294834  0.221810348415  0.454138749878  0.841409429588  1.4003112888  2.07629066551  2.71924652248  3.1203138943  3.1203138943  2.71924652248  2.07629066551  1.4003112888  0.841409429588  0.454138749878  0.221810348415  0.0986851294834  0.0402297404473  0.0151057851409  0.00524896477716  0.00169462469451  0.000508457332537  0.000134522235218  
5.08004136461e-05  0.000191962111141  0.000639391900728  0.0019783645862  0.00568444890083  0.0151057851409  0.0369490096674  0.0827490677519  0.168679947128  0.310931080528  0.514570548241  0.758681366497  0.9888173314  1.13135224025  1.13135224025  0.9888173314  0.758681366497  0.514570548241  0.310931080528  0.168679947128  0.0827490677519  0.0369490096674  0.0151057851409  0.00568444890083  0.0019783645862  0.000639391900728  0.000191962111141  5.08004136461e-05  
1.77150272626e-05  6.69417987648e-05  0.00022291250736  0.000689278458882  0.0019783645862  0.00524896477716  0.0128116336265  0.0286139650645  0.0581342779215  0.106747403378  0.175920421189  0.258301716507  0.335477946245  0.383042710936  0.383042710936  0.335477946245  0.258301716507  0.175920421189  0.106747403378  0.0581342779215  0.0286139650645  0.0128116336265  0.00524896477716  0.0019783645862  0.000689278458882  0.00022291250736  6.69417987648e-05  1.77150272626e-05  
5.72872953005e-06  2.16535883018e-05  7.21091612218e-05  0.00022291250736  0.000639391900728  0.00169462469451  0.00412995014598  0.00920555924317  0.0186565655883  0.0341592956325  0.0561197440273  0.082148566201  0.106422238511  0.121330848736  0.121330848736  0.106422238511  0.082148566201  0.0561197440273  0.0341592956325  0.0186565655883  0.00920555924317  0.00412995014598  0.00169462469451  0.000639391900728  0.00022291250736  7.21091612218e-05  2.16535883018e-05  5.72872953005e-06  
1.7188866722e-06  6.50021144839e-06  2.16535883018e-05  6.69417987648e-05  0.000191962111141  0.000508457332537  0.00123792325427  0.0027554758841  0.00557456909949  0.0101855313334  0.0166957365922  0.0243851640259  0.0315326725738  0.03591187047  0.03591187047  0.0315326725738  0.0243851640259  0.0166957365922  0.0101855313334  0.00557456909949  0.0027554758841  0.00123792325427  0.000508457332537  0.000191962111141  6.69417987648e-05  2.16535883018e-05  6.50021144839e-06  1.7188866722e-06  
4.5427115882e-07  1.7188866722e-06  5.72872953005e-06  1.77150272626e-05  5.08004136461e-05  0.000134522235218  0.000327335854007  0.000727991012562  0.00147111037896  0.00268421872498  0.00439317883396  0.00640691978792  0.00827461426724  0.00941706132304  0.00941706132304  0.00827461426724  0.00640691978792  0.00439317883396  0.00268421872498  0.00147111037896  0.000727991012562  0.000327335854007  0.000134522235218  5.08004136461e-05  1.77150272626e-05  5.72872953005e-06  1.7188866722e-06  4.5427115882e-07  
