0.000249006269342  0.000685219586343  0.00158523137666  0.00341329172816  0.00692214771539  0.013219705615  0.023725840674  0.039918879243  0.0628012811237  0.0921380271709  0.125730328608  0.159176165764  0.186548206812  0.202044765139  0.202044765139  0.186548206812  0.159176165764  0.125730328608  0.0921380271709  0.0628012811237  0.039918879243  0.023725840674  0.013219705615  0.00692214771539  0.00341329172816  0.00158523137666  0.000685219586343  0.000249006269342  
0.000685219586343  0.00188718073772  0.00437110771616  0.00942541887299  0.0191469576015  0.0366363684011  0.0658927469118  0.111121654865  0.175244852874  0.25773959953  0.352529309593  0.447212855834  0.524912584436  0.56898273144  0.56898273144  0.524912584436  0.447212855834  0.352529309593  0.25773959953  0.175244852874  0.111121654865  0.0658927469118  0.0366363684011  0.0191469576015  0.00942541887299  0.00437110771616  0.00188718073772  0.000685219586343  
0.00158523137666  0.00437110771616  0.0101413816186  0.0219125927389  0.0446198053685  0.0856091351613  0.154441405905  0.261314845378  0.413556777546  0.610409289304  0.837764926516  1.06597412569  1.25402239674  1.36098184533  1.36098184533  1.25402239674  1.06597412569  0.837764926516  0.610409289304  0.413556777546  0.261314845378  0.154441405905  0.0856091351613  0.0446198053685  0.0219125927389  0.0101413816186  0.00437110771616  0.00158523137666  
0.00341329172816  0.00942541887299  0.0219125927389  0.0474651133447  0.0969341562902  0.186604979928  0.337911879958  0.574125010717  0.912656647215  1.3532555357  1.86557205839  2.38317393565  2.81209514116  3.05701920067  3.05701920067  2.81209514116  2.38317393565  1.86557205839  1.3532555357  0.912656647215  0.574125010717  0.337911879958  0.186604979928  0.0969341562902  0.0474651133447  0.0219125927389  0.00942541887299  0.00341329172816  
0.00692214771539  0.0191469576015  0.0446198053685  0.0969341562902  0.198642226717  0.383921166019  0.698364438449  1.19253084719  1.90608382985  2.8424591097  3.94075930155  5.05997629179  5.99454141459  6.53112091129  6.53112091129  5.99454141459  5.05997629179  3.94075930155  2.8424591097  1.90608382985  1.19253084719  0.698364438449  0.383921166019  0.198642226717  0.0969341562902  0.0446198053685  0.0191469576015  0.00692214771539  
0.013219705615  0.0366363684011  0.0856091351613  0.186604979928  0.383921166019  0.745460020395  1.36326314545  2.34199542861  3.76834267926  5.65961043075  7.90297788538  10.2153816809  12.1666530261  13.2957265006  13.2957265006  12.1666530261  10.2153816809  7.90297788538  5.65961043075  3.76834267926  2.34199542861  1.36326314545  0.745460020395  0.383921166019  0.186604979928  0.0856091351613  0.0366363684011  0.013219705615  
0.023725840674  0.0658927469118  0.154441405905  0.337911879958  0.698364438449  1.36326314545  2.50864678726  4.34069593406  7.04098539187  10.6684718071  15.0344657156  19.6046902926  23.5184659004  25.8092561761  25.8092561761  23.5184659004  19.6046902926  15.0344657156  10.6684718071  7.04098539187  4.34069593406  2.50864678726  1.36326314545  0.698364438449  0.337911879958  0.154441405905  0.0658927469118  0.023725840674  
0.039918879243  0.111121654865  0.261314845378  0.574125010717  1.19253084719  2.34199542861  4.34069593406  7.5742435796  12.4062856574  19.004754268  27.0988501105  35.7512298493  43.3195074288  47.8280636536  47.8280636536  43.3195074288  35.7512298493  27.0988501105  19.004754268  12.4062856574  7.5742435796  4.34069593406  2.34199542861  1.19253084719  0.574125010717  0.261314845378  0.111121654865  0.039918879243  
0.0628012811237  0.175244852874  0.413556777546  0.912656647215  1.90608382985  3.76834267926  7.04098539187  12.4062856574  20.5576712485  31.9186927591  46.2038767123  61.9209617114  76.1033920177  84.7943092983  84.7943092983  76.1033920177  61.9209617114  46.2038767123  31.9186927591  20.5576712485  12.4062856574  7.04098539187  3.76834267926  1.90608382985  0.912656647215  0.413556777546  0.175244852874  0.0628012811237  
0.0921380271709  0.25773959953  0.610409289304  1.3532555357  2.8424591097  5.65961043075  10.6684718071  19.004754268  31.9186927591  50.3745825309  74.3346489127  101.764077205  127.694159701  144.355589059  144.355589059  127.694159701  101.764077205  74.3346489127  50.3745825309  31.9186927591  19.004754268  10.6684718071  5.65961043075  2.8424591097  1.3532555357  0.610409289304  0.25773959953  0.0921380271709  
0.125730328608  0.352529309593  0.837764926516  1.86557205839  3.94075930155  7.90297788538  15.0344657156  27.0988501105  46.2038767123  74.3346489127  112.36266982  158.322322749  204.927430275  237.454177497  237.454177497  204.927430275  158.322322749  112.36266982  74.3346489127  46.2038767123  27.0988501105  15.0344657156  7.90297788538  3.94075930155  1.86557205839  0.837764926516  0.352529309593  0.125730328608  
0.159176165764  0.447212855834  1.06597412569  2.38317393565  5.05997629179  10.2153816809  19.6046902926  35.7512298493  61.9209617114  101.764077205  158.322322749  231.770953161  314.490380808  381.397139064  381.397139064  314.490380808  231.770953161  158.322322749  101.764077205  61.9209617114  35.7512298493  19.6046902926  10.2153816809  5.05997629179  2.38317393565  1.06597412569  0.447212855834  0.159176165764  
0.186548206812  0.524912584436  1.25402239674  2.81209514116  5.99454141459  12.1666530261  23.5184659004  43.3195074288  76.1033920177  127.694159701  204.927430275  314.490380808  457.981358029  609.260091452  609.260091452  457.981358029  314.490380808  204.927430275  127.694159701  76.1033920177  43.3195074288  23.5184659004  12.1666530261  5.99454141459  2.81209514116  1.25402239674  0.524912584436  0.186548206812  
0.202044765139  0.56898273144  1.36098184533  3.05701920067  6.53112091129  13.2957265006  25.8092561761  47.8280636536  84.7943092983  144.355589059  237.454177497  381.397139064  609.260091452  1000.0  1000.0  609.260091452  381.397139064  237.454177497  144.355589059  84.7943092983  47.8280636536  25.8092561761  13.2957265006  6.53112091129  3.05701920067  1.36098184533  0.56898273144  0.202044765139  
0.202044765139  0.56898273144  1.36098184533  3.05701920067  6.53112091129  13.2957265006  25.8092561761  47.8280636536  84.7943092983  144.355589059  237.454177497  381.397139064  609.260091452  1000.0  1000.0  609.260091452  381.397139064  237.454177497  144.355589059  84.7943092983  47.8280636536  25.8092561761  13.2957265006  6.53112091129  3.05701920067  1.36098184533  0.56898273144  0.202044765139  
0.186548206812  0.524912584436  1.25402239674  2.81209514116  5.99454141459  12.1666530261  23.5184659004  43.3195074288  76.1033920177  127.694159701  204.927430275  314.490380808  457.981358029  609.260091452  609.260091452  457.981358029  314.490380808  204.927430275  127.694159701  76.1033920177  43.3195074288  23.5184659004  12.1666530261  5.99454141459  2.81209514116  1.25402239674  0.524912584436  0.186548206812  
0.159176165764  0.447212855834  1.06597412569  2.38317393565  5.05997629179  10.2153816809  19.6046902926  35.7512298493  61.9209617114  101.764077205  158.322322749  231.770953161  314.490380808  381.397139064  381.397139064  314.490380808  231.770953161  158.322322749  101.764077205  61.9209617114  35.7512298493  19.6046902926  10.2153816809  5.05997629179  2.38317393565  1.06597412569  0.447212855834  0.159176165764  
0.125730328608  0.352529309593  0.837764926516  1.86557205839  3.94075930155  7.90297788538  15.0344657156  27.0988501105  46.2038767123  74.3346489127  112.36266982  158.322322749  204.927430275  237.454177497  237.454177497  204.927430275  158.322322749  112.36266982  74.3346489127  46.2038767123  27.0988501105  15.0344657156  7.90297788538  3.94075930155  1.86557205839  0.837764926516  0.352529309593  0.125730328608  
0.0921380271709  0.25773959953  0.610409289304  1.3532555357  2.8424591097  5.65961043075  10.6684718071  19.004754268  31.9186927591  50.3745825309  74.3346489127  101.764077205  127.694159701  144.355589059  144.355589059  127.694159701  101.764077205  74.3346489127  50.3745825309  31.9186927591  19.004754268  10.6684718071  5.65961043075  2.8424591097  1.3532555357  0.610409289304  0.25773959953  0.0921380271709  
0.0628012811237  0.175244852874  0.413556777546  0.912656647215  1.90608382985  3.76834267926  7.04098539187  12.4062856574  20.5576712485  31.9186927591  46.2038767123  61.9209617114  76.1033920177  84.7943092983  84.7943092983  76.1033920177  61.9209617114  46.2038767123  31.9186927591  20.5576712485  12.4062856574  7.04098539187  3.76834267926  1.90608382985  0.912656647215  0.413556777546  0.175244852874  0.0628012811237  
0.039918879243  0.111121654865  0.261314845378  0.574125010717  1.19253084719  2.34199542861  4.34069593406  7.5742435796  12.4062856574  19.004754268  27.0988501105  35.7512298493  43.3195074288  47.8280636536  47.8280636536  43.3195074288  35.7512298493  27.0988501105  19.004754268  12.4062856574  7.5742435796  4.34069593406  2.34199542861  1.19253084719  0.574125010717  0.261314845378  0.111121654865  0.039918879243  
0.023725840674  0.0658927469118  0.154441405905  0.337911879958  0.698364438449  1.36326314545  2.50864678726  4.34069593406  7.04098539187  10.6684718071  15.0344657156  19.6046902926  23.5184659004  25.8092561761  25.8092561761  23.5184659004  19.6046902926  15.0344657156  10.6684718071  7.04098539187  4.34069593406  2.50864678726  1.36326314545  0.698364438449  0.337911879958  0.154441405905  0.0658927469118  0.023725840674  
0.013219705615  0.0366363684011  0.0856091351613  0.186604979928  0.383921166019  0.745460020395  1.36326314545  2.34199542861  3.76834267926  5.65961043075  7.90297788538  10.2153816809  12.1666530261  13.2957265006  13.2957265006  12.1666530261  10.2153816809  7.90297788538  5.65961043075  3.76834267926  2.34199542861  1.36326314545  0.745460020395  0.383921166019  0.186604979928  0.0856091351613  0.0366363684011  0.013219705615  
0.00692214771539  0.0191469576015  0.0446198053685  0.0969341562902  0.198642226717  0.383921166019  0.698364438449  1.19253084719  1.90608382985  2.8424591097  3.94075930155  5.05997629179  5.99454141459  6.53112091129  6.53112091129  5.99454141459  5.05997629179  3.94075930155  2.8424591097  1.90608382985  1.19253084719  0.698364438449  0.383921166019  0.198642226717  0.0969341562902  0.0446198053685  0.0191469576015  0.00692214771539  
0.00341329172816  0.00942541887299  0.0219125927389  0.0474651133447  0.0969341562902  0.186604979928  0.337911879958  0.574125010717  0.912656647215  1.3532555357  1.86557205839  2.38317393565  2.81209514116  3.05701920067  3.05701920067  2.81209514116  2.38317393565  1.86557205839  1.3532555357  0.912656647215  0.574125010717  0.337911879958  0.186604979928  0.0969341562902  0.0474651133447  0.0219125927389  0.00942541887299  0.00341329172816  
0.00158523137666  0.00437110771616  0.0101413816186  0.0219125927389  0.0446198053685  0.0856091351613  0.154441405905  0.261314845378  0.413556777546  0.610409289304  0.837764926516  1.06597412569  1.25402239674  1.36098184533  1.36098184533  1.25402239674  1.06597412569  0.837764926516  0.610409289304  0.413556777546  0.261314845378  0.154441405905  0.0856091351613  0.0446198053685  0.0219125927389  0.0101413816186  0.00437110771616  0.00158523137666  
0.000685219586343  0.00188718073772  0.00437110771616  0.00942541887299  0.0191469576015  0.0366363684011  0.0658927469118  0.111121654865  0.175244852874  0.25773959953  0.352529309593  0.447212855834  0.524912584436  0.56898273144  0.56898273144  0.524912584436  0.447212855834  0.352529309593  0.25773959953  0.175244852874  0.111121654865  0.0658927469118  0.0366363684011  0.0191469576015  0.00942541887299  0.00437110771616  0.00188718073772  0.000685219586343  
0.000249006269342  0.000685219586343  0.00158523137666  0.00341329172816  0.00692214771539  0.013219705615  0.023725840674  0.039918879243  0.0628012811237  0.0921380271709  0.125730328608  0.159176165764  0.186548206812  0.202044765139  0.202044765139  0.186548206812  0.159176165764  0.125730328608  0.0921380271709  0.0628012811237  0.039918879243  0.023725840674  0.013219705615  0.00692214771539  0.00341329172816  0.00158523137666  0.000685219586343  0.000249006269342  
