4.59141406097e-35  7.58922530677e-33  9.92901021411e-31  1.04242687651e-28  8.84919236793e-27  6.08952465027e-25  3.38970139803e-23  1.51553495011e-21  5.37197412078e-20  1.47799596492e-18  3.05196942615e-17  4.47505009593e-16  4.21398574213e-15  2.03746677923e-14  2.03746677923e-14  4.21398574213e-15  4.47505009593e-16  3.05196942615e-17  1.47799596492e-18  5.37197412078e-20  1.51553495011e-21  3.38970139803e-23  6.08952465027e-25  8.84919236793e-27  1.04242687651e-28  9.92901021411e-31  7.58922530677e-33  4.59141406097e-35  
7.58922530677e-33  1.07558305742e-30  1.23172498061e-28  1.14993039713e-26  8.78950105035e-25  5.50136342801e-23  2.80875319948e-21  1.15999472836e-19  3.82123448966e-18  9.822884429e-17  1.90426716615e-15  2.63329727212e-14  2.3499113459e-13  1.08478674792e-12  1.08478674792e-12  2.3499113459e-13  2.63329727212e-14  1.90426716615e-15  9.822884429e-17  3.82123448966e-18  1.15999472836e-19  2.80875319948e-21  5.50136342801e-23  8.78950105035e-25  1.14993039713e-26  1.23172498061e-28  1.07558305742e-30  7.58922530677e-33  
9.92901021411e-31  1.23172498061e-28  1.25428135472e-26  1.05433208037e-24  7.32963007641e-23  4.20758292954e-21  1.98419195588e-19  7.61483353166e-18  2.34332273527e-16  5.65361396338e-15  1.03307599985e-13  1.35210263325e-12  1.14714639428e-11  5.07074561221e-11  5.07074561221e-11  1.14714639428e-11  1.35210263325e-12  1.03307599985e-13  5.65361396338e-15  2.34332273527e-16  7.61483353166e-18  1.98419195588e-19  4.20758292954e-21  7.32963007641e-23  1.05433208037e-24  1.25428135472e-26  1.23172498061e-28  9.92901021411e-31  
1.04242687651e-28  1.14993039713e-26  1.05433208037e-24  8.06063568543e-23  5.13939688561e-21  2.72495045473e-19  1.19405159761e-17  4.28043907689e-16  1.23610988455e-14  2.81032058884e-13  4.8578181285e-12  6.03722161036e-11  4.88423765061e-10  2.07295367702e-09  2.07295367702e-09  4.88423765061e-10  6.03722161036e-11  4.8578181285e-12  2.81032058884e-13  1.23610988455e-14  4.28043907689e-16  1.19405159761e-17  2.72495045473e-19  5.13939688561e-21  8.06063568543e-23  1.05433208037e-24  1.14993039713e-26  1.04242687651e-28  
8.84919236793e-27  8.78950105035e-25  7.32963007641e-23  5.13939688561e-21  3.02654473191e-19  1.49106853473e-17  6.10284325436e-16  2.05286939715e-14  5.58567110572e-13  1.20099951122e-11  1.97025494254e-10  2.33202330553e-09  1.80403876284e-08  7.37039764913e-08  7.37039764913e-08  1.80403876284e-08  2.33202330553e-09  1.97025494254e-10  1.20099951122e-11  5.58567110572e-13  2.05286939715e-14  6.10284325436e-16  1.49106853473e-17  3.02654473191e-19  5.13939688561e-21  7.32963007641e-23  8.78950105035e-25  8.84919236793e-27  
6.08952465027e-25  5.50136342801e-23  4.20758292954e-21  2.72495045473e-19  1.49106853473e-17  6.86139690049e-16  2.63509540727e-14  8.35105117645e-13  2.14866097278e-11  4.38351371837e-10  6.84535289264e-09  7.73801702118e-08  5.7390355937e-07  2.26263070691e-06  2.26263070691e-06  5.7390355937e-07  7.73801702118e-08  6.84535289264e-09  4.38351371837e-10  2.14866097278e-11  8.35105117645e-13  2.63509540727e-14  6.86139690049e-16  1.49106853473e-17  2.72495045473e-19  4.20758292954e-21  5.50136342801e-23  6.08952465027e-25  
3.38970139803e-23  2.80875319948e-21  1.98419195588e-19  1.19405159761e-17  6.10284325436e-16  2.63509540727e-14  9.53425645778e-13  2.85706671383e-11  6.97402864033e-10  1.35403679202e-08  2.01842577764e-07  2.18485710911e-06  1.55757136992e-05  5.94071818229e-05  5.94071818229e-05  1.55757136992e-05  2.18485710911e-06  2.01842577764e-07  1.35403679202e-08  6.97402864033e-10  2.85706671383e-11  9.53425645778e-13  2.63509540727e-14  6.10284325436e-16  1.19405159761e-17  1.98419195588e-19  2.80875319948e-21  3.38970139803e-23  
1.51553495011e-21  1.15999472836e-19  7.61483353166e-18  4.28043907689e-16  2.05286939715e-14  8.35105117645e-13  2.85706671383e-11  8.12223521574e-10  1.88664314498e-08  3.49585121747e-07  4.98778277971e-06  5.18358467594e-05  0.000356137404758  0.00131762004936  0.00131762004936  0.000356137404758  5.18358467594e-05  4.98778277971e-06  3.49585121747e-07  1.88664314498e-08  8.12223521574e-10  2.85706671383e-11  8.35105117645e-13  2.05286939715e-14  4.28043907689e-16  7.61483353166e-18  1.15999472836e-19  1.51553495011e-21  
5.37197412078e-20  3.82123448966e-18  2.34332273527e-16  1.23610988455e-14  5.58567110572e-13  2.14866097278e-11  6.97402864033e-10  1.88664314498e-08  4.18209614661e-07  7.41570567663e-06  0.000101538972767  0.00101587865759  0.00674602792543  0.0242869806465  0.0242869806465  0.00674602792543  0.00101587865759  0.000101538972767  7.41570567663e-06  4.18209614661e-07  1.88664314498e-08  6.97402864033e-10  2.14866097278e-11  5.58567110572e-13  1.23610988455e-14  2.34332273527e-16  3.82123448966e-18  5.37197412078e-20  
1.47799596492e-18  9.822884429e-17  5.65361396338e-15  2.81032058884e-13  1.20099951122e-11  4.38351371837e-10  1.35403679202e-08  3.49585121747e-07  7.41570567663e-06  0.000126178851806  0.00166263320634  0.0160617822929  0.103451255933  0.363959825448  0.363959825448  0.103451255933  0.0160617822929  0.00166263320634  0.000126178851806  7.41570567663e-06  3.49585121747e-07  1.35403679202e-08  4.38351371837e-10  1.20099951122e-11  2.81032058884e-13  5.65361396338e-15  9.822884429e-17  1.47799596492e-18  
3.05196942615e-17  1.90426716615e-15  1.03307599985e-13  4.8578181285e-12  1.97025494254e-10  6.84535289264e-09  2.01842577764e-07  4.98778277971e-06  0.000101538972767  0.00166263320634  0.0211490776227  0.198002872114  1.24290029887  4.3020312923  4.3020312923  1.24290029887  0.198002872114  0.0211490776227  0.00166263320634  0.000101538972767  4.98778277971e-06  2.01842577764e-07  6.84535289264e-09  1.97025494254e-10  4.8578181285e-12  1.03307599985e-13  1.90426716615e-15  3.05196942615e-17  
4.47505009593e-16  2.63329727212e-14  1.35210263325e-12  6.03722161036e-11  2.33202330553e-09  7.73801702118e-08  2.18485710911e-06  5.18358467594e-05  0.00101587865759  0.0160617822929  0.198002872114  1.80574698937  11.1330526371  38.4145760741  38.4145760741  11.1330526371  1.80574698937  0.198002872114  0.0160617822929  0.00101587865759  5.18358467594e-05  2.18485710911e-06  7.73801702118e-08  2.33202330553e-09  6.03722161036e-11  1.35210263325e-12  2.63329727212e-14  4.47505009593e-16  
4.21398574213e-15  2.3499113459e-13  1.14714639428e-11  4.88423765061e-10  1.80403876284e-08  5.7390355937e-07  1.55757136992e-05  0.000356137404758  0.00674602792543  0.103451255933  1.24290029887  11.1330526371  68.4299702666  243.282621862  243.282621862  68.4299702666  11.1330526371  1.24290029887  0.103451255933  0.00674602792543  0.000356137404758  1.55757136992e-05  5.7390355937e-07  1.80403876284e-08  4.88423765061e-10  1.14714639428e-11  2.3499113459e-13  4.21398574213e-15  
2.03746677923e-14  1.08478674792e-12  5.07074561221e-11  2.07295367702e-09  7.37039764913e-08  2.26263070691e-06  5.94071818229e-05  0.00131762004936  0.0242869806465  0.363959825448  4.3020312923  38.4145760741  243.282621862  1000.0  1000.0  243.282621862  38.4145760741  4.3020312923  0.363959825448  0.0242869806465  0.00131762004936  5.94071818229e-05  2.26263070691e-06  7.37039764913e-08  2.07295367702e-09  5.07074561221e-11  1.08478674792e-12  2.03746677923e-14  
2.03746677923e-14  1.08478674792e-12  5.07074561221e-11  2.07295367702e-09  7.37039764913e-08  2.26263070691e-06  5.94071818229e-05  0.00131762004936  0.0242869806465  0.363959825448  4.3020312923  38.4145760741  243.282621862  1000.0  1000.0  243.282621862  38.4145760741  4.3020312923  0.363959825448  0.0242869806465  0.00131762004936  5.94071818229e-05  2.26263070691e-06  7.37039764913e-08  2.07295367702e-09  5.07074561221e-11  1.08478674792e-12  2.03746677923e-14  
4.21398574213e-15  2.3499113459e-13  1.14714639428e-11  4.88423765061e-10  1.80403876284e-08  5.7390355937e-07  1.55757136992e-05  0.000356137404758  0.00674602792543  0.103451255933  1.24290029887  11.1330526371  68.4299702666  243.282621862  243.282621862  68.4299702666  11.1330526371  1.24290029887  0.103451255933  0.00674602792543  0.000356137404758  1.55757136992e-05  5.7390355937e-07  1.80403876284e-08  4.88423765061e-10  1.14714639428e-11  2.3499113459e-13  4.21398574213e-15  
4.47505009593e-16  2.63329727212e-14  1.35210263325e-12  6.03722161036e-11  2.33202330553e-09  7.73801702118e-08  2.18485710911e-06  5.18358467594e-05  0.00101587865759  0.0160617822929  0.198002872114  1.80574698937  11.1330526371  38.4145760741  38.4145760741  11.1330526371  1.80574698937  0.198002872114  0.0160617822929  0.00101587865759  5.18358467594e-05  2.18485710911e-06  7.73801702118e-08  2.33202330553e-09  6.03722161036e-11  1.35210263325e-12  2.63329727212e-14  4.47505009593e-16  
3.05196942615e-17  1.90426716615e-15  1.03307599985e-13  4.8578181285e-12  1.97025494254e-10  6.84535289264e-09  2.01842577764e-07  4.98778277971e-06  0.000101538972767  0.00166263320634  0.0211490776227  0.198002872114  1.24290029887  4.3020312923  4.3020312923  1.24290029887  0.198002872114  0.0211490776227  0.00166263320634  0.000101538972767  4.98778277971e-06  2.01842577764e-07  6.84535289264e-09  1.97025494254e-10  4.8578181285e-12  1.03307599985e-13  1.90426716615e-15  3.05196942615e-17  
1.47799596492e-18  9.822884429e-17  5.65361396338e-15  2.81032058884e-13  1.20099951122e-11  4.38351371837e-10  1.35403679202e-08  3.49585121747e-07  7.41570567663e-06  0.000126178851806  0.00166263320634  0.0160617822929  0.103451255933  0.363959825448  0.363959825448  0.103451255933  0.0160617822929  0.00166263320634  0.000126178851806  7.41570567663e-06  3.49585121747e-07  1.35403679202e-08  4.38351371837e-10  1.20099951122e-11  2.81032058884e-13  5.65361396338e-15  9.822884429e-17  1.47799596492e-18  
5.37197412078e-20  3.82123448966e-18  2.34332273527e-16  1.23610988455e-14  5.58567110572e-13  2.14866097278e-11  6.97402864033e-10  1.88664314498e-08  4.18209614661e-07  7.41570567663e-06  0.000101538972767  0.00101587865759  0.00674602792543  0.0242869806465  0.0242869806465  0.00674602792543  0.00101587865759  0.000101538972767  7.41570567663e-06  4.18209614661e-07  1.88664314498e-08  6.97402864033e-10  2.14866097278e-11  5.58567110572e-13  1.23610988455e-14  2.34332273527e-16  3.82123448966e-18  5.37197412078e-20  
1.51553495011e-21  1.15999472836e-19  7.61483353166e-18  4.28043907689e-16  2.05286939715e-14  8.35105117645e-13  2.85706671383e-11  8.12223521574e-10  1.88664314498e-08  3.49585121747e-07  4.98778277971e-06  5.18358467594e-05  0.000356137404758  0.00131762004936  0.00131762004936  0.000356137404758  5.18358467594e-05  4.98778277971e-06  3.49585121747e-07  1.88664314498e-08  8.12223521574e-10  2.85706671383e-11  8.35105117645e-13  2.05286939715e-14  4.28043907689e-16  7.61483353166e-18  1.15999472836e-19  1.51553495011e-21  
3.38970139803e-23  2.80875319948e-21  1.98419195588e-19  1.19405159761e-17  6.10284325436e-16  2.63509540727e-14  9.53425645778e-13  2.85706671383e-11  6.97402864033e-10  1.35403679202e-08  2.01842577764e-07  2.18485710911e-06  1.55757136992e-05  5.94071818229e-05  5.94071818229e-05  1.55757136992e-05  2.18485710911e-06  2.01842577764e-07  1.35403679202e-08  6.97402864033e-10  2.85706671383e-11  9.53425645778e-13  2.63509540727e-14  6.10284325436e-16  1.19405159761e-17  1.98419195588e-19  2.80875319948e-21  3.38970139803e-23  
6.08952465027e-25  5.50136342801e-23  4.20758292954e-21  2.72495045473e-19  1.49106853473e-17  6.86139690049e-16  2.63509540727e-14  8.35105117645e-13  2.14866097278e-11  4.38351371837e-10  6.84535289264e-09  7.73801702118e-08  5.7390355937e-07  2.26263070691e-06  2.26263070691e-06  5.7390355937e-07  7.73801702118e-08  6.84535289264e-09  4.38351371837e-10  2.14866097278e-11  8.35105117645e-13  2.63509540727e-14  6.86139690049e-16  1.49106853473e-17  2.72495045473e-19  4.20758292954e-21  5.50136342801e-23  6.08952465027e-25  
8.84919236793e-27  8.78950105035e-25  7.32963007641e-23  5.13939688561e-21  3.02654473191e-19  1.49106853473e-17  6.10284325436e-16  2.05286939715e-14  5.58567110572e-13  1.20099951122e-11  1.97025494254e-10  2.33202330553e-09  1.80403876284e-08  7.37039764913e-08  7.37039764913e-08  1.80403876284e-08  2.33202330553e-09  1.97025494254e-10  1.20099951122e-11  5.58567110572e-13  2.05286939715e-14  6.10284325436e-16  1.49106853473e-17  3.02654473191e-19  5.13939688561e-21  7.32963007641e-23  8.78950105035e-25  8.84919236793e-27  
1.04242687651e-28  1.14993039713e-26  1.05433208037e-24  8.06063568543e-23  5.13939688561e-21  2.72495045473e-19  1.19405159761e-17  4.28043907689e-16  1.23610988455e-14  2.81032058884e-13  4.8578181285e-12  6.03722161036e-11  4.88423765061e-10  2.07295367702e-09  2.07295367702e-09  4.88423765061e-10  6.03722161036e-11  4.8578181285e-12  2.81032058884e-13  1.23610988455e-14  4.28043907689e-16  1.19405159761e-17  2.72495045473e-19  5.13939688561e-21  8.06063568543e-23  1.05433208037e-24  1.14993039713e-26  1.04242687651e-28  
9.92901021411e-31  1.23172498061e-28  1.25428135472e-26  1.05433208037e-24  7.32963007641e-23  4.20758292954e-21  1.98419195588e-19  7.61483353166e-18  2.34332273527e-16  5.65361396338e-15  1.03307599985e-13  1.35210263325e-12  1.14714639428e-11  5.07074561221e-11  5.07074561221e-11  1.14714639428e-11  1.35210263325e-12  1.03307599985e-13  5.65361396338e-15  2.34332273527e-16  7.61483353166e-18  1.98419195588e-19  4.20758292954e-21  7.32963007641e-23  1.05433208037e-24  1.25428135472e-26  1.23172498061e-28  9.92901021411e-31  
7.58922530677e-33  1.07558305742e-30  1.23172498061e-28  1.14993039713e-26  8.78950105035e-25  5.50136342801e-23  2.80875319948e-21  1.15999472836e-19  3.82123448966e-18  9.822884429e-17  1.90426716615e-15  2.63329727212e-14  2.3499113459e-13  1.08478674792e-12  1.08478674792e-12  2.3499113459e-13  2.63329727212e-14  1.90426716615e-15  9.822884429e-17  3.82123448966e-18  1.15999472836e-19  2.80875319948e-21  5.50136342801e-23  8.78950105035e-25  1.14993039713e-26  1.23172498061e-28  1.07558305742e-30  7.58922530677e-33  
4.59141406097e-35  7.58922530677e-33  9.92901021411e-31  1.04242687651e-28  8.84919236793e-27  6.08952465027e-25  3.38970139803e-23  1.51553495011e-21  5.37197412078e-20  1.47799596492e-18  3.05196942615e-17  4.47505009593e-16  4.21398574213e-15  2.03746677923e-14  2.03746677923e-14  4.21398574213e-15  4.47505009593e-16  3.05196942615e-17  1.47799596492e-18  5.37197412078e-20  1.51553495011e-21  3.38970139803e-23  6.08952465027e-25  8.84919236793e-27  1.04242687651e-28  9.92901021411e-31  7.58922530677e-33  4.59141406097e-35  
