0.0463907854276  0.102228002975  0.177225598758  0.281349604697  0.424270380169  0.614117817842  0.855534799285  1.14726997009  1.47985429427  1.83418003439  2.18190105103  2.48833695363  2.71790031237  2.84107976119  2.84107976119  2.71790031237  2.48833695363  2.18190105103  1.83418003439  1.47985429427  1.14726997009  0.855534799285  0.614117817842  0.424270380169  0.281349604697  0.177225598758  0.102228002975  0.0463907854276  
0.102228002975  0.22547784507  0.391436737976  0.622493297969  0.940580965814  1.36443888019  1.90524033381  2.56107999489  3.31150603351  4.11395279619  4.90424859139  5.60293984985  6.12770334076  6.4097550761  6.4097550761  6.12770334076  5.60293984985  4.90424859139  4.11395279619  3.31150603351  2.56107999489  1.90524033381  1.36443888019  0.940580965814  0.622493297969  0.391436737976  0.22547784507  0.102228002975  
0.177225598758  0.391436737976  0.680979272999  1.08581669068  1.64567409192  2.39532081856  3.35679374777  4.5292899093  5.87872242682  7.33026932109  8.76808650658  10.0459018888  11.0097117528  11.5291987838  11.5291987838  11.0097117528  10.0459018888  8.76808650658  7.33026932109  5.87872242682  4.5292899093  3.35679374777  2.39532081856  1.64567409192  1.08581669068  0.680979272999  0.391436737976  0.177225598758  
0.281349604697  0.622493297969  1.08581669068  1.73712442287  2.64304033233  3.86364848959  5.43981822628  7.37607250636  9.62195366101  12.057305278  14.4888860212  16.6658207057  18.317823913  19.2118832358  19.2118832358  18.317823913  16.6658207057  14.4888860212  12.057305278  9.62195366101  7.37607250636  5.43981822628  3.86364848959  2.64304033233  1.73712442287  1.08581669068  0.622493297969  0.281349604697  
0.424270380169  0.940580965814  1.64567409192  2.64304033233  4.03971927762  5.93560096269  8.40392795708  11.4636569248  15.0475404103  18.9740487784  22.9355676157  26.5174129489  29.2584324596  30.7504234406  30.7504234406  29.2584324596  26.5174129489  22.9355676157  18.9740487784  15.0475404103  11.4636569248  8.40392795708  5.93560096269  4.03971927762  2.64304033233  1.64567409192  0.940580965814  0.424270380169  
0.614117817842  1.36443888019  2.39532081856  3.86364848959  5.93560096269  8.7721866543  12.5008799275  17.1730710691  22.7114692628  28.8583709211  35.1441687434  40.9028475604  45.3609206224  47.8075219406  47.8075219406  45.3609206224  40.9028475604  35.1441687434  28.8583709211  22.7114692628  17.1730710691  12.5008799275  8.7721866543  5.93560096269  3.86364848959  2.39532081856  1.36443888019  0.614117817842  
0.855534799285  1.90524033381  3.35679374777  5.43981822628  8.40392795708  12.5008799275  17.9459276163  24.8557848533  33.165843249  42.5387901154  52.2914972531  61.3855913812  68.5407856074  72.5151907216  72.5151907216  68.5407856074  61.3855913812  52.2914972531  42.5387901154  33.165843249  24.8557848533  17.9459276163  12.5008799275  8.40392795708  5.43981822628  3.35679374777  1.90524033381  0.855534799285  
1.14726997009  2.56107999489  4.5292899093  7.37607250636  11.4636569248  17.1730710691  24.8557848533  34.7493842991  46.8549134982  60.7841656598  75.6065940832  89.7628588099  101.162718736  107.612787103  107.612787103  101.162718736  89.7628588099  75.6065940832  60.7841656598  46.8549134982  34.7493842991  24.8557848533  17.1730710691  11.4636569248  7.37607250636  4.5292899093  2.56107999489  1.14726997009  
1.47985429427  3.31150603351  5.87872242682  9.62195366101  15.0475404103  22.7114692628  33.165843249  46.8549134982  63.9481904709  84.1044738639  106.18208608  127.967700848  146.118805266  156.697241702  156.697241702  146.118805266  127.967700848  106.18208608  84.1044738639  63.9481904709  46.8549134982  33.165843249  22.7114692628  15.0475404103  9.62195366101  5.87872242682  3.31150603351  1.47985429427  
1.83418003439  4.11395279619  7.33026932109  12.057305278  18.9740487784  28.8583709211  42.5387901154  60.7841656598  84.1044738639  112.42732356  144.614071057  177.824010552  206.93277148  224.762166447  224.762166447  206.93277148  177.824010552  144.614071057  112.42732356  84.1044738639  60.7841656598  42.5387901154  28.8583709211  18.9740487784  12.057305278  7.33026932109  4.11395279619  1.83418003439  
2.18190105103  4.90424859139  8.76808650658  14.4888860212  22.9355676157  35.1441687434  52.2914972531  75.6065940832  106.18208608  144.614071057  190.33661844  240.438753372  287.819561355  319.469956749  319.469956749  287.819561355  240.438753372  190.33661844  144.614071057  106.18208608  75.6065940832  52.2914972531  35.1441687434  22.9355676157  14.4888860212  8.76808650658  4.90424859139  2.18190105103  
2.48833695363  5.60293984985  10.0459018888  16.6658207057  26.5174129489  40.9028475604  61.3855913812  89.7628588099  127.967700848  177.824010552  240.438753372  314.651653973  393.177807292  454.375744071  454.375744071  393.177807292  314.651653973  240.438753372  177.824010552  127.967700848  89.7628588099  61.3855913812  40.9028475604  26.5174129489  16.6658207057  10.0459018888  5.60293984985  2.48833695363  
2.71790031237  6.12770334076  11.0097117528  18.317823913  29.2584324596  45.3609206224  68.5407856074  101.162718736  146.118805266  206.93277148  287.819561355  393.177807292  523.861212974  657.817925859  657.817925859  523.861212974  393.177807292  287.819561355  206.93277148  146.118805266  101.162718736  68.5407856074  45.3609206224  29.2584324596  18.317823913  11.0097117528  6.12770334076  2.71790031237  
2.84107976119  6.4097550761  11.5291987838  19.2118832358  30.7504234406  47.8075219406  72.5151907216  107.612787103  156.697241702  224.762166447  319.469956749  454.375744071  657.817925859  1000.0  1000.0  657.817925859  454.375744071  319.469956749  224.762166447  156.697241702  107.612787103  72.5151907216  47.8075219406  30.7504234406  19.2118832358  11.5291987838  6.4097550761  2.84107976119  
2.84107976119  6.4097550761  11.5291987838  19.2118832358  30.7504234406  47.8075219406  72.5151907216  107.612787103  156.697241702  224.762166447  319.469956749  454.375744071  657.817925859  1000.0  1000.0  657.817925859  454.375744071  319.469956749  224.762166447  156.697241702  107.612787103  72.5151907216  47.8075219406  30.7504234406  19.2118832358  11.5291987838  6.4097550761  2.84107976119  
2.71790031237  6.12770334076  11.0097117528  18.317823913  29.2584324596  45.3609206224  68.5407856074  101.162718736  146.118805266  206.93277148  287.819561355  393.177807292  523.861212974  657.817925859  657.817925859  523.861212974  393.177807292  287.819561355  206.93277148  146.118805266  101.162718736  68.5407856074  45.3609206224  29.2584324596  18.317823913  11.0097117528  6.12770334076  2.71790031237  
2.48833695363  5.60293984985  10.0459018888  16.6658207057  26.5174129489  40.9028475604  61.3855913812  89.7628588099  127.967700848  177.824010552  240.438753372  314.651653973  393.177807292  454.375744071  454.375744071  393.177807292  314.651653973  240.438753372  177.824010552  127.967700848  89.7628588099  61.3855913812  40.9028475604  26.5174129489  16.6658207057  10.0459018888  5.60293984985  2.48833695363  
2.18190105103  4.90424859139  8.76808650658  14.4888860212  22.9355676157  35.1441687434  52.2914972531  75.6065940832  106.18208608  144.614071057  190.33661844  240.438753372  287.819561355  319.469956749  319.469956749  287.819561355  240.438753372  190.33661844  144.614071057  106.18208608  75.6065940832  52.2914972531  35.1441687434  22.9355676157  14.4888860212  8.76808650658  4.90424859139  2.18190105103  
1.83418003439  4.11395279619  7.33026932109  12.057305278  18.9740487784  28.8583709211  42.5387901154  60.7841656598  84.1044738639  112.42732356  144.614071057  177.824010552  206.93277148  224.762166447  224.762166447  206.93277148  177.824010552  144.614071057  112.42732356  84.1044738639  60.7841656598  42.5387901154  28.8583709211  18.9740487784  12.057305278  7.33026932109  4.11395279619  1.83418003439  
1.47985429427  3.31150603351  5.87872242682  9.62195366101  15.0475404103  22.7114692628  33.165843249  46.8549134982  63.9481904709  84.1044738639  106.18208608  127.967700848  146.118805266  156.697241702  156.697241702  146.118805266  127.967700848  106.18208608  84.1044738639  63.9481904709  46.8549134982  33.165843249  22.7114692628  15.0475404103  9.62195366101  5.87872242682  3.31150603351  1.47985429427  
1.14726997009  2.56107999489  4.5292899093  7.37607250636  11.4636569248  17.1730710691  24.8557848533  34.7493842991  46.8549134982  60.7841656598  75.6065940832  89.7628588099  101.162718736  107.612787103  107.612787103  101.162718736  89.7628588099  75.6065940832  60.7841656598  46.8549134982  34.7493842991  24.8557848533  17.1730710691  11.4636569248  7.37607250636  4.5292899093  2.56107999489  1.14726997009  
0.855534799285  1.90524033381  3.35679374777  5.43981822628  8.40392795708  12.5008799275  17.9459276163  24.8557848533  33.165843249  42.5387901154  52.2914972531  61.3855913812  68.5407856074  72.5151907216  72.5151907216  68.5407856074  61.3855913812  52.2914972531  42.5387901154  33.165843249  24.8557848533  17.9459276163  12.5008799275  8.40392795708  5.43981822628  3.35679374777  1.90524033381  0.855534799285  
0.614117817842  1.36443888019  2.39532081856  3.86364848959  5.93560096269  8.7721866543  12.5008799275  17.1730710691  22.7114692628  28.8583709211  35.1441687434  40.9028475604  45.3609206224  47.8075219406  47.8075219406  45.3609206224  40.9028475604  35.1441687434  28.8583709211  22.7114692628  17.1730710691  12.5008799275  8.7721866543  5.93560096269  3.86364848959  2.39532081856  1.36443888019  0.614117817842  
0.424270380169  0.940580965814  1.64567409192  2.64304033233  4.03971927762  5.93560096269  8.40392795708  11.4636569248  15.0475404103  18.9740487784  22.9355676157  26.5174129489  29.2584324596  30.7504234406  30.7504234406  29.2584324596  26.5174129489  22.9355676157  18.9740487784  15.0475404103  11.4636569248  8.40392795708  5.93560096269  4.03971927762  2.64304033233  1.64567409192  0.940580965814  0.424270380169  
0.281349604697  0.622493297969  1.08581669068  1.73712442287  2.64304033233  3.86364848959  5.43981822628  7.37607250636  9.62195366101  12.057305278  14.4888860212  16.6658207057  18.317823913  19.2118832358  19.2118832358  18.317823913  16.6658207057  14.4888860212  12.057305278  9.62195366101  7.37607250636  5.43981822628  3.86364848959  2.64304033233  1.73712442287  1.08581669068  0.622493297969  0.281349604697  
0.177225598758  0.391436737976  0.680979272999  1.08581669068  1.64567409192  2.39532081856  3.35679374777  4.5292899093  5.87872242682  7.33026932109  8.76808650658  10.0459018888  11.0097117528  11.5291987838  11.5291987838  11.0097117528  10.0459018888  8.76808650658  7.33026932109  5.87872242682  4.5292899093  3.35679374777  2.39532081856  1.64567409192  1.08581669068  0.680979272999  0.391436737976  0.177225598758  
0.102228002975  0.22547784507  0.391436737976  0.622493297969  0.940580965814  1.36443888019  1.90524033381  2.56107999489  3.31150603351  4.11395279619  4.90424859139  5.60293984985  6.12770334076  6.4097550761  6.4097550761  6.12770334076  5.60293984985  4.90424859139  4.11395279619  3.31150603351  2.56107999489  1.90524033381  1.36443888019  0.940580965814  0.622493297969  0.391436737976  0.22547784507  0.102228002975  
0.0463907854276  0.102228002975  0.177225598758  0.281349604697  0.424270380169  0.614117817842  0.855534799285  1.14726997009  1.47985429427  1.83418003439  2.18190105103  2.48833695363  2.71790031237  2.84107976119  2.84107976119  2.71790031237  2.48833695363  2.18190105103  1.83418003439  1.47985429427  1.14726997009  0.855534799285  0.614117817842  0.424270380169  0.281349604697  0.177225598758  0.102228002975  0.0463907854276  
