0.333969994044  0.693282149631  1.10167115528  1.57944994705  2.14135534953  2.7940636236  3.5335874681  4.34299969899  5.19114487526  6.03311910761  6.81321617671  7.47065554589  7.94769382779  8.19880148831  8.19880148831  7.94769382779  7.47065554589  6.81321617671  6.03311910761  5.19114487526  4.34299969899  3.5335874681  2.7940636236  2.14135534953  1.57944994705  1.10167115528  0.693282149631  0.333969994044  
0.693282149631  1.44005346867  2.29057664309  3.28820030328  4.46489795977  5.8360142175  7.39462056458  9.10638943104  10.906394278  12.6995735729  14.3665237508  15.7755514484  16.8003693029  17.340654135  17.340654135  16.8003693029  15.7755514484  14.3665237508  12.6995735729  10.906394278  9.10638943104  7.39462056458  5.8360142175  4.46489795977  3.28820030328  2.29057664309  1.44005346867  0.693282149631  
1.10167115528  2.29057664309  3.64912398107  5.2492569371  7.14542178801  9.36599928618  11.9037334344  14.7065369122  17.6709702691  20.6414418662  23.4183545  25.7774854441  27.5003352175  28.4110508047  28.4110508047  27.5003352175  25.7774854441  23.4183545  20.6414418662  17.6709702691  14.7065369122  11.9037334344  9.36599928618  7.14542178801  5.2492569371  3.64912398107  2.29057664309  1.10167115528  
1.57944994705  3.28820030328  5.2492569371  7.57173941339  10.3409832384  13.6059228018  17.3642701153  21.5472704221  26.007343722  30.5134523111  34.7599836951  38.3942867001  41.0644411581  42.481584031  42.481584031  41.0644411581  38.3942867001  34.7599836951  30.5134523111  26.007343722  21.5472704221  17.3642701153  13.6059228018  10.3409832384  7.57173941339  5.2492569371  3.28820030328  1.57944994705  
2.14135534953  4.46489795977  7.14542178801  10.3409832384  14.179979305  18.74371396  24.0446638612  30.002359369  36.4211295371  42.9767921229  49.2220616515  54.6213835625  58.6221864995  60.7578485985  60.7578485985  58.6221864995  54.6213835625  49.2220616515  42.9767921229  36.4211295371  30.002359369  24.0446638612  18.74371396  14.179979305  10.3409832384  7.14542178801  4.46489795977  2.14135534953  
2.7940636236  5.8360142175  9.36599928618  13.6059228018  18.74371396  24.9105801154  32.1506584476  40.3844826964  49.3708551654  58.6763921641  67.6679861815  75.5488213477  81.458104429  84.6388780181  84.6388780181  81.458104429  75.5488213477  67.6679861815  58.6763921641  49.3708551654  40.3844826964  32.1506584476  24.9105801154  18.74371396  13.6059228018  9.36599928618  5.8360142175  2.7940636236  
3.5335874681  7.39462056458  11.9037334344  17.3642701153  24.0446638612  32.1506584476  41.7852815739  52.8963100303  65.2145267821  78.1926637963  90.9659369229  102.37014926  111.065622377  115.803886327  115.803886327  111.065622377  102.37014926  90.9659369229  78.1926637963  65.2145267821  52.8963100303  41.7852815739  32.1506584476  24.0446638612  17.3642701153  11.9037334344  7.39462056458  3.5335874681  
4.34299969899  9.10638943104  14.7065369122  21.5472704221  30.002359369  40.3844826964  52.8963100303  67.5600351434  84.1241930936  101.953531939  119.923923591  136.375722569  149.22481088  156.359246677  156.359246677  149.22481088  136.375722569  119.923923591  101.953531939  84.1241930936  67.5600351434  52.8963100303  40.3844826964  30.002359369  21.5472704221  14.7065369122  9.10638943104  4.34299969899  
5.19114487526  10.906394278  17.6709702691  26.007343722  36.4211295371  49.3708551654  65.2145267821  84.1241930936  105.958286633  130.083758771  155.155220764  178.906541407  198.120946991  209.116099383  209.116099383  198.120946991  178.906541407  155.155220764  130.083758771  105.958286633  84.1241930936  65.2145267821  49.3708551654  36.4211295371  26.007343722  17.6709702691  10.906394278  5.19114487526  
6.03311910761  12.6995735729  20.6414418662  30.5134523111  42.9767921229  58.6763921641  78.1926637963  101.953531939  130.083758771  162.156564661  196.80632724  231.196321535  260.512384338  278.159164759  278.159164759  260.512384338  231.196321535  196.80632724  162.156564661  130.083758771  101.953531939  78.1926637963  58.6763921641  42.9767921229  30.5134523111  20.6414418662  12.6995735729  6.03311910761  
6.81321617671  14.3665237508  23.4183545  34.7599836951  49.2220616515  67.6679861815  90.9659369229  119.923923591  155.155220764  196.80632724  244.016112518  293.896078151  339.876091768  370.107901858  370.107901858  339.876091768  293.896078151  244.016112518  196.80632724  155.155220764  119.923923591  90.9659369229  67.6679861815  49.2220616515  34.7599836951  23.4183545  14.3665237508  6.81321617671  
7.47065554589  15.7755514484  25.7774854441  38.3942867001  54.6213835625  75.5488213477  102.37014926  136.375722569  178.906541407  231.196321535  293.896078151  365.734805912  440.040535409  497.180680602  497.180680602  440.040535409  365.734805912  293.896078151  231.196321535  178.906541407  136.375722569  102.37014926  75.5488213477  54.6213835625  38.3942867001  25.7774854441  15.7755514484  7.47065554589  
7.94769382779  16.8003693029  27.5003352175  41.0644411581  58.6221864995  81.458104429  111.065622377  149.22481088  198.120946991  260.512384338  339.876091768  440.040535409  561.855655904  685.473553717  685.473553717  561.855655904  440.040535409  339.876091768  260.512384338  198.120946991  149.22481088  111.065622377  81.458104429  58.6221864995  41.0644411581  27.5003352175  16.8003693029  7.94769382779  
8.19880148831  17.340654135  28.4110508047  42.481584031  60.7578485985  84.6388780181  115.803886327  156.359246677  209.116099383  278.159164759  370.107901858  497.180680602  685.473553717  1000.0  1000.0  685.473553717  497.180680602  370.107901858  278.159164759  209.116099383  156.359246677  115.803886327  84.6388780181  60.7578485985  42.481584031  28.4110508047  17.340654135  8.19880148831  
8.19880148831  17.340654135  28.4110508047  42.481584031  60.7578485985  84.6388780181  115.803886327  156.359246677  209.116099383  278.159164759  370.107901858  497.180680602  685.473553717  1000.0  1000.0  685.473553717  497.180680602  370.107901858  278.159164759  209.116099383  156.359246677  115.803886327  84.6388780181  60.7578485985  42.481584031  28.4110508047  17.340654135  8.19880148831  
7.94769382779  16.8003693029  27.5003352175  41.0644411581  58.6221864995  81.458104429  111.065622377  149.22481088  198.120946991  260.512384338  339.876091768  440.040535409  561.855655904  685.473553717  685.473553717  561.855655904  440.040535409  339.876091768  260.512384338  198.120946991  149.22481088  111.065622377  81.458104429  58.6221864995  41.0644411581  27.5003352175  16.8003693029  7.94769382779  
7.47065554589  15.7755514484  25.7774854441  38.3942867001  54.6213835625  75.5488213477  102.37014926  136.375722569  178.906541407  231.196321535  293.896078151  365.734805912  440.040535409  497.180680602  497.180680602  440.040535409  365.734805912  293.896078151  231.196321535  178.906541407  136.375722569  102.37014926  75.5488213477  54.6213835625  38.3942867001  25.7774854441  15.7755514484  7.47065554589  
6.81321617671  14.3665237508  23.4183545  34.7599836951  49.2220616515  67.6679861815  90.9659369229  119.923923591  155.155220764  196.80632724  244.016112518  293.896078151  339.876091768  370.107901858  370.107901858  339.876091768  293.896078151  244.016112518  196.80632724  155.155220764  119.923923591  90.9659369229  67.6679861815  49.2220616515  34.7599836951  23.4183545  14.3665237508  6.81321617671  
6.03311910761  12.6995735729  20.6414418662  30.5134523111  42.9767921229  58.6763921641  78.1926637963  101.953531939  130.083758771  162.156564661  196.80632724  231.196321535  260.512384338  278.159164759  278.159164759  260.512384338  231.196321535  196.80632724  162.156564661  130.083758771  101.953531939  78.1926637963  58.6763921641  42.9767921229  30.5134523111  20.6414418662  12.6995735729  6.03311910761  
5.19114487526  10.906394278  17.6709702691  26.007343722  36.4211295371  49.3708551654  65.2145267821  84.1241930936  105.958286633  130.083758771  155.155220764  178.906541407  198.120946991  209.116099383  209.116099383  198.120946991  178.906541407  155.155220764  130.083758771  105.958286633  84.1241930936  65.2145267821  49.3708551654  36.4211295371  26.007343722  17.6709702691  10.906394278  5.19114487526  
4.34299969899  9.10638943104  14.7065369122  21.5472704221  30.002359369  40.3844826964  52.8963100303  67.5600351434  84.1241930936  101.953531939  119.923923591  136.375722569  149.22481088  156.359246677  156.359246677  149.22481088  136.375722569  119.923923591  101.953531939  84.1241930936  67.5600351434  52.8963100303  40.3844826964  30.002359369  21.5472704221  14.7065369122  9.10638943104  4.34299969899  
3.5335874681  7.39462056458  11.9037334344  17.3642701153  24.0446638612  32.1506584476  41.7852815739  52.8963100303  65.2145267821  78.1926637963  90.9659369229  102.37014926  111.065622377  115.803886327  115.803886327  111.065622377  102.37014926  90.9659369229  78.1926637963  65.2145267821  52.8963100303  41.7852815739  32.1506584476  24.0446638612  17.3642701153  11.9037334344  7.39462056458  3.5335874681  
2.7940636236  5.8360142175  9.36599928618  13.6059228018  18.74371396  24.9105801154  32.1506584476  40.3844826964  49.3708551654  58.6763921641  67.6679861815  75.5488213477  81.458104429  84.6388780181  84.6388780181  81.458104429  75.5488213477  67.6679861815  58.6763921641  49.3708551654  40.3844826964  32.1506584476  24.9105801154  18.74371396  13.6059228018  9.36599928618  5.8360142175  2.7940636236  
2.14135534953  4.46489795977  7.14542178801  10.3409832384  14.179979305  18.74371396  24.0446638612  30.002359369  36.4211295371  42.9767921229  49.2220616515  54.6213835625  58.6221864995  60.7578485985  60.7578485985  58.6221864995  54.6213835625  49.2220616515  42.9767921229  36.4211295371  30.002359369  24.0446638612  18.74371396  14.179979305  10.3409832384  7.14542178801  4.46489795977  2.14135534953  
1.57944994705  3.28820030328  5.2492569371  7.57173941339  10.3409832384  13.6059228018  17.3642701153  21.5472704221  26.007343722  30.5134523111  34.7599836951  38.3942867001  41.0644411581  42.481584031  42.481584031  41.0644411581  38.3942867001  34.7599836951  30.5134523111  26.007343722  21.5472704221  17.3642701153  13.6059228018  10.3409832384  7.57173941339  5.2492569371  3.28820030328  1.57944994705  
1.10167115528  2.29057664309  3.64912398107  5.2492569371  7.14542178801  9.36599928618  11.9037334344  14.7065369122  17.6709702691  20.6414418662  23.4183545  25.7774854441  27.5003352175  28.4110508047  28.4110508047  27.5003352175  25.7774854441  23.4183545  20.6414418662  17.6709702691  14.7065369122  11.9037334344  9.36599928618  7.14542178801  5.2492569371  3.64912398107  2.29057664309  1.10167115528  
0.693282149631  1.44005346867  2.29057664309  3.28820030328  4.46489795977  5.8360142175  7.39462056458  9.10638943104  10.906394278  12.6995735729  14.3665237508  15.7755514484  16.8003693029  17.340654135  17.340654135  16.8003693029  15.7755514484  14.3665237508  12.6995735729  10.906394278  9.10638943104  7.39462056458  5.8360142175  4.46489795977  3.28820030328  2.29057664309  1.44005346867  0.693282149631  
0.333969994044  0.693282149631  1.10167115528  1.57944994705  2.14135534953  2.7940636236  3.5335874681  4.34299969899  5.19114487526  6.03311910761  6.81321617671  7.47065554589  7.94769382779  8.19880148831  8.19880148831  7.94769382779  7.47065554589  6.81321617671  6.03311910761  5.19114487526  4.34299969899  3.5335874681  2.7940636236  2.14135534953  1.57944994705  1.10167115528  0.693282149631  0.333969994044  
