0.466924796706  0.961465564939  1.50915096766  2.13119035657  2.84201923377  3.64667398387  4.53822877865  5.49573523526  6.48329328645  7.45097595346  8.33823426713  9.08002827465  9.61523701881  9.89601530667  9.89601530667  9.61523701881  9.08002827465  8.33823426713  7.45097595346  6.48329328645  5.49573523526  4.53822877865  3.64667398387  2.84201923377  2.13119035657  1.50915096766  0.961465564939  0.466924796706  
0.961465564939  1.9808845625  3.11201568351  4.39989492675  5.8757760698  7.55160609392  9.41448096685  11.421979107  13.4997094452  15.5426883463  17.4220559904  18.9979132043  20.1375615527  20.7363451311  20.7363451311  20.1375615527  18.9979132043  17.4220559904  15.5426883463  13.4997094452  11.421979107  9.41448096685  7.55160609392  5.8757760698  4.39989492675  3.11201568351  1.9808845625  0.961465564939  
1.50915096766  3.11201568351  4.89600771695  6.93533092393  9.28305278559  11.9621572847  14.9561746046  18.2007460143  21.5783024681  24.9186972756  28.0087585661  30.6127955095  32.5036258837  33.4997160314  33.4997160314  32.5036258837  30.6127955095  28.0087585661  24.9186972756  21.5783024681  18.2007460143  14.9561746046  11.9621572847  9.28305278559  6.93533092393  4.89600771695  3.11201568351  1.50915096766  
2.13119035657  4.39989492675  6.93533092393  9.84910807044  13.2241488214  17.1016156392  21.4664530352  26.2332910633  31.2358408986  36.2243084379  40.8762114033  44.82533558  47.710140446  49.235933776  49.235933776  47.710140446  44.82533558  40.8762114033  36.2243084379  31.2358408986  26.2332910633  21.4664530352  17.1016156392  13.2241488214  9.84910807044  6.93533092393  4.39989492675  2.13119035657  
2.84201923377  5.8757760698  9.28305278559  13.2241488214  17.8234929455  23.1517161473  29.2045224277  35.8802273196  42.9599648619  50.0971945311  56.8256798717  62.5960144157  66.8472270419  69.1087367584  69.1087367584  66.8472270419  62.5960144157  56.8256798717  50.0971945311  42.9599648619  35.8802273196  29.2045224277  23.1517161473  17.8234929455  13.2241488214  9.28305278559  5.8757760698  2.84201923377  
3.64667398387  7.55160609392  11.9621572847  17.1016156392  23.1517161473  30.2294008499  38.3574060014  47.4300447423  57.1784596863  67.1440091618  76.6741696077  84.9605998256  91.1386885107  94.4527393688  94.4527393688  91.1386885107  84.9605998256  76.6741696077  67.1440091618  57.1784596863  47.4300447423  38.3574060014  30.2294008499  23.1517161473  17.1016156392  11.9621572847  7.55160609392  3.64667398387  
4.53822877865  9.41448096685  14.9561746046  21.4664530352  29.2045224277  38.3574060014  49.0012618628  61.0519790632  74.2079953627  87.8944851896  101.228664389  113.040672369  121.996699095  126.860376931  126.860376931  121.996699095  113.040672369  101.228664389  87.8944851896  74.2079953627  61.0519790632  49.0012618628  38.3574060014  29.2045224277  21.4664530352  14.9561746046  9.41448096685  4.53822877865  
5.49573523526  11.421979107  18.2007460143  26.2332910633  35.8802273196  47.4300447423  61.0519790632  76.729608602  94.1736801437  112.71913813  131.226946582  148.041958802  161.103147023  168.331195029  168.331195029  161.103147023  148.041958802  131.226946582  112.71913813  94.1736801437  76.729608602  61.0519790632  47.4300447423  35.8802273196  26.2332910633  18.2007460143  11.421979107  5.49573523526  
6.48329328645  13.4997094452  21.5783024681  31.2358408986  42.9599648619  57.1784596863  74.2079953627  94.1736801437  116.889012938  141.687612773  167.212623812  191.216702314  210.533870872  221.552127035  221.552127035  210.533870872  191.216702314  167.212623812  141.687612773  116.889012938  94.1736801437  74.2079953627  57.1784596863  42.9599648619  31.2358408986  21.5783024681  13.4997094452  6.48329328645  
7.45097595346  15.5426883463  24.9186972756  36.2243084379  50.0971945311  67.1440091618  87.8944851896  112.71913813  141.687612773  174.332513272  209.276993628  243.718413782  272.933397038  290.465457703  290.465457703  272.933397038  243.718413782  209.276993628  174.332513272  141.687612773  112.71913813  87.8944851896  67.1440091618  50.0971945311  36.2243084379  24.9186972756  15.5426883463  7.45097595346  
8.33823426713  17.4220559904  28.0087585661  40.8762114033  56.8256798717  76.6741696077  101.228664389  131.226946582  167.212623812  209.276993628  256.537676545  306.146182309  351.669024567  381.516905451  381.516905451  351.669024567  306.146182309  256.537676545  209.276993628  167.212623812  131.226946582  101.228664389  76.6741696077  56.8256798717  40.8762114033  28.0087585661  17.4220559904  8.33823426713  
9.08002827465  18.9979132043  30.6127955095  44.82533558  62.5960144157  84.9605998256  113.040672369  148.041958802  191.216702314  243.718413782  306.146182309  377.24127309  450.482661711  506.672400274  506.672400274  450.482661711  377.24127309  306.146182309  243.718413782  191.216702314  148.041958802  113.040672369  84.9605998256  62.5960144157  44.82533558  30.6127955095  18.9979132043  9.08002827465  
9.61523701881  20.1375615527  32.5036258837  47.710140446  66.8472270419  91.1386885107  121.996699095  161.103147023  210.533870872  272.933397038  351.669024567  450.482661711  570.23719977  691.55031393  691.55031393  570.23719977  450.482661711  351.669024567  272.933397038  210.533870872  161.103147023  121.996699095  91.1386885107  66.8472270419  47.710140446  32.5036258837  20.1375615527  9.61523701881  
9.89601530667  20.7363451311  33.4997160314  49.235933776  69.1087367584  94.4527393688  126.860376931  168.331195029  221.552127035  290.465457703  381.516905451  506.672400274  691.55031393  1000.0  1000.0  691.55031393  506.672400274  381.516905451  290.465457703  221.552127035  168.331195029  126.860376931  94.4527393688  69.1087367584  49.235933776  33.4997160314  20.7363451311  9.89601530667  
9.89601530667  20.7363451311  33.4997160314  49.235933776  69.1087367584  94.4527393688  126.860376931  168.331195029  221.552127035  290.465457703  381.516905451  506.672400274  691.55031393  1000.0  1000.0  691.55031393  506.672400274  381.516905451  290.465457703  221.552127035  168.331195029  126.860376931  94.4527393688  69.1087367584  49.235933776  33.4997160314  20.7363451311  9.89601530667  
9.61523701881  20.1375615527  32.5036258837  47.710140446  66.8472270419  91.1386885107  121.996699095  161.103147023  210.533870872  272.933397038  351.669024567  450.482661711  570.23719977  691.55031393  691.55031393  570.23719977  450.482661711  351.669024567  272.933397038  210.533870872  161.103147023  121.996699095  91.1386885107  66.8472270419  47.710140446  32.5036258837  20.1375615527  9.61523701881  
9.08002827465  18.9979132043  30.6127955095  44.82533558  62.5960144157  84.9605998256  113.040672369  148.041958802  191.216702314  243.718413782  306.146182309  377.24127309  450.482661711  506.672400274  506.672400274  450.482661711  377.24127309  306.146182309  243.718413782  191.216702314  148.041958802  113.040672369  84.9605998256  62.5960144157  44.82533558  30.6127955095  18.9979132043  9.08002827465  
8.33823426713  17.4220559904  28.0087585661  40.8762114033  56.8256798717  76.6741696077  101.228664389  131.226946582  167.212623812  209.276993628  256.537676545  306.146182309  351.669024567  381.516905451  381.516905451  351.669024567  306.146182309  256.537676545  209.276993628  167.212623812  131.226946582  101.228664389  76.6741696077  56.8256798717  40.8762114033  28.0087585661  17.4220559904  8.33823426713  
7.45097595346  15.5426883463  24.9186972756  36.2243084379  50.0971945311  67.1440091618  87.8944851896  112.71913813  141.687612773  174.332513272  209.276993628  243.718413782  272.933397038  290.465457703  290.465457703  272.933397038  243.718413782  209.276993628  174.332513272  141.687612773  112.71913813  87.8944851896  67.1440091618  50.0971945311  36.2243084379  24.9186972756  15.5426883463  7.45097595346  
6.48329328645  13.4997094452  21.5783024681  31.2358408986  42.9599648619  57.1784596863  74.2079953627  94.1736801437  116.889012938  141.687612773  167.212623812  191.216702314  210.533870872  221.552127035  221.552127035  210.533870872  191.216702314  167.212623812  141.687612773  116.889012938  94.1736801437  74.2079953627  57.1784596863  42.9599648619  31.2358408986  21.5783024681  13.4997094452  6.48329328645  
5.49573523526  11.421979107  18.2007460143  26.2332910633  35.8802273196  47.4300447423  61.0519790632  76.729608602  94.1736801437  112.71913813  131.226946582  148.041958802  161.103147023  168.331195029  168.331195029  161.103147023  148.041958802  131.226946582  112.71913813  94.1736801437  76.729608602  61.0519790632  47.4300447423  35.8802273196  26.2332910633  18.2007460143  11.421979107  5.49573523526  
4.53822877865  9.41448096685  14.9561746046  21.4664530352  29.2045224277  38.3574060014  49.0012618628  61.0519790632  74.2079953627  87.8944851896  101.228664389  113.040672369  121.996699095  126.860376931  126.860376931  121.996699095  113.040672369  101.228664389  87.8944851896  74.2079953627  61.0519790632  49.0012618628  38.3574060014  29.2045224277  21.4664530352  14.9561746046  9.41448096685  4.53822877865  
3.64667398387  7.55160609392  11.9621572847  17.1016156392  23.1517161473  30.2294008499  38.3574060014  47.4300447423  57.1784596863  67.1440091618  76.6741696077  84.9605998256  91.1386885107  94.4527393688  94.4527393688  91.1386885107  84.9605998256  76.6741696077  67.1440091618  57.1784596863  47.4300447423  38.3574060014  30.2294008499  23.1517161473  17.1016156392  11.9621572847  7.55160609392  3.64667398387  
2.84201923377  5.8757760698  9.28305278559  13.2241488214  17.8234929455  23.1517161473  29.2045224277  35.8802273196  42.9599648619  50.0971945311  56.8256798717  62.5960144157  66.8472270419  69.1087367584  69.1087367584  66.8472270419  62.5960144157  56.8256798717  50.0971945311  42.9599648619  35.8802273196  29.2045224277  23.1517161473  17.8234929455  13.2241488214  9.28305278559  5.8757760698  2.84201923377  
2.13119035657  4.39989492675  6.93533092393  9.84910807044  13.2241488214  17.1016156392  21.4664530352  26.2332910633  31.2358408986  36.2243084379  40.8762114033  44.82533558  47.710140446  49.235933776  49.235933776  47.710140446  44.82533558  40.8762114033  36.2243084379  31.2358408986  26.2332910633  21.4664530352  17.1016156392  13.2241488214  9.84910807044  6.93533092393  4.39989492675  2.13119035657  
1.50915096766  3.11201568351  4.89600771695  6.93533092393  9.28305278559  11.9621572847  14.9561746046  18.2007460143  21.5783024681  24.9186972756  28.0087585661  30.6127955095  32.5036258837  33.4997160314  33.4997160314  32.5036258837  30.6127955095  28.0087585661  24.9186972756  21.5783024681  18.2007460143  14.9561746046  11.9621572847  9.28305278559  6.93533092393  4.89600771695  3.11201568351  1.50915096766  
0.961465564939  1.9808845625  3.11201568351  4.39989492675  5.8757760698  7.55160609392  9.41448096685  11.421979107  13.4997094452  15.5426883463  17.4220559904  18.9979132043  20.1375615527  20.7363451311  20.7363451311  20.1375615527  18.9979132043  17.4220559904  15.5426883463  13.4997094452  11.421979107  9.41448096685  7.55160609392  5.8757760698  4.39989492675  3.11201568351  1.9808845625  0.961465564939  
0.466924796706  0.961465564939  1.50915096766  2.13119035657  2.84201923377  3.64667398387  4.53822877865  5.49573523526  6.48329328645  7.45097595346  8.33823426713  9.08002827465  9.61523701881  9.89601530667  9.89601530667  9.61523701881  9.08002827465  8.33823426713  7.45097595346  6.48329328645  5.49573523526  4.53822877865  3.64667398387  2.84201923377  2.13119035657  1.50915096766  0.961465564939  0.466924796706  
