3.49828957532e-05  0.000105990299075  0.000274938683321  0.000663929693157  0.00150219035628  0.00317853534689  0.00627081149509  0.0114969595951  0.019520745988  0.0305848095102  0.0440600255006  0.0581578463619  0.0701227585652  0.0770492026045  0.0770492026045  0.0701227585652  0.0581578463619  0.0440600255006  0.0305848095102  0.019520745988  0.0114969595951  0.00627081149509  0.00317853534689  0.00150219035628  0.000663929693157  0.000274938683321  0.000105990299075  3.49828957532e-05  
0.000105990299075  0.000321290925141  0.000834067626444  0.00201615475634  0.00456739956993  0.00967881483721  0.0191283432022  0.035139293333  0.0597914692619  0.0938900209122  0.135552640222  0.179274514975  0.216479481523  0.238056465311  0.238056465311  0.216479481523  0.179274514975  0.135552640222  0.0938900209122  0.0597914692619  0.035139293333  0.0191283432022  0.00967881483721  0.00456739956993  0.00201615475634  0.000834067626444  0.000321290925141  0.000105990299075  
0.000274938683321  0.000834067626444  0.00216767147257  0.00524743096183  0.0119087890508  0.0252899091476  0.0501048816029  0.0923026363991  0.157540558889  0.248180133774  0.359442594941  0.476733867099  0.576935098408  0.635206222587  0.635206222587  0.576935098408  0.476733867099  0.359442594941  0.248180133774  0.157540558889  0.0923026363991  0.0501048816029  0.0252899091476  0.0119087890508  0.00524743096183  0.00216767147257  0.000834067626444  0.000274938683321  
0.000663929693157  0.00201615475634  0.00524743096183  0.0127263084713  0.0289469748868  0.061638235916  0.122501783842  0.226475027315  0.388059693958  0.613860463244  0.892735469844  1.1885038888  1.44253170096  1.59082255512  1.59082255512  1.44253170096  1.1885038888  0.892735469844  0.613860463244  0.388059693958  0.226475027315  0.122501783842  0.061638235916  0.0289469748868  0.0127263084713  0.00524743096183  0.00201615475634  0.000663929693157  
0.00150219035628  0.00456739956993  0.0119087890508  0.0289469748868  0.0660232771161  0.141048099686  0.281400266908  0.522526072566  0.899718453281  1.4306991644  2.09170239978  2.79838838655  3.40977138454  3.76857277948  3.76857277948  3.40977138454  2.79838838655  2.09170239978  1.4306991644  0.899718453281  0.522526072566  0.281400266908  0.141048099686  0.0660232771161  0.0289469748868  0.0119087890508  0.00456739956993  0.00150219035628  
0.00317853534689  0.00967881483721  0.0252899091476  0.061638235916  0.141048099686  0.302512209687  0.606333419118  1.13193709215  1.9608631145  3.13869717275  4.62013383989  6.2210184316  7.61998537234  8.44726337533  8.44726337533  7.61998537234  6.2210184316  4.62013383989  3.13869717275  1.9608631145  1.13193709215  0.606333419118  0.302512209687  0.141048099686  0.061638235916  0.0252899091476  0.00967881483721  0.00317853534689  
0.00627081149509  0.0191283432022  0.0501048816029  0.122501783842  0.281400266908  0.606333419118  1.22202106038  2.29617547142  4.00741399073  6.46791790257  9.60458586574  13.043636558  16.091739847  17.9146210532  17.9146210532  16.091739847  13.043636558  9.60458586574  6.46791790257  4.00741399073  2.29617547142  1.22202106038  0.606333419118  0.281400266908  0.122501783842  0.0501048816029  0.0191283432022  0.00627081149509  
0.0114969595951  0.035139293333  0.0923026363991  0.226475027315  0.522526072566  1.13193709215  2.29617547142  4.3480688916  7.65783752337  12.4887323198  18.7568225764  25.766674151  32.1075030257  35.9656713068  35.9656713068  32.1075030257  25.766674151  18.7568225764  12.4887323198  7.65783752337  4.3480688916  2.29617547142  1.13193709215  0.522526072566  0.226475027315  0.0923026363991  0.035139293333  0.0114969595951  
0.019520745988  0.0597914692619  0.157540558889  0.388059693958  0.899718453281  1.9608631145  4.00741399073  7.65783752337  13.6357464905  22.5272452525  34.3338895126  47.9034067175  60.5512066323  68.4633203892  68.4633203892  60.5512066323  47.9034067175  34.3338895126  22.5272452525  13.6357464905  7.65783752337  4.00741399073  1.9608631145  0.899718453281  0.388059693958  0.157540558889  0.0597914692619  0.019520745988  
0.0305848095102  0.0938900209122  0.248180133774  0.613860463244  1.4306991644  3.13869717275  6.46791790257  12.4887323198  22.5272452525  37.8116222512  58.7271683261  83.6914921726  108.028189827  123.977043955  123.977043955  108.028189827  83.6914921726  58.7271683261  37.8116222512  22.5272452525  12.4887323198  6.46791790257  3.13869717275  1.4306991644  0.613860463244  0.248180133774  0.0938900209122  0.0305848095102  
0.0440600255006  0.135552640222  0.359442594941  0.892735469844  2.09170239978  4.62013383989  9.60458586574  18.7568225764  34.3338895126  58.7271683261  93.4138565851  137.020184412  182.515415295  214.846568005  214.846568005  182.515415295  137.020184412  93.4138565851  58.7271683261  34.3338895126  18.7568225764  9.60458586574  4.62013383989  2.09170239978  0.892735469844  0.359442594941  0.135552640222  0.0440600255006  
0.0581578463619  0.179274514975  0.476733867099  1.1885038888  2.79838838655  6.2210184316  13.043636558  25.766674151  47.9034067175  83.6914921726  137.020184412  208.872839411  291.886300688  360.071625152  360.071625152  291.886300688  208.872839411  137.020184412  83.6914921726  47.9034067175  25.766674151  13.043636558  6.2210184316  2.79838838655  1.1885038888  0.476733867099  0.179274514975  0.0581578463619  
0.0701227585652  0.216479481523  0.576935098408  1.44253170096  3.40977138454  7.61998537234  16.091739847  32.1075030257  60.5512066323  108.028189827  182.515415295  291.886300688  438.356487304  594.59154351  594.59154351  438.356487304  291.886300688  182.515415295  108.028189827  60.5512066323  32.1075030257  16.091739847  7.61998537234  3.40977138454  1.44253170096  0.576935098408  0.216479481523  0.0701227585652  
0.0770492026045  0.238056465311  0.635206222587  1.59082255512  3.76857277948  8.44726337533  17.9146210532  35.9656713068  68.4633203892  123.977043955  214.846568005  360.071625152  594.59154351  1000.0  1000.0  594.59154351  360.071625152  214.846568005  123.977043955  68.4633203892  35.9656713068  17.9146210532  8.44726337533  3.76857277948  1.59082255512  0.635206222587  0.238056465311  0.0770492026045  
0.0770492026045  0.238056465311  0.635206222587  1.59082255512  3.76857277948  8.44726337533  17.9146210532  35.9656713068  68.4633203892  123.977043955  214.846568005  360.071625152  594.59154351  1000.0  1000.0  594.59154351  360.071625152  214.846568005  123.977043955  68.4633203892  35.9656713068  17.9146210532  8.44726337533  3.76857277948  1.59082255512  0.635206222587  0.238056465311  0.0770492026045  
0.0701227585652  0.216479481523  0.576935098408  1.44253170096  3.40977138454  7.61998537234  16.091739847  32.1075030257  60.5512066323  108.028189827  182.515415295  291.886300688  438.356487304  594.59154351  594.59154351  438.356487304  291.886300688  182.515415295  108.028189827  60.5512066323  32.1075030257  16.091739847  7.61998537234  3.40977138454  1.44253170096  0.576935098408  0.216479481523  0.0701227585652  
0.0581578463619  0.179274514975  0.476733867099  1.1885038888  2.79838838655  6.2210184316  13.043636558  25.766674151  47.9034067175  83.6914921726  137.020184412  208.872839411  291.886300688  360.071625152  360.071625152  291.886300688  208.872839411  137.020184412  83.6914921726  47.9034067175  25.766674151  13.043636558  6.2210184316  2.79838838655  1.1885038888  0.476733867099  0.179274514975  0.0581578463619  
0.0440600255006  0.135552640222  0.359442594941  0.892735469844  2.09170239978  4.62013383989  9.60458586574  18.7568225764  34.3338895126  58.7271683261  93.4138565851  137.020184412  182.515415295  214.846568005  214.846568005  182.515415295  137.020184412  93.4138565851  58.7271683261  34.3338895126  18.7568225764  9.60458586574  4.62013383989  2.09170239978  0.892735469844  0.359442594941  0.135552640222  0.0440600255006  
0.0305848095102  0.0938900209122  0.248180133774  0.613860463244  1.4306991644  3.13869717275  6.46791790257  12.4887323198  22.5272452525  37.8116222512  58.7271683261  83.6914921726  108.028189827  123.977043955  123.977043955  108.028189827  83.6914921726  58.7271683261  37.8116222512  22.5272452525  12.4887323198  6.46791790257  3.13869717275  1.4306991644  0.613860463244  0.248180133774  0.0938900209122  0.0305848095102  
0.019520745988  0.0597914692619  0.157540558889  0.388059693958  0.899718453281  1.9608631145  4.00741399073  7.65783752337  13.6357464905  22.5272452525  34.3338895126  47.9034067175  60.5512066323  68.4633203892  68.4633203892  60.5512066323  47.9034067175  34.3338895126  22.5272452525  13.6357464905  7.65783752337  4.00741399073  1.9608631145  0.899718453281  0.388059693958  0.157540558889  0.0597914692619  0.019520745988  
0.0114969595951  0.035139293333  0.0923026363991  0.226475027315  0.522526072566  1.13193709215  2.29617547142  4.3480688916  7.65783752337  12.4887323198  18.7568225764  25.766674151  32.1075030257  35.9656713068  35.9656713068  32.1075030257  25.766674151  18.7568225764  12.4887323198  7.65783752337  4.3480688916  2.29617547142  1.13193709215  0.522526072566  0.226475027315  0.0923026363991  0.035139293333  0.0114969595951  
0.00627081149509  0.0191283432022  0.0501048816029  0.122501783842  0.281400266908  0.606333419118  1.22202106038  2.29617547142  4.00741399073  6.46791790257  9.60458586574  13.043636558  16.091739847  17.9146210532  17.9146210532  16.091739847  13.043636558  9.60458586574  6.46791790257  4.00741399073  2.29617547142  1.22202106038  0.606333419118  0.281400266908  0.122501783842  0.0501048816029  0.0191283432022  0.00627081149509  
0.00317853534689  0.00967881483721  0.0252899091476  0.061638235916  0.141048099686  0.302512209687  0.606333419118  1.13193709215  1.9608631145  3.13869717275  4.62013383989  6.2210184316  7.61998537234  8.44726337533  8.44726337533  7.61998537234  6.2210184316  4.62013383989  3.13869717275  1.9608631145  1.13193709215  0.606333419118  0.302512209687  0.141048099686  0.061638235916  0.0252899091476  0.00967881483721  0.00317853534689  
0.00150219035628  0.00456739956993  0.0119087890508  0.0289469748868  0.0660232771161  0.141048099686  0.281400266908  0.522526072566  0.899718453281  1.4306991644  2.09170239978  2.79838838655  3.40977138454  3.76857277948  3.76857277948  3.40977138454  2.79838838655  2.09170239978  1.4306991644  0.899718453281  0.522526072566  0.281400266908  0.141048099686  0.0660232771161  0.0289469748868  0.0119087890508  0.00456739956993  0.00150219035628  
0.000663929693157  0.00201615475634  0.00524743096183  0.0127263084713  0.0289469748868  0.061638235916  0.122501783842  0.226475027315  0.388059693958  0.613860463244  0.892735469844  1.1885038888  1.44253170096  1.59082255512  1.59082255512  1.44253170096  1.1885038888  0.892735469844  0.613860463244  0.388059693958  0.226475027315  0.122501783842  0.061638235916  0.0289469748868  0.0127263084713  0.00524743096183  0.00201615475634  0.000663929693157  
0.000274938683321  0.000834067626444  0.00216767147257  0.00524743096183  0.0119087890508  0.0252899091476  0.0501048816029  0.0923026363991  0.157540558889  0.248180133774  0.359442594941  0.476733867099  0.576935098408  0.635206222587  0.635206222587  0.576935098408  0.476733867099  0.359442594941  0.248180133774  0.157540558889  0.0923026363991  0.0501048816029  0.0252899091476  0.0119087890508  0.00524743096183  0.00216767147257  0.000834067626444  0.000274938683321  
0.000105990299075  0.000321290925141  0.000834067626444  0.00201615475634  0.00456739956993  0.00967881483721  0.0191283432022  0.035139293333  0.0597914692619  0.0938900209122  0.135552640222  0.179274514975  0.216479481523  0.238056465311  0.238056465311  0.216479481523  0.179274514975  0.135552640222  0.0938900209122  0.0597914692619  0.035139293333  0.0191283432022  0.00967881483721  0.00456739956993  0.00201615475634  0.000834067626444  0.000321290925141  0.000105990299075  
3.49828957532e-05  0.000105990299075  0.000274938683321  0.000663929693157  0.00150219035628  0.00317853534689  0.00627081149509  0.0114969595951  0.019520745988  0.0305848095102  0.0440600255006  0.0581578463619  0.0701227585652  0.0770492026045  0.0770492026045  0.0701227585652  0.0581578463619  0.0440600255006  0.0305848095102  0.019520745988  0.0114969595951  0.00627081149509  0.00317853534689  0.00150219035628  0.000663929693157  0.000274938683321  0.000105990299075  3.49828957532e-05  
