0.000589835228851  0.00155827275558  0.00342914170342  0.00701784031791  0.0135577177318  0.0247455451764  0.0426031645449  0.0690418576723  0.105083196508  0.1498652068  0.199809190523  0.248500704253  0.287742920206  0.309752802099  0.309752802099  0.287742920206  0.248500704253  0.199809190523  0.1498652068  0.105083196508  0.0690418576723  0.0426031645449  0.0247455451764  0.0135577177318  0.00701784031791  0.00342914170342  0.00155827275558  0.000589835228851  
0.00155827275558  0.00412062861536  0.00907989662068  0.0186120289997  0.0360225188227  0.0658836366345  0.113684830508  0.184681606424  0.281797176619  0.402896852216  0.538436085752  0.671012261428  0.778152179379  0.83835411305  0.83835411305  0.778152179379  0.671012261428  0.538436085752  0.402896852216  0.281797176619  0.184681606424  0.113684830508  0.0658836366345  0.0360225188227  0.0186120289997  0.00907989662068  0.00412062861536  0.00155827275558  
0.00342914170342  0.00907989662068  0.0200452854215  0.0411822085953  0.0799141050975  0.146589268181  0.253766616602  0.413689094433  0.633545608724  0.909150873776  1.21926170045  1.52411039309  1.77150476482  1.91091148573  1.91091148573  1.77150476482  1.52411039309  1.21926170045  0.909150873776  0.633545608724  0.413689094433  0.253766616602  0.146589268181  0.0799141050975  0.0411822085953  0.0200452854215  0.00907989662068  0.00342914170342  
0.00701784031791  0.0186120289997  0.0411822085953  0.0848403499853  0.165158111684  0.304050938637  0.528473987378  0.865296434799  1.33132506499  1.9195366791  2.58604388921  3.24564784353  3.78401896712  4.08859733606  4.08859733606  3.78401896712  3.24564784353  2.58604388921  1.9195366791  1.33132506499  0.865296434799  0.528473987378  0.304050938637  0.165158111684  0.0848403499853  0.0411822085953  0.0186120289997  0.00701784031791  
0.0135577177318  0.0360225188227  0.0799141050975  0.165158111684  0.322708842273  0.5966265759  1.04197397964  1.71510786951  2.65385595558  3.84898323527  5.21545825899  6.57979289382  7.70206063715  8.34048558227  8.34048558227  7.70206063715  6.57979289382  5.21545825899  3.84898323527  2.65385595558  1.71510786951  1.04197397964  0.5966265759  0.322708842273  0.165158111684  0.0799141050975  0.0360225188227  0.0135577177318  
0.0247455451764  0.0658836366345  0.146589268181  0.304050938637  0.5966265759  1.10848309556  1.94678990781  3.22467401886  5.02416819778  7.34003157725  10.0188744496  12.7251307257  14.9751457382  16.2652082798  16.2652082798  14.9751457382  12.7251307257  10.0188744496  7.34003157725  5.02416819778  3.22467401886  1.94678990781  1.10848309556  0.5966265759  0.304050938637  0.146589268181  0.0658836366345  0.0247455451764  
0.0426031645449  0.113684830508  0.253766616602  0.528473987378  1.04197397964  1.94678990781  3.4413850632  5.74285320737  9.0223226681  13.3005015726  18.3242769051  23.4802606331  27.831787935  30.3558149416  30.3558149416  27.831787935  23.4802606331  18.3242769051  13.3005015726  9.0223226681  5.74285320737  3.4413850632  1.94678990781  1.04197397964  0.528473987378  0.253766616602  0.113684830508  0.0426031645449  
0.0690418576723  0.184681606424  0.413689094433  0.865296434799  1.71510786951  3.22467401886  5.74285320737  9.66702552437  15.3395509499  22.8663164209  31.8795099135  41.3307737206  49.4810800643  54.2932181214  54.2932181214  49.4810800643  41.3307737206  31.8795099135  22.8663164209  15.3395509499  9.66702552437  5.74285320737  3.22467401886  1.71510786951  0.865296434799  0.413689094433  0.184681606424  0.0690418576723  
0.105083196508  0.281797176619  0.633545608724  1.33132506499  2.65385595558  5.02416819778  9.0223226681  15.3395509499  24.6294554283  37.2190028191  52.6831218438  69.3838617565  84.2483849404  93.2783786015  93.2783786015  84.2483849404  69.3838617565  52.6831218438  37.2190028191  24.6294554283  15.3395509499  9.0223226681  5.02416819778  2.65385595558  1.33132506499  0.633545608724  0.281797176619  0.105083196508  
0.1498652068  0.402896852216  0.909150873776  1.9195366791  3.84898323527  7.34003157725  13.3005015726  22.8663164209  37.2190028191  57.1781377463  82.5115113489  111.002185413  137.586933365  154.527686602  154.527686602  137.586933365  111.002185413  82.5115113489  57.1781377463  37.2190028191  22.8663164209  13.3005015726  7.34003157725  3.84898323527  1.9195366791  0.909150873776  0.402896852216  0.1498652068  
0.199809190523  0.538436085752  1.21926170045  2.58604388921  5.21545825899  10.0188744496  18.3242769051  31.8795099135  52.6831218438  82.5115113489  121.969742486  168.864593529  215.848610398  248.391081538  248.391081538  215.848610398  168.864593529  121.969742486  82.5115113489  52.6831218438  31.8795099135  18.3242769051  10.0188744496  5.21545825899  2.58604388921  1.21926170045  0.538436085752  0.199809190523  
0.248500704253  0.671012261428  1.52411039309  3.24564784353  6.57979289382  12.7251307257  23.4802606331  41.3307737206  69.3838617565  111.002185413  168.864593529  242.838664912  325.255792978  391.487929329  391.487929329  325.255792978  242.838664912  168.864593529  111.002185413  69.3838617565  41.3307737206  23.4802606331  12.7251307257  6.57979289382  3.24564784353  1.52411039309  0.671012261428  0.248500704253  
0.287742920206  0.778152179379  1.77150476482  3.78401896712  7.70206063715  14.9751457382  27.831787935  49.4810800643  84.2483849404  137.586933365  215.848610398  325.255792978  467.199072308  616.11304039  616.11304039  467.199072308  325.255792978  215.848610398  137.586933365  84.2483849404  49.4810800643  27.831787935  14.9751457382  7.70206063715  3.78401896712  1.77150476482  0.778152179379  0.287742920206  
0.309752802099  0.83835411305  1.91091148573  4.08859733606  8.34048558227  16.2652082798  30.3558149416  54.2932181214  93.2783786015  154.527686602  248.391081538  391.487929329  616.11304039  1000.0  1000.0  616.11304039  391.487929329  248.391081538  154.527686602  93.2783786015  54.2932181214  30.3558149416  16.2652082798  8.34048558227  4.08859733606  1.91091148573  0.83835411305  0.309752802099  
0.309752802099  0.83835411305  1.91091148573  4.08859733606  8.34048558227  16.2652082798  30.3558149416  54.2932181214  93.2783786015  154.527686602  248.391081538  391.487929329  616.11304039  1000.0  1000.0  616.11304039  391.487929329  248.391081538  154.527686602  93.2783786015  54.2932181214  30.3558149416  16.2652082798  8.34048558227  4.08859733606  1.91091148573  0.83835411305  0.309752802099  
0.287742920206  0.778152179379  1.77150476482  3.78401896712  7.70206063715  14.9751457382  27.831787935  49.4810800643  84.2483849404  137.586933365  215.848610398  325.255792978  467.199072308  616.11304039  616.11304039  467.199072308  325.255792978  215.848610398  137.586933365  84.2483849404  49.4810800643  27.831787935  14.9751457382  7.70206063715  3.78401896712  1.77150476482  0.778152179379  0.287742920206  
0.248500704253  0.671012261428  1.52411039309  3.24564784353  6.57979289382  12.7251307257  23.4802606331  41.3307737206  69.3838617565  111.002185413  168.864593529  242.838664912  325.255792978  391.487929329  391.487929329  325.255792978  242.838664912  168.864593529  111.002185413  69.3838617565  41.3307737206  23.4802606331  12.7251307257  6.57979289382  3.24564784353  1.52411039309  0.671012261428  0.248500704253  
0.199809190523  0.538436085752  1.21926170045  2.58604388921  5.21545825899  10.0188744496  18.3242769051  31.8795099135  52.6831218438  82.5115113489  121.969742486  168.864593529  215.848610398  248.391081538  248.391081538  215.848610398  168.864593529  121.969742486  82.5115113489  52.6831218438  31.8795099135  18.3242769051  10.0188744496  5.21545825899  2.58604388921  1.21926170045  0.538436085752  0.199809190523  
0.1498652068  0.402896852216  0.909150873776  1.9195366791  3.84898323527  7.34003157725  13.3005015726  22.8663164209  37.2190028191  57.1781377463  82.5115113489  111.002185413  137.586933365  154.527686602  154.527686602  137.586933365  111.002185413  82.5115113489  57.1781377463  37.2190028191  22.8663164209  13.3005015726  7.34003157725  3.84898323527  1.9195366791  0.909150873776  0.402896852216  0.1498652068  
0.105083196508  0.281797176619  0.633545608724  1.33132506499  2.65385595558  5.02416819778  9.0223226681  15.3395509499  24.6294554283  37.2190028191  52.6831218438  69.3838617565  84.2483849404  93.2783786015  93.2783786015  84.2483849404  69.3838617565  52.6831218438  37.2190028191  24.6294554283  15.3395509499  9.0223226681  5.02416819778  2.65385595558  1.33132506499  0.633545608724  0.281797176619  0.105083196508  
0.0690418576723  0.184681606424  0.413689094433  0.865296434799  1.71510786951  3.22467401886  5.74285320737  9.66702552437  15.3395509499  22.8663164209  31.8795099135  41.3307737206  49.4810800643  54.2932181214  54.2932181214  49.4810800643  41.3307737206  31.8795099135  22.8663164209  15.3395509499  9.66702552437  5.74285320737  3.22467401886  1.71510786951  0.865296434799  0.413689094433  0.184681606424  0.0690418576723  
0.0426031645449  0.113684830508  0.253766616602  0.528473987378  1.04197397964  1.94678990781  3.4413850632  5.74285320737  9.0223226681  13.3005015726  18.3242769051  23.4802606331  27.831787935  30.3558149416  30.3558149416  27.831787935  23.4802606331  18.3242769051  13.3005015726  9.0223226681  5.74285320737  3.4413850632  1.94678990781  1.04197397964  0.528473987378  0.253766616602  0.113684830508  0.0426031645449  
0.0247455451764  0.0658836366345  0.146589268181  0.304050938637  0.5966265759  1.10848309556  1.94678990781  3.22467401886  5.02416819778  7.34003157725  10.0188744496  12.7251307257  14.9751457382  16.2652082798  16.2652082798  14.9751457382  12.7251307257  10.0188744496  7.34003157725  5.02416819778  3.22467401886  1.94678990781  1.10848309556  0.5966265759  0.304050938637  0.146589268181  0.0658836366345  0.0247455451764  
0.0135577177318  0.0360225188227  0.0799141050975  0.165158111684  0.322708842273  0.5966265759  1.04197397964  1.71510786951  2.65385595558  3.84898323527  5.21545825899  6.57979289382  7.70206063715  8.34048558227  8.34048558227  7.70206063715  6.57979289382  5.21545825899  3.84898323527  2.65385595558  1.71510786951  1.04197397964  0.5966265759  0.322708842273  0.165158111684  0.0799141050975  0.0360225188227  0.0135577177318  
0.00701784031791  0.0186120289997  0.0411822085953  0.0848403499853  0.165158111684  0.304050938637  0.528473987378  0.865296434799  1.33132506499  1.9195366791  2.58604388921  3.24564784353  3.78401896712  4.08859733606  4.08859733606  3.78401896712  3.24564784353  2.58604388921  1.9195366791  1.33132506499  0.865296434799  0.528473987378  0.304050938637  0.165158111684  0.0848403499853  0.0411822085953  0.0186120289997  0.00701784031791  
0.00342914170342  0.00907989662068  0.0200452854215  0.0411822085953  0.0799141050975  0.146589268181  0.253766616602  0.413689094433  0.633545608724  0.909150873776  1.21926170045  1.52411039309  1.77150476482  1.91091148573  1.91091148573  1.77150476482  1.52411039309  1.21926170045  0.909150873776  0.633545608724  0.413689094433  0.253766616602  0.146589268181  0.0799141050975  0.0411822085953  0.0200452854215  0.00907989662068  0.00342914170342  
0.00155827275558  0.00412062861536  0.00907989662068  0.0186120289997  0.0360225188227  0.0658836366345  0.113684830508  0.184681606424  0.281797176619  0.402896852216  0.538436085752  0.671012261428  0.778152179379  0.83835411305  0.83835411305  0.778152179379  0.671012261428  0.538436085752  0.402896852216  0.281797176619  0.184681606424  0.113684830508  0.0658836366345  0.0360225188227  0.0186120289997  0.00907989662068  0.00412062861536  0.00155827275558  
0.000589835228851  0.00155827275558  0.00342914170342  0.00701784031791  0.0135577177318  0.0247455451764  0.0426031645449  0.0690418576723  0.105083196508  0.1498652068  0.199809190523  0.248500704253  0.287742920206  0.309752802099  0.309752802099  0.287742920206  0.248500704253  0.199809190523  0.1498652068  0.105083196508  0.0690418576723  0.0426031645449  0.0247455451764  0.0135577177318  0.00701784031791  0.00342914170342  0.00155827275558  0.000589835228851  
