0.238084897952  0.498624386098  0.802939558291  1.16982638448  1.61372398393  2.14241091906  2.75441235966  3.4365552542  4.16235121407  4.8920332828  5.57501144692  6.15513530611  6.57842523418  6.80198428943  6.80198428943  6.57842523418  6.15513530611  5.57501144692  4.8920332828  4.16235121407  3.4365552542  2.75441235966  2.14241091906  1.61372398393  1.16982638448  0.802939558291  0.498624386098  0.238084897952  
0.498624386098  1.04497915029  1.68453277271  2.45766190219  3.3958397462  4.51673700376  5.81857923391  7.27465489909  8.82942396667  10.3980657704  11.8712762633  13.1264015992  14.0444169591  14.5300236646  14.5300236646  14.0444169591  13.1264015992  11.8712762633  10.3980657704  8.82942396667  7.27465489909  5.81857923391  4.51673700376  3.3958397462  2.45766190219  1.68453277271  1.04497915029  0.498624386098  
0.802939558291  1.68453277271  2.72009373578  3.97727632813  5.51002440451  7.35051831284  9.49955828519  11.9167464828  14.5128404997  17.1474990706  19.6358939745  21.7667409397  23.3316892612  24.1617429738  24.1617429738  23.3316892612  21.7667409397  19.6358939745  17.1474990706  14.5128404997  11.9167464828  9.49955828519  7.35051831284  5.51002440451  3.97727632813  2.72009373578  1.68453277271  0.802939558291  
1.16982638448  2.45766190219  3.97727632813  5.83241653226  8.10823730895  10.8593368263  14.0947842515  17.7619011344  21.73222749  25.7947856124  29.6628224022  32.9995915952  35.4650777855  36.7780600427  36.7780600427  35.4650777855  32.9995915952  29.6628224022  25.7947856124  21.73222749  17.7619011344  14.0947842515  10.8593368263  8.10823730895  5.83241653226  3.97727632813  2.45766190219  1.16982638448  
1.61372398393  3.3958397462  5.51002440451  8.10823730895  11.3194839572  15.2331446321  19.8769057166  25.1911872839  31.0044947552  37.0171783831  42.8039653149  47.8466359741  51.6043619701  53.6171156833  53.6171156833  51.6043619701  47.8466359741  42.8039653149  37.0171783831  31.0044947552  25.1911872839  19.8769057166  15.2331446321  11.3194839572  8.10823730895  5.51002440451  3.3958397462  1.61372398393  
2.14241091906  4.51673700376  7.35051831284  10.8593368263  15.2331446321  20.6143596104  27.0669105724  34.5376131896  42.814704155  51.4933581524  59.9642894335  67.4471075389  73.0895034458  76.1369389709  76.1369389709  73.0895034458  67.4471075389  59.9642894335  51.4933581524  42.814704155  34.5376131896  27.0669105724  20.6143596104  15.2331446321  10.8593368263  7.35051831284  4.51673700376  2.14241091906  
2.75441235966  5.81857923391  9.49955828519  14.0947842515  19.8769057166  27.0669105724  35.7931385763  46.0358499341  57.5609228349  69.8532770464  82.0721018692  93.0654346027  101.494007172  106.102268172  106.102268172  101.494007172  93.0654346027  82.0721018692  69.8532770464  57.5609228349  46.0358499341  35.7931385763  27.0669105724  19.8769057166  14.0947842515  9.49955828519  5.81857923391  2.75441235966  
3.4365552542  7.27465489909  11.9167464828  17.7619011344  25.1911872839  34.5376131896  46.0358499341  59.7479296622  75.4639980503  92.5846641715  110.008368754  126.079406016  138.698798724  145.728812072  145.728812072  138.698798724  126.079406016  110.008368754  92.5846641715  75.4639980503  59.7479296622  46.0358499341  34.5376131896  25.1911872839  17.7619011344  11.9167464828  7.27465489909  3.4365552542  
4.16235121407  8.82942396667  14.5128404997  21.73222749  31.0044947552  42.814704155  57.5609228349  75.4639980503  96.432155512  119.873086365  144.462149189  167.924806409  187.004095692  197.9568759  197.9568759  187.004095692  167.924806409  144.462149189  119.873086365  96.432155512  75.4639980503  57.5609228349  42.814704155  31.0044947552  21.73222749  14.5128404997  8.82942396667  4.16235121407  
4.8920332828  10.3980657704  17.1474990706  25.7947856124  37.0171783831  51.4933581524  69.8532770464  92.5846641715  119.873086365  151.340803863  185.643917765  219.923709829  249.288669848  267.018589362  267.018589362  249.288669848  219.923709829  185.643917765  151.340803863  119.873086365  92.5846641715  69.8532770464  51.4933581524  37.0171783831  25.7947856124  17.1474990706  10.3980657704  4.8920332828  
5.57501144692  11.8712762633  19.6358939745  29.6628224022  42.8039653149  59.9642894335  82.0721018692  110.008368754  144.462149189  185.643917765  232.724552999  282.788332816  329.144693131  359.708166191  359.708166191  329.144693131  282.788332816  232.724552999  185.643917765  144.462149189  110.008368754  82.0721018692  59.9642894335  42.8039653149  29.6628224022  19.6358939745  11.8712762633  5.57501144692  
6.15513530611  13.1264015992  21.7667409397  32.9995915952  47.8466359741  67.4471075389  93.0654346027  126.079406016  167.924806409  219.923709829  282.788332816  355.246091416  430.490233687  488.486559474  488.486559474  430.490233687  355.246091416  282.788332816  219.923709829  167.924806409  126.079406016  93.0654346027  67.4471075389  47.8466359741  32.9995915952  21.7667409397  13.1264015992  6.15513530611  
6.57842523418  14.0444169591  23.3316892612  35.4650777855  51.6043619701  73.0895034458  101.494007172  138.698798724  187.004095692  249.288669848  329.144693131  430.490233687  554.166403896  679.891951379  679.891951379  554.166403896  430.490233687  329.144693131  249.288669848  187.004095692  138.698798724  101.494007172  73.0895034458  51.6043619701  35.4650777855  23.3316892612  14.0444169591  6.57842523418  
6.80198428943  14.5300236646  24.1617429738  36.7780600427  53.6171156833  76.1369389709  106.102268172  145.728812072  197.9568759  267.018589362  359.708166191  488.486559474  679.891951379  1000.0  1000.0  679.891951379  488.486559474  359.708166191  267.018589362  197.9568759  145.728812072  106.102268172  76.1369389709  53.6171156833  36.7780600427  24.1617429738  14.5300236646  6.80198428943  
6.80198428943  14.5300236646  24.1617429738  36.7780600427  53.6171156833  76.1369389709  106.102268172  145.728812072  197.9568759  267.018589362  359.708166191  488.486559474  679.891951379  1000.0  1000.0  679.891951379  488.486559474  359.708166191  267.018589362  197.9568759  145.728812072  106.102268172  76.1369389709  53.6171156833  36.7780600427  24.1617429738  14.5300236646  6.80198428943  
6.57842523418  14.0444169591  23.3316892612  35.4650777855  51.6043619701  73.0895034458  101.494007172  138.698798724  187.004095692  249.288669848  329.144693131  430.490233687  554.166403896  679.891951379  679.891951379  554.166403896  430.490233687  329.144693131  249.288669848  187.004095692  138.698798724  101.494007172  73.0895034458  51.6043619701  35.4650777855  23.3316892612  14.0444169591  6.57842523418  
6.15513530611  13.1264015992  21.7667409397  32.9995915952  47.8466359741  67.4471075389  93.0654346027  126.079406016  167.924806409  219.923709829  282.788332816  355.246091416  430.490233687  488.486559474  488.486559474  430.490233687  355.246091416  282.788332816  219.923709829  167.924806409  126.079406016  93.0654346027  67.4471075389  47.8466359741  32.9995915952  21.7667409397  13.1264015992  6.15513530611  
5.57501144692  11.8712762633  19.6358939745  29.6628224022  42.8039653149  59.9642894335  82.0721018692  110.008368754  144.462149189  185.643917765  232.724552999  282.788332816  329.144693131  359.708166191  359.708166191  329.144693131  282.788332816  232.724552999  185.643917765  144.462149189  110.008368754  82.0721018692  59.9642894335  42.8039653149  29.6628224022  19.6358939745  11.8712762633  5.57501144692  
4.8920332828  10.3980657704  17.1474990706  25.7947856124  37.0171783831  51.4933581524  69.8532770464  92.5846641715  119.873086365  151.340803863  185.643917765  219.923709829  249.288669848  267.018589362  267.018589362  249.288669848  219.923709829  185.643917765  151.340803863  119.873086365  92.5846641715  69.8532770464  51.4933581524  37.0171783831  25.7947856124  17.1474990706  10.3980657704  4.8920332828  
4.16235121407  8.82942396667  14.5128404997  21.73222749  31.0044947552  42.814704155  57.5609228349  75.4639980503  96.432155512  119.873086365  144.462149189  167.924806409  187.004095692  197.9568759  197.9568759  187.004095692  167.924806409  144.462149189  119.873086365  96.432155512  75.4639980503  57.5609228349  42.814704155  31.0044947552  21.73222749  14.5128404997  8.82942396667  4.16235121407  
3.4365552542  7.27465489909  11.9167464828  17.7619011344  25.1911872839  34.5376131896  46.0358499341  59.7479296622  75.4639980503  92.5846641715  110.008368754  126.079406016  138.698798724  145.728812072  145.728812072  138.698798724  126.079406016  110.008368754  92.5846641715  75.4639980503  59.7479296622  46.0358499341  34.5376131896  25.1911872839  17.7619011344  11.9167464828  7.27465489909  3.4365552542  
2.75441235966  5.81857923391  9.49955828519  14.0947842515  19.8769057166  27.0669105724  35.7931385763  46.0358499341  57.5609228349  69.8532770464  82.0721018692  93.0654346027  101.494007172  106.102268172  106.102268172  101.494007172  93.0654346027  82.0721018692  69.8532770464  57.5609228349  46.0358499341  35.7931385763  27.0669105724  19.8769057166  14.0947842515  9.49955828519  5.81857923391  2.75441235966  
2.14241091906  4.51673700376  7.35051831284  10.8593368263  15.2331446321  20.6143596104  27.0669105724  34.5376131896  42.814704155  51.4933581524  59.9642894335  67.4471075389  73.0895034458  76.1369389709  76.1369389709  73.0895034458  67.4471075389  59.9642894335  51.4933581524  42.814704155  34.5376131896  27.0669105724  20.6143596104  15.2331446321  10.8593368263  7.35051831284  4.51673700376  2.14241091906  
1.61372398393  3.3958397462  5.51002440451  8.10823730895  11.3194839572  15.2331446321  19.8769057166  25.1911872839  31.0044947552  37.0171783831  42.8039653149  47.8466359741  51.6043619701  53.6171156833  53.6171156833  51.6043619701  47.8466359741  42.8039653149  37.0171783831  31.0044947552  25.1911872839  19.8769057166  15.2331446321  11.3194839572  8.10823730895  5.51002440451  3.3958397462  1.61372398393  
1.16982638448  2.45766190219  3.97727632813  5.83241653226  8.10823730895  10.8593368263  14.0947842515  17.7619011344  21.73222749  25.7947856124  29.6628224022  32.9995915952  35.4650777855  36.7780600427  36.7780600427  35.4650777855  32.9995915952  29.6628224022  25.7947856124  21.73222749  17.7619011344  14.0947842515  10.8593368263  8.10823730895  5.83241653226  3.97727632813  2.45766190219  1.16982638448  
0.802939558291  1.68453277271  2.72009373578  3.97727632813  5.51002440451  7.35051831284  9.49955828519  11.9167464828  14.5128404997  17.1474990706  19.6358939745  21.7667409397  23.3316892612  24.1617429738  24.1617429738  23.3316892612  21.7667409397  19.6358939745  17.1474990706  14.5128404997  11.9167464828  9.49955828519  7.35051831284  5.51002440451  3.97727632813  2.72009373578  1.68453277271  0.802939558291  
0.498624386098  1.04497915029  1.68453277271  2.45766190219  3.3958397462  4.51673700376  5.81857923391  7.27465489909  8.82942396667  10.3980657704  11.8712762633  13.1264015992  14.0444169591  14.5300236646  14.5300236646  14.0444169591  13.1264015992  11.8712762633  10.3980657704  8.82942396667  7.27465489909  5.81857923391  4.51673700376  3.3958397462  2.45766190219  1.68453277271  1.04497915029  0.498624386098  
0.238084897952  0.498624386098  0.802939558291  1.16982638448  1.61372398393  2.14241091906  2.75441235966  3.4365552542  4.16235121407  4.8920332828  5.57501144692  6.15513530611  6.57842523418  6.80198428943  6.80198428943  6.57842523418  6.15513530611  5.57501144692  4.8920332828  4.16235121407  3.4365552542  2.75441235966  2.14241091906  1.61372398393  1.16982638448  0.802939558291  0.498624386098  0.238084897952  
