0.169945450907  0.359290693926  0.58672592318  0.869228863782  1.22054944397  1.64911165785  2.15548100163  2.72981317754  3.34996509006  3.98112432699  4.57777862955  5.08848526422  5.46316918409  5.66170742558  5.66170742558  5.46316918409  5.08848526422  4.57777862955  3.98112432699  3.34996509006  2.72981317754  2.15548100163  1.64911165785  1.22054944397  0.869228863782  0.58672592318  0.359290693926  0.169945450907  
0.359290693926  0.760150672176  1.24275804038  1.84386587597  2.59363351832  3.51113686571  4.59883078269  5.83681581207  7.17836635232  8.54862792799  9.84841906092  10.9643796635  11.7851163432  12.2207027009  12.2207027009  11.7851163432  10.9643796635  9.84841906092  8.54862792799  7.17836635232  5.83681581207  4.59883078269  3.51113686571  2.59363351832  1.84386587597  1.24275804038  0.760150672176  0.359290693926  
0.58672592318  1.24275804038  2.03542483772  3.02699559269  4.26961892909  5.79787775985  7.61928999821  9.70405533905  11.9764430021  14.3111669976  16.5384427962  18.4605441397  19.8800322329  20.6354465319  20.6354465319  19.8800322329  18.4605441397  16.5384427962  14.3111669976  11.9764430021  9.70405533905  7.61928999821  5.79787775985  4.26961892909  3.02699559269  2.03542483772  1.24275804038  0.58672592318  
0.869228863782  1.84386587597  3.02699559269  4.51532799098  6.39198900266  8.71535420213  11.5041547033  14.7205361042  18.2545498796  21.9153995551  25.4359788983  28.4966908177  30.7708120523  31.9859462651  31.9859462651  30.7708120523  28.4966908177  25.4359788983  21.9153995551  18.2545498796  14.7205361042  11.5041547033  8.71535420213  6.39198900266  4.51532799098  3.02699559269  1.84386587597  0.869228863782  
1.22054944397  2.59363351832  4.26961892909  6.39198900266  9.08786963113  12.4523319142  16.5262925829  21.2698023763  26.5352354231  32.0481880302  37.4070040888  42.1129724945  45.6392947944  47.5344375862  47.5344375862  45.6392947944  42.1129724945  37.4070040888  32.0481880302  26.5352354231  21.2698023763  16.5262925829  12.4523319142  9.08786963113  6.39198900266  4.26961892909  2.59363351832  1.22054944397  
1.64911165785  3.51113686571  5.79787775985  8.71535420213  12.4523319142  17.1595522308  22.9185539338  29.7013312765  37.3257792211  45.4172172585  53.3929124874  60.4923223862  65.8751137762  68.7920385452  68.7920385452  65.8751137762  60.4923223862  53.3929124874  45.4172172585  37.3257792211  29.7013312765  22.9185539338  17.1595522308  12.4523319142  8.71535420213  5.79787775985  3.51113686571  1.64911165785  
2.15548100163  4.59883078269  7.61928999821  11.5041547033  16.5262925829  22.9185539338  30.8322880329  40.2794393756  51.0619386438  62.699593514  74.3796965596  84.9674939711  93.1291552998  97.6062109181  97.6062109181  93.1291552998  84.9674939711  74.3796965596  62.699593514  51.0619386438  40.2794393756  30.8322880329  22.9185539338  16.5262925829  11.5041547033  7.61928999821  4.59883078269  2.15548100163  
2.72981317754  5.83681581207  9.70405533905  14.7205361042  21.2698023763  29.7013312765  40.2794393756  53.1056087137  68.0134160973  84.4432908167  101.321945892  117.004390017  129.383722496  136.302352309  136.302352309  129.383722496  117.004390017  101.321945892  84.4432908167  68.0134160973  53.1056087137  40.2794393756  29.7013312765  21.2698023763  14.7205361042  9.70405533905  5.83681581207  2.72981317754  
3.34996509006  7.17836635232  11.9764430021  18.2545498796  26.5352354231  37.3257792211  51.0619386438  68.0134160973  88.1409236531  110.898090677  134.988292163  158.137281494  177.05719249  187.952651308  187.952651308  177.05719249  158.137281494  134.988292163  110.898090677  88.1409236531  68.0134160973  51.0619386438  37.3257792211  26.5352354231  18.2545498796  11.9764430021  7.17836635232  3.34996509006  
3.98112432699  8.54862792799  14.3111669976  21.9153995551  32.0481880302  45.4172172585  62.699593514  84.4432908167  110.898090677  141.741462114  175.659732419  209.782629165  239.153381585  256.939799619  256.939799619  239.153381585  209.782629165  175.659732419  141.741462114  110.898090677  84.4432908167  62.699593514  45.4172172585  32.0481880302  21.9153995551  14.3111669976  8.54862792799  3.98112432699  
4.57777862955  9.84841906092  16.5384427962  25.4359788983  37.4070040888  53.3929124874  74.3796965596  101.321945892  134.988292163  175.659732419  222.548017199  272.721448778  319.383878017  350.232835839  350.232835839  319.383878017  272.721448778  222.548017199  175.659732419  134.988292163  101.321945892  74.3796965596  53.3929124874  37.4070040888  25.4359788983  16.5384427962  9.84841906092  4.57777862955  
5.08848526422  10.9643796635  18.4605441397  28.4966908177  42.1129724945  60.4923223862  84.9674939711  117.004390017  158.137281494  209.782629165  272.721448778  345.68903849  421.758844427  480.525911768  480.525911768  421.758844427  345.68903849  272.721448778  209.782629165  158.137281494  117.004390017  84.9674939711  60.4923223862  42.1129724945  28.4966908177  18.4605441397  10.9643796635  5.08848526422  
5.46316918409  11.7851163432  19.8800322329  30.7708120523  45.6392947944  65.8751137762  93.1291552998  129.383722496  177.05719249  239.153381585  319.383878017  421.758844427  547.114560517  674.766768771  674.766768771  547.114560517  421.758844427  319.383878017  239.153381585  177.05719249  129.383722496  93.1291552998  65.8751137762  45.6392947944  30.7708120523  19.8800322329  11.7851163432  5.46316918409  
5.66170742558  12.2207027009  20.6354465319  31.9859462651  47.5344375862  68.7920385452  97.6062109181  136.302352309  187.952651308  256.939799619  350.232835839  480.525911768  674.766768771  1000.0  1000.0  674.766768771  480.525911768  350.232835839  256.939799619  187.952651308  136.302352309  97.6062109181  68.7920385452  47.5344375862  31.9859462651  20.6354465319  12.2207027009  5.66170742558  
5.66170742558  12.2207027009  20.6354465319  31.9859462651  47.5344375862  68.7920385452  97.6062109181  136.302352309  187.952651308  256.939799619  350.232835839  480.525911768  674.766768771  1000.0  1000.0  674.766768771  480.525911768  350.232835839  256.939799619  187.952651308  136.302352309  97.6062109181  68.7920385452  47.5344375862  31.9859462651  20.6354465319  12.2207027009  5.66170742558  
5.46316918409  11.7851163432  19.8800322329  30.7708120523  45.6392947944  65.8751137762  93.1291552998  129.383722496  177.05719249  239.153381585  319.383878017  421.758844427  547.114560517  674.766768771  674.766768771  547.114560517  421.758844427  319.383878017  239.153381585  177.05719249  129.383722496  93.1291552998  65.8751137762  45.6392947944  30.7708120523  19.8800322329  11.7851163432  5.46316918409  
5.08848526422  10.9643796635  18.4605441397  28.4966908177  42.1129724945  60.4923223862  84.9674939711  117.004390017  158.137281494  209.782629165  272.721448778  345.68903849  421.758844427  480.525911768  480.525911768  421.758844427  345.68903849  272.721448778  209.782629165  158.137281494  117.004390017  84.9674939711  60.4923223862  42.1129724945  28.4966908177  18.4605441397  10.9643796635  5.08848526422  
4.57777862955  9.84841906092  16.5384427962  25.4359788983  37.4070040888  53.3929124874  74.3796965596  101.321945892  134.988292163  175.659732419  222.548017199  272.721448778  319.383878017  350.232835839  350.232835839  319.383878017  272.721448778  222.548017199  175.659732419  134.988292163  101.321945892  74.3796965596  53.3929124874  37.4070040888  25.4359788983  16.5384427962  9.84841906092  4.57777862955  
3.98112432699  8.54862792799  14.3111669976  21.9153995551  32.0481880302  45.4172172585  62.699593514  84.4432908167  110.898090677  141.741462114  175.659732419  209.782629165  239.153381585  256.939799619  256.939799619  239.153381585  209.782629165  175.659732419  141.741462114  110.898090677  84.4432908167  62.699593514  45.4172172585  32.0481880302  21.9153995551  14.3111669976  8.54862792799  3.98112432699  
3.34996509006  7.17836635232  11.9764430021  18.2545498796  26.5352354231  37.3257792211  51.0619386438  68.0134160973  88.1409236531  110.898090677  134.988292163  158.137281494  177.05719249  187.952651308  187.952651308  177.05719249  158.137281494  134.988292163  110.898090677  88.1409236531  68.0134160973  51.0619386438  37.3257792211  26.5352354231  18.2545498796  11.9764430021  7.17836635232  3.34996509006  
2.72981317754  5.83681581207  9.70405533905  14.7205361042  21.2698023763  29.7013312765  40.2794393756  53.1056087137  68.0134160973  84.4432908167  101.321945892  117.004390017  129.383722496  136.302352309  136.302352309  129.383722496  117.004390017  101.321945892  84.4432908167  68.0134160973  53.1056087137  40.2794393756  29.7013312765  21.2698023763  14.7205361042  9.70405533905  5.83681581207  2.72981317754  
2.15548100163  4.59883078269  7.61928999821  11.5041547033  16.5262925829  22.9185539338  30.8322880329  40.2794393756  51.0619386438  62.699593514  74.3796965596  84.9674939711  93.1291552998  97.6062109181  97.6062109181  93.1291552998  84.9674939711  74.3796965596  62.699593514  51.0619386438  40.2794393756  30.8322880329  22.9185539338  16.5262925829  11.5041547033  7.61928999821  4.59883078269  2.15548100163  
1.64911165785  3.51113686571  5.79787775985  8.71535420213  12.4523319142  17.1595522308  22.9185539338  29.7013312765  37.3257792211  45.4172172585  53.3929124874  60.4923223862  65.8751137762  68.7920385452  68.7920385452  65.8751137762  60.4923223862  53.3929124874  45.4172172585  37.3257792211  29.7013312765  22.9185539338  17.1595522308  12.4523319142  8.71535420213  5.79787775985  3.51113686571  1.64911165785  
1.22054944397  2.59363351832  4.26961892909  6.39198900266  9.08786963113  12.4523319142  16.5262925829  21.2698023763  26.5352354231  32.0481880302  37.4070040888  42.1129724945  45.6392947944  47.5344375862  47.5344375862  45.6392947944  42.1129724945  37.4070040888  32.0481880302  26.5352354231  21.2698023763  16.5262925829  12.4523319142  9.08786963113  6.39198900266  4.26961892909  2.59363351832  1.22054944397  
0.869228863782  1.84386587597  3.02699559269  4.51532799098  6.39198900266  8.71535420213  11.5041547033  14.7205361042  18.2545498796  21.9153995551  25.4359788983  28.4966908177  30.7708120523  31.9859462651  31.9859462651  30.7708120523  28.4966908177  25.4359788983  21.9153995551  18.2545498796  14.7205361042  11.5041547033  8.71535420213  6.39198900266  4.51532799098  3.02699559269  1.84386587597  0.869228863782  
0.58672592318  1.24275804038  2.03542483772  3.02699559269  4.26961892909  5.79787775985  7.61928999821  9.70405533905  11.9764430021  14.3111669976  16.5384427962  18.4605441397  19.8800322329  20.6354465319  20.6354465319  19.8800322329  18.4605441397  16.5384427962  14.3111669976  11.9764430021  9.70405533905  7.61928999821  5.79787775985  4.26961892909  3.02699559269  2.03542483772  1.24275804038  0.58672592318  
0.359290693926  0.760150672176  1.24275804038  1.84386587597  2.59363351832  3.51113686571  4.59883078269  5.83681581207  7.17836635232  8.54862792799  9.84841906092  10.9643796635  11.7851163432  12.2207027009  12.2207027009  11.7851163432  10.9643796635  9.84841906092  8.54862792799  7.17836635232  5.83681581207  4.59883078269  3.51113686571  2.59363351832  1.84386587597  1.24275804038  0.760150672176  0.359290693926  
0.169945450907  0.359290693926  0.58672592318  0.869228863782  1.22054944397  1.64911165785  2.15548100163  2.72981317754  3.34996509006  3.98112432699  4.57777862955  5.08848526422  5.46316918409  5.66170742558  5.66170742558  5.46316918409  5.08848526422  4.57777862955  3.98112432699  3.34996509006  2.72981317754  2.15548100163  1.64911165785  1.22054944397  0.869228863782  0.58672592318  0.359290693926  0.169945450907  
