9.02935331358e-05  0.000261009485986  0.000640615730426  0.00146387937754  0.00314211566983  0.00632783834148  0.0119259451799  0.0209741934094  0.0343177264876  0.0520764099415  0.0730636327022  0.0944947764096  0.11236210174  0.122592901225  0.122592901225  0.11236210174  0.0944947764096  0.0730636327022  0.0520764099415  0.0343177264876  0.0209741934094  0.0119259451799  0.00632783834148  0.00314211566983  0.00146387937754  0.000640615730426  0.000261009485986  9.02935331358e-05  
0.000261009485986  0.000755011797773  0.00185491016543  0.00424390766449  0.00912268623432  0.0184035122316  0.0347523310956  0.0612507149764  0.100448572446  0.15278803953  0.214850076022  0.278426173468  0.33157253402  0.362059802937  0.362059802937  0.33157253402  0.278426173468  0.214850076022  0.15278803953  0.100448572446  0.0612507149764  0.0347523310956  0.0184035122316  0.00912268623432  0.00424390766449  0.00185491016543  0.000755011797773  0.000261009485986  
0.000640615730426  0.00185491016543  0.00456354610197  0.0104593630397  0.0225303449641  0.0455617017415  0.0862745775851  0.152525098902  0.250960497647  0.383024832466  0.540390163592  0.70235419233  0.838294580269  0.916493814528  0.916493814528  0.838294580269  0.70235419233  0.540390163592  0.383024832466  0.250960497647  0.152525098902  0.0862745775851  0.0455617017415  0.0225303449641  0.0104593630397  0.00456354610197  0.00185491016543  0.000640615730426  
0.00146387937754  0.00424390766449  0.0104593630397  0.0240242800639  0.0518842896644  0.10523924713  0.199967051968  0.354887591235  0.586369446041  0.898848920926  1.27359385377  1.66171996236  1.98927708826  2.17843298145  2.17843298145  1.98927708826  1.66171996236  1.27359385377  0.898848920926  0.586369446041  0.354887591235  0.199967051968  0.10523924713  0.0518842896644  0.0240242800639  0.0104593630397  0.00424390766449  0.00146387937754  
0.00314211566983  0.00912268623432  0.0225303449641  0.0518842896644  0.112399001687  0.228810788523  0.436585056811  0.778478011737  1.29292664134  1.99281280669  2.83915739128  3.72303271578  4.47455208473  4.91087895609  4.91087895609  4.47455208473  3.72303271578  2.83915739128  1.99281280669  1.29292664134  0.778478011737  0.436585056811  0.228810788523  0.112399001687  0.0518842896644  0.0225303449641  0.00912268623432  0.00314211566983  
0.00632783834148  0.0184035122316  0.0455617017415  0.10523924713  0.228810788523  0.467786837325  0.897021976252  1.60862178785  2.68869775474  4.17262386916  5.98648065163  7.90186583097  9.54723616641  10.5099043414  10.5099043414  9.54723616641  7.90186583097  5.98648065163  4.17262386916  2.68869775474  1.60862178785  0.897021976252  0.467786837325  0.228810788523  0.10523924713  0.0455617017415  0.0184035122316  0.00632783834148  
0.0119259451799  0.0347523310956  0.0862745775851  0.199967051968  0.436585056811  0.897021976252  1.73025346394  3.1241081803  5.26245141527  8.23709400515  11.9243852016  15.8766740291  19.3211894463  21.3595222388  21.3595222388  19.3211894463  15.8766740291  11.9243852016  8.23709400515  5.26245141527  3.1241081803  1.73025346394  0.897021976252  0.436585056811  0.199967051968  0.0862745775851  0.0347523310956  0.0119259451799  
0.0209741934094  0.0612507149764  0.152525098902  0.354887591235  0.778478011737  1.60862178785  3.1241081803  5.68665367629  9.66966474088  15.297964022  22.4035165527  30.1765678789  37.0931609061  41.2581774912  41.2581774912  37.0931609061  30.1765678789  22.4035165527  15.297964022  9.66966474088  5.68665367629  3.1241081803  1.60862178785  0.778478011737  0.354887591235  0.152525098902  0.0612507149764  0.0209741934094  
0.0343177264876  0.100448572446  0.250960497647  0.586369446041  1.29292664134  2.68869775474  5.26245141527  9.66966474088  16.6290265916  26.6580830831  39.6258431735  54.2154077534  67.5999329544  75.8885851753  75.8885851753  67.5999329544  54.2154077534  39.6258431735  26.6580830831  16.6290265916  9.66966474088  5.26245141527  2.68869775474  1.29292664134  0.586369446041  0.250960497647  0.100448572446  0.0343177264876  
0.0520764099415  0.15278803953  0.383024832466  0.898848920926  1.99281280669  4.17262386916  8.23709400515  15.297964022  26.6580830831  43.4300748992  65.7995472111  91.960297555  117.082199871  133.387225986  133.387225986  117.082199871  91.960297555  65.7995472111  43.4300748992  26.6580830831  15.297964022  8.23709400515  4.17262386916  1.99281280669  0.898848920926  0.383024832466  0.15278803953  0.0520764099415  
0.0730636327022  0.214850076022  0.540390163592  1.27359385377  2.83915739128  5.98648065163  11.9243852016  22.4035165527  39.6258431735  65.7995472111  102.111057094  146.889191332  192.96029608  225.411697726  225.411697726  192.96029608  146.889191332  102.111057094  65.7995472111  39.6258431735  22.4035165527  11.9243852016  5.98648065163  2.83915739128  1.27359385377  0.540390163592  0.214850076022  0.0730636327022  
0.0944947764096  0.278426173468  0.70235419233  1.66171996236  3.72303271578  7.90186583097  15.8766740291  30.1765678789  54.2154077534  91.960297555  146.889191332  219.577312451  302.512586118  370.121365352  370.121365352  302.512586118  219.577312451  146.889191332  91.960297555  54.2154077534  30.1765678789  15.8766740291  7.90186583097  3.72303271578  1.66171996236  0.70235419233  0.278426173468  0.0944947764096  
0.11236210174  0.33157253402  0.838294580269  1.98927708826  4.47455208473  9.54723616641  19.3211894463  37.0931609061  67.5999329544  117.082199871  192.96029608  302.512586118  447.630558248  601.537331403  601.537331403  447.630558248  302.512586118  192.96029608  117.082199871  67.5999329544  37.0931609061  19.3211894463  9.54723616641  4.47455208473  1.98927708826  0.838294580269  0.33157253402  0.11236210174  
0.122592901225  0.362059802937  0.916493814528  2.17843298145  4.91087895609  10.5099043414  21.3595222388  41.2581774912  75.8885851753  133.387225986  225.411697726  370.121365352  601.537331403  1000.0  1000.0  601.537331403  370.121365352  225.411697726  133.387225986  75.8885851753  41.2581774912  21.3595222388  10.5099043414  4.91087895609  2.17843298145  0.916493814528  0.362059802937  0.122592901225  
0.122592901225  0.362059802937  0.916493814528  2.17843298145  4.91087895609  10.5099043414  21.3595222388  41.2581774912  75.8885851753  133.387225986  225.411697726  370.121365352  601.537331403  1000.0  1000.0  601.537331403  370.121365352  225.411697726  133.387225986  75.8885851753  41.2581774912  21.3595222388  10.5099043414  4.91087895609  2.17843298145  0.916493814528  0.362059802937  0.122592901225  
0.11236210174  0.33157253402  0.838294580269  1.98927708826  4.47455208473  9.54723616641  19.3211894463  37.0931609061  67.5999329544  117.082199871  192.96029608  302.512586118  447.630558248  601.537331403  601.537331403  447.630558248  302.512586118  192.96029608  117.082199871  67.5999329544  37.0931609061  19.3211894463  9.54723616641  4.47455208473  1.98927708826  0.838294580269  0.33157253402  0.11236210174  
0.0944947764096  0.278426173468  0.70235419233  1.66171996236  3.72303271578  7.90186583097  15.8766740291  30.1765678789  54.2154077534  91.960297555  146.889191332  219.577312451  302.512586118  370.121365352  370.121365352  302.512586118  219.577312451  146.889191332  91.960297555  54.2154077534  30.1765678789  15.8766740291  7.90186583097  3.72303271578  1.66171996236  0.70235419233  0.278426173468  0.0944947764096  
0.0730636327022  0.214850076022  0.540390163592  1.27359385377  2.83915739128  5.98648065163  11.9243852016  22.4035165527  39.6258431735  65.7995472111  102.111057094  146.889191332  192.96029608  225.411697726  225.411697726  192.96029608  146.889191332  102.111057094  65.7995472111  39.6258431735  22.4035165527  11.9243852016  5.98648065163  2.83915739128  1.27359385377  0.540390163592  0.214850076022  0.0730636327022  
0.0520764099415  0.15278803953  0.383024832466  0.898848920926  1.99281280669  4.17262386916  8.23709400515  15.297964022  26.6580830831  43.4300748992  65.7995472111  91.960297555  117.082199871  133.387225986  133.387225986  117.082199871  91.960297555  65.7995472111  43.4300748992  26.6580830831  15.297964022  8.23709400515  4.17262386916  1.99281280669  0.898848920926  0.383024832466  0.15278803953  0.0520764099415  
0.0343177264876  0.100448572446  0.250960497647  0.586369446041  1.29292664134  2.68869775474  5.26245141527  9.66966474088  16.6290265916  26.6580830831  39.6258431735  54.2154077534  67.5999329544  75.8885851753  75.8885851753  67.5999329544  54.2154077534  39.6258431735  26.6580830831  16.6290265916  9.66966474088  5.26245141527  2.68869775474  1.29292664134  0.586369446041  0.250960497647  0.100448572446  0.0343177264876  
0.0209741934094  0.0612507149764  0.152525098902  0.354887591235  0.778478011737  1.60862178785  3.1241081803  5.68665367629  9.66966474088  15.297964022  22.4035165527  30.1765678789  37.0931609061  41.2581774912  41.2581774912  37.0931609061  30.1765678789  22.4035165527  15.297964022  9.66966474088  5.68665367629  3.1241081803  1.60862178785  0.778478011737  0.354887591235  0.152525098902  0.0612507149764  0.0209741934094  
0.0119259451799  0.0347523310956  0.0862745775851  0.199967051968  0.436585056811  0.897021976252  1.73025346394  3.1241081803  5.26245141527  8.23709400515  11.9243852016  15.8766740291  19.3211894463  21.3595222388  21.3595222388  19.3211894463  15.8766740291  11.9243852016  8.23709400515  5.26245141527  3.1241081803  1.73025346394  0.897021976252  0.436585056811  0.199967051968  0.0862745775851  0.0347523310956  0.0119259451799  
0.00632783834148  0.0184035122316  0.0455617017415  0.10523924713  0.228810788523  0.467786837325  0.897021976252  1.60862178785  2.68869775474  4.17262386916  5.98648065163  7.90186583097  9.54723616641  10.5099043414  10.5099043414  9.54723616641  7.90186583097  5.98648065163  4.17262386916  2.68869775474  1.60862178785  0.897021976252  0.467786837325  0.228810788523  0.10523924713  0.0455617017415  0.0184035122316  0.00632783834148  
0.00314211566983  0.00912268623432  0.0225303449641  0.0518842896644  0.112399001687  0.228810788523  0.436585056811  0.778478011737  1.29292664134  1.99281280669  2.83915739128  3.72303271578  4.47455208473  4.91087895609  4.91087895609  4.47455208473  3.72303271578  2.83915739128  1.99281280669  1.29292664134  0.778478011737  0.436585056811  0.228810788523  0.112399001687  0.0518842896644  0.0225303449641  0.00912268623432  0.00314211566983  
0.00146387937754  0.00424390766449  0.0104593630397  0.0240242800639  0.0518842896644  0.10523924713  0.199967051968  0.354887591235  0.586369446041  0.898848920926  1.27359385377  1.66171996236  1.98927708826  2.17843298145  2.17843298145  1.98927708826  1.66171996236  1.27359385377  0.898848920926  0.586369446041  0.354887591235  0.199967051968  0.10523924713  0.0518842896644  0.0240242800639  0.0104593630397  0.00424390766449  0.00146387937754  
0.000640615730426  0.00185491016543  0.00456354610197  0.0104593630397  0.0225303449641  0.0455617017415  0.0862745775851  0.152525098902  0.250960497647  0.383024832466  0.540390163592  0.70235419233  0.838294580269  0.916493814528  0.916493814528  0.838294580269  0.70235419233  0.540390163592  0.383024832466  0.250960497647  0.152525098902  0.0862745775851  0.0455617017415  0.0225303449641  0.0104593630397  0.00456354610197  0.00185491016543  0.000640615730426  
0.000261009485986  0.000755011797773  0.00185491016543  0.00424390766449  0.00912268623432  0.0184035122316  0.0347523310956  0.0612507149764  0.100448572446  0.15278803953  0.214850076022  0.278426173468  0.33157253402  0.362059802937  0.362059802937  0.33157253402  0.278426173468  0.214850076022  0.15278803953  0.100448572446  0.0612507149764  0.0347523310956  0.0184035122316  0.00912268623432  0.00424390766449  0.00185491016543  0.000755011797773  0.000261009485986  
9.02935331358e-05  0.000261009485986  0.000640615730426  0.00146387937754  0.00314211566983  0.00632783834148  0.0119259451799  0.0209741934094  0.0343177264876  0.0520764099415  0.0730636327022  0.0944947764096  0.11236210174  0.122592901225  0.122592901225  0.11236210174  0.0944947764096  0.0730636327022  0.0520764099415  0.0343177264876  0.0209741934094  0.0119259451799  0.00632783834148  0.00314211566983  0.00146387937754  0.000640615730426  0.000261009485986  9.02935331358e-05  
