0.226969814798  0.475964356633  0.767938530013  1.12144344642  1.55084031424  2.06402460438  2.65983877549  3.3256084599  4.03548306355  4.750412219  5.42053164971  5.99035713767  6.40645707796  6.62632142502  6.62632142502  6.40645707796  5.99035713767  5.42053164971  4.750412219  4.03548306355  3.3256084599  2.65983877549  2.06402460438  1.55084031424  1.12144344642  0.767938530013  0.475964356633  0.226969814798  
0.475964356633  0.998796061047  1.61323082613  2.35916039907  3.26791326954  4.35741077754  5.6265331753  7.04958559524  8.57231700973  10.1113426952  11.5587994198  12.7933424787  13.6970126085  14.1752560681  14.1752560681  13.6970126085  12.7933424787  11.5587994198  10.1113426952  8.57231700973  7.04958559524  5.6265331753  4.35741077754  3.26791326954  2.35916039907  1.61323082613  0.998796061047  0.475964356633  
0.767938530013  1.61323082613  2.61009356724  3.82546763866  5.31310935812  7.10561820241  9.20482699712  11.5719102963  14.1195902578  16.7096816845  19.1594832958  21.2596058992  22.8032085341  23.6223289969  23.6223289969  22.8032085341  21.2596058992  19.1594832958  16.7096816845  14.1195902578  11.5719102963  9.20482699712  7.10561820241  5.31310935812  3.82546763866  2.61009356724  1.61323082613  0.767938530013  
1.12144344642  2.35916039907  3.82546763866  5.62319412944  7.8373043417  10.5230388198  13.6909388953  17.2905094832  21.1959624411  25.1991873387  29.0161833376  32.3125740963  34.7501566328  36.0488982595  36.0488982595  34.7501566328  32.3125740963  29.0161833376  25.1991873387  21.1959624411  17.2905094832  13.6909388953  10.5230388198  7.8373043417  5.62319412944  3.82546763866  2.35916039907  1.12144344642  
1.55084031424  3.26791326954  5.31310935812  7.8373043417  10.9693703898  14.799630835  19.3577683714  24.5870707347  30.3194597937  36.258838985  41.9832048782  46.9769896647  50.7012307378  52.6970009585  52.6970009585  50.7012307378  46.9769896647  41.9832048782  36.258838985  30.3194597937  24.5870707347  19.3577683714  14.799630835  10.9693703898  7.8373043417  5.31310935812  3.26791326954  1.55084031424  
2.06402460438  4.35741077754  7.10561820241  10.5230388198  14.799630835  20.0791583944  26.4281811542  33.7971621617  41.9785464553  50.5717071451  58.9709796607  66.398601652  72.0037695362  75.0325358697  75.0325358697  72.0037695362  66.398601652  58.9709796607  50.5717071451  41.9785464553  33.7971621617  26.4281811542  20.0791583944  14.799630835  10.5230388198  7.10561820241  4.35741077754  2.06402460438  
2.65983877549  5.6265331753  9.20482699712  13.6909388953  19.3577683714  26.4281811542  35.0339221187  45.1598051551  56.5767817725  68.7745782993  80.9161438898  91.8516801474  100.242409634  104.832134856  104.832134856  100.242409634  91.8516801474  80.9161438898  68.7745782993  56.5767817725  45.1598051551  35.0339221187  26.4281811542  19.3577683714  13.6909388953  9.20482699712  5.6265331753  2.65983877549  
3.3256084599  7.04958559524  11.5719102963  17.2905094832  24.5870707347  33.7971621617  45.1598051551  58.7426633539  74.3419514694  91.3637103399  108.710072369  124.726471466  137.31241887  144.327033987  144.327033987  137.31241887  124.726471466  108.710072369  91.3637103399  74.3419514694  58.7426633539  45.1598051551  33.7971621617  24.5870707347  17.2905094832  11.5719102963  7.04958559524  3.3256084599  
4.03548306355  8.57231700973  14.1195902578  21.1959624411  30.3194597937  41.9785464553  56.5767817725  74.3419514694  95.1895814995  118.533587561  143.052890907  166.472505386  185.530568685  196.476061184  196.476061184  185.530568685  166.472505386  143.052890907  118.533587561  95.1895814995  74.3419514694  56.5767817725  41.9785464553  30.3194597937  21.1959624411  14.1195902578  8.57231700973  4.03548306355  
4.750412219  10.1113426952  16.7096816845  25.1991873387  36.258838985  50.5717071451  68.7745782993  91.3637103399  118.533587561  149.913947851  184.164692963  218.424876685  247.793065437  265.532472736  265.532472736  247.793065437  218.424876685  184.164692963  149.913947851  118.533587561  91.3637103399  68.7745782993  50.5717071451  36.258838985  25.1991873387  16.7096816845  10.1113426952  4.750412219  
5.42053164971  11.5587994198  19.1594832958  29.0161833376  41.9832048782  58.9709796607  80.9161438898  108.710072369  143.052890907  184.164692963  231.221638609  281.305101897  327.708730769  358.315204159  358.315204159  327.708730769  281.305101897  231.221638609  184.164692963  143.052890907  108.710072369  80.9161438898  58.9709796607  41.9832048782  29.0161833376  19.1594832958  11.5587994198  5.42053164971  
5.99035713767  12.7933424787  21.2596058992  32.3125740963  46.9769896647  66.398601652  91.8516801474  124.726471466  166.472505386  218.424876685  281.305101897  353.841166102  429.20850832  487.318718918  487.318718918  429.20850832  353.841166102  281.305101897  218.424876685  166.472505386  124.726471466  91.8516801474  66.398601652  46.9769896647  32.3125740963  21.2596058992  12.7933424787  5.99035713767  
6.40645707796  13.6970126085  22.8032085341  34.7501566328  50.7012307378  72.0037695362  100.242409634  137.31241887  185.530568685  247.793065437  327.708730769  429.20850832  553.13258856  679.1409768  679.1409768  553.13258856  429.20850832  327.708730769  247.793065437  185.530568685  137.31241887  100.242409634  72.0037695362  50.7012307378  34.7501566328  22.8032085341  13.6970126085  6.40645707796  
6.62632142502  14.1752560681  23.6223289969  36.0488982595  52.6970009585  75.0325358697  104.832134856  144.327033987  196.476061184  265.532472736  358.315204159  487.318718918  679.1409768  1000.0  1000.0  679.1409768  487.318718918  358.315204159  265.532472736  196.476061184  144.327033987  104.832134856  75.0325358697  52.6970009585  36.0488982595  23.6223289969  14.1752560681  6.62632142502  
6.62632142502  14.1752560681  23.6223289969  36.0488982595  52.6970009585  75.0325358697  104.832134856  144.327033987  196.476061184  265.532472736  358.315204159  487.318718918  679.1409768  1000.0  1000.0  679.1409768  487.318718918  358.315204159  265.532472736  196.476061184  144.327033987  104.832134856  75.0325358697  52.6970009585  36.0488982595  23.6223289969  14.1752560681  6.62632142502  
6.40645707796  13.6970126085  22.8032085341  34.7501566328  50.7012307378  72.0037695362  100.242409634  137.31241887  185.530568685  247.793065437  327.708730769  429.20850832  553.13258856  679.1409768  679.1409768  553.13258856  429.20850832  327.708730769  247.793065437  185.530568685  137.31241887  100.242409634  72.0037695362  50.7012307378  34.7501566328  22.8032085341  13.6970126085  6.40645707796  
5.99035713767  12.7933424787  21.2596058992  32.3125740963  46.9769896647  66.398601652  91.8516801474  124.726471466  166.472505386  218.424876685  281.305101897  353.841166102  429.20850832  487.318718918  487.318718918  429.20850832  353.841166102  281.305101897  218.424876685  166.472505386  124.726471466  91.8516801474  66.398601652  46.9769896647  32.3125740963  21.2596058992  12.7933424787  5.99035713767  
5.42053164971  11.5587994198  19.1594832958  29.0161833376  41.9832048782  58.9709796607  80.9161438898  108.710072369  143.052890907  184.164692963  231.221638609  281.305101897  327.708730769  358.315204159  358.315204159  327.708730769  281.305101897  231.221638609  184.164692963  143.052890907  108.710072369  80.9161438898  58.9709796607  41.9832048782  29.0161833376  19.1594832958  11.5587994198  5.42053164971  
4.750412219  10.1113426952  16.7096816845  25.1991873387  36.258838985  50.5717071451  68.7745782993  91.3637103399  118.533587561  149.913947851  184.164692963  218.424876685  247.793065437  265.532472736  265.532472736  247.793065437  218.424876685  184.164692963  149.913947851  118.533587561  91.3637103399  68.7745782993  50.5717071451  36.258838985  25.1991873387  16.7096816845  10.1113426952  4.750412219  
4.03548306355  8.57231700973  14.1195902578  21.1959624411  30.3194597937  41.9785464553  56.5767817725  74.3419514694  95.1895814995  118.533587561  143.052890907  166.472505386  185.530568685  196.476061184  196.476061184  185.530568685  166.472505386  143.052890907  118.533587561  95.1895814995  74.3419514694  56.5767817725  41.9785464553  30.3194597937  21.1959624411  14.1195902578  8.57231700973  4.03548306355  
3.3256084599  7.04958559524  11.5719102963  17.2905094832  24.5870707347  33.7971621617  45.1598051551  58.7426633539  74.3419514694  91.3637103399  108.710072369  124.726471466  137.31241887  144.327033987  144.327033987  137.31241887  124.726471466  108.710072369  91.3637103399  74.3419514694  58.7426633539  45.1598051551  33.7971621617  24.5870707347  17.2905094832  11.5719102963  7.04958559524  3.3256084599  
2.65983877549  5.6265331753  9.20482699712  13.6909388953  19.3577683714  26.4281811542  35.0339221187  45.1598051551  56.5767817725  68.7745782993  80.9161438898  91.8516801474  100.242409634  104.832134856  104.832134856  100.242409634  91.8516801474  80.9161438898  68.7745782993  56.5767817725  45.1598051551  35.0339221187  26.4281811542  19.3577683714  13.6909388953  9.20482699712  5.6265331753  2.65983877549  
2.06402460438  4.35741077754  7.10561820241  10.5230388198  14.799630835  20.0791583944  26.4281811542  33.7971621617  41.9785464553  50.5717071451  58.9709796607  66.398601652  72.0037695362  75.0325358697  75.0325358697  72.0037695362  66.398601652  58.9709796607  50.5717071451  41.9785464553  33.7971621617  26.4281811542  20.0791583944  14.799630835  10.5230388198  7.10561820241  4.35741077754  2.06402460438  
1.55084031424  3.26791326954  5.31310935812  7.8373043417  10.9693703898  14.799630835  19.3577683714  24.5870707347  30.3194597937  36.258838985  41.9832048782  46.9769896647  50.7012307378  52.6970009585  52.6970009585  50.7012307378  46.9769896647  41.9832048782  36.258838985  30.3194597937  24.5870707347  19.3577683714  14.799630835  10.9693703898  7.8373043417  5.31310935812  3.26791326954  1.55084031424  
1.12144344642  2.35916039907  3.82546763866  5.62319412944  7.8373043417  10.5230388198  13.6909388953  17.2905094832  21.1959624411  25.1991873387  29.0161833376  32.3125740963  34.7501566328  36.0488982595  36.0488982595  34.7501566328  32.3125740963  29.0161833376  25.1991873387  21.1959624411  17.2905094832  13.6909388953  10.5230388198  7.8373043417  5.62319412944  3.82546763866  2.35916039907  1.12144344642  
0.767938530013  1.61323082613  2.61009356724  3.82546763866  5.31310935812  7.10561820241  9.20482699712  11.5719102963  14.1195902578  16.7096816845  19.1594832958  21.2596058992  22.8032085341  23.6223289969  23.6223289969  22.8032085341  21.2596058992  19.1594832958  16.7096816845  14.1195902578  11.5719102963  9.20482699712  7.10561820241  5.31310935812  3.82546763866  2.61009356724  1.61323082613  0.767938530013  
0.475964356633  0.998796061047  1.61323082613  2.35916039907  3.26791326954  4.35741077754  5.6265331753  7.04958559524  8.57231700973  10.1113426952  11.5587994198  12.7933424787  13.6970126085  14.1752560681  14.1752560681  13.6970126085  12.7933424787  11.5587994198  10.1113426952  8.57231700973  7.04958559524  5.6265331753  4.35741077754  3.26791326954  2.35916039907  1.61323082613  0.998796061047  0.475964356633  
0.226969814798  0.475964356633  0.767938530013  1.12144344642  1.55084031424  2.06402460438  2.65983877549  3.3256084599  4.03548306355  4.750412219  5.42053164971  5.99035713767  6.40645707796  6.62632142502  6.62632142502  6.40645707796  5.99035713767  5.42053164971  4.750412219  4.03548306355  3.3256084599  2.65983877549  2.06402460438  1.55084031424  1.12144344642  0.767938530013  0.475964356633  0.226969814798  
