0.0122702664139  0.0284121320115  0.05274069399  0.0902997982711  0.146817896556  0.228163225696  0.339182791764  0.481963030424  0.653810909401  0.845566338151  1.04107980913  1.21862791736  1.35454151103  1.42842787203  1.42842787203  1.35454151103  1.21862791736  1.04107980913  0.845566338151  0.653810909401  0.481963030424  0.339182791764  0.228163225696  0.146817896556  0.0902997982711  0.05274069399  0.0284121320115  0.0122702664139  
0.0284121320115  0.0658560838357  0.122430483865  0.210003961348  0.342155265037  0.532938973348  0.794180048453  1.13134571534  1.53865576963  1.99485803459  2.46169383481  2.8870278055  3.21348935832  3.391273564  3.391273564  3.21348935832  2.8870278055  2.46169383481  1.99485803459  1.53865576963  1.13134571534  0.794180048453  0.532938973348  0.342155265037  0.210003961348  0.122430483865  0.0658560838357  0.0284121320115  
0.05274069399  0.122430483865  0.228110617717  0.392341613521  0.641217242845  1.00216233776  1.49888043486  2.14342333429  2.92650566427  3.80872285799  4.71668242682  5.54826566862  6.18928388164  6.53936551471  6.53936551471  6.18928388164  5.54826566862  4.71668242682  3.80872285799  2.92650566427  2.14342333429  1.49888043486  1.00216233776  0.641217242845  0.392341613521  0.228110617717  0.122430483865  0.05274069399  
0.0902997982711  0.210003961348  0.392341613521  0.677080749317  1.11084397841  1.74357195157  2.61986703954  3.7648900986  5.16644834  6.7577596559  8.4082442549  9.93085056463  11.1116354682  11.7591345754  11.7591345754  11.1116354682  9.93085056463  8.4082442549  6.7577596559  5.16644834  3.7648900986  2.61986703954  1.74357195157  1.11084397841  0.677080749317  0.392341613521  0.210003961348  0.0902997982711  
0.146817896556  0.342155265037  0.641217242845  1.11084397841  1.83063598765  2.88775919603  4.3630214898  6.30709991768  8.70888284722  11.4628366608  14.3480514941  17.0354129587  19.1366878164  20.2955334156  20.2955334156  19.1366878164  17.0354129587  14.3480514941  11.4628366608  8.70888284722  6.30709991768  4.3630214898  2.88775919603  1.83063598765  1.11084397841  0.641217242845  0.342155265037  0.146817896556  
0.228163225696  0.532938973348  1.00216233776  1.74357195157  2.88775919603  4.58132179426  6.96588535288  10.1401153665  14.1061991405  18.7101995976  23.5964287353  28.2060225657  31.8512999838  33.8780123272  33.8780123272  31.8512999838  28.2060225657  23.5964287353  18.7101995976  14.1061991405  10.1401153665  6.96588535288  4.58132179426  2.88775919603  1.74357195157  1.00216233776  0.532938973348  0.228163225696  
0.339182791764  0.794180048453  1.49888043486  2.61986703954  4.3630214898  6.96588535288  10.6684424533  15.656058946  21.9735464731  29.4205988832  37.4570792896  45.1693864463  51.3657039571  54.8520178069  54.8520178069  51.3657039571  45.1693864463  37.4570792896  29.4205988832  21.9735464731  15.656058946  10.6684424533  6.96588535288  4.3630214898  2.61986703954  1.49888043486  0.794180048453  0.339182791764  
0.481963030424  1.13134571534  2.14342333429  3.7648900986  6.30709991768  10.1401153665  15.656058946  23.1898293741  32.8897735329  44.5440533293  57.3948871547  70.016710352  80.3905103717  86.3346853203  86.3346853203  80.3905103717  70.016710352  57.3948871547  44.5440533293  32.8897735329  23.1898293741  15.656058946  10.1401153665  6.30709991768  3.7648900986  2.14342333429  1.13134571534  0.481963030424  
0.653810909401  1.53865576963  2.92650566427  5.16644834  8.70888284722  14.1061991405  21.9735464731  32.8897735329  47.2192108664  64.8443807887  84.8277398707  105.087030611  122.301872957  132.45881839  132.45881839  122.301872957  105.087030611  84.8277398707  64.8443807887  47.2192108664  32.8897735329  21.9735464731  14.1061991405  8.70888284722  5.16644834  2.92650566427  1.53865576963  0.653810909401  
0.845566338151  1.99485803459  3.80872285799  6.7577596559  11.4628366608  18.7101995976  29.4205988832  44.5440533293  64.8443807887  90.5323333915  120.712564946  152.665429342  181.198791545  198.881789257  198.881789257  181.198791545  152.665429342  120.712564946  90.5323333915  64.8443807887  44.5440533293  29.4205988832  18.7101995976  11.4628366608  6.7577596559  3.80872285799  1.99485803459  0.845566338151  
1.04107980913  2.46169383481  4.71668242682  8.4082442549  14.3480514941  23.5964287353  37.4570792896  57.3948871547  84.8277398707  120.712564946  164.788976401  214.2736  261.880389753  294.024062807  294.024062807  261.880389753  214.2736  164.788976401  120.712564946  84.8277398707  57.3948871547  37.4570792896  23.5964287353  14.3480514941  8.4082442549  4.71668242682  2.46169383481  1.04107980913  
1.21862791736  2.8870278055  5.54826566862  9.93085056463  17.0354129587  28.2060225657  45.1693864463  70.016710352  105.087030611  152.665429342  214.2736  288.962362749  369.210518975  432.319491885  432.319491885  369.210518975  288.962362749  214.2736  152.665429342  105.087030611  70.016710352  45.1693864463  28.2060225657  17.0354129587  9.93085056463  5.54826566862  2.8870278055  1.21862791736  
1.35454151103  3.21348935832  6.18928388164  11.1116354682  19.1366878164  31.8512999838  51.3657039571  80.3905103717  122.301872957  181.198791545  261.880389753  369.210518975  504.123227104  643.363144016  643.363144016  504.123227104  369.210518975  261.880389753  181.198791545  122.301872957  80.3905103717  51.3657039571  31.8512999838  19.1366878164  11.1116354682  6.18928388164  3.21348935832  1.35454151103  
1.42842787203  3.391273564  6.53936551471  11.7591345754  20.2955334156  33.8780123272  54.8520178069  86.3346853203  132.45881839  198.881789257  294.024062807  432.319491885  643.363144016  1000.0  1000.0  643.363144016  432.319491885  294.024062807  198.881789257  132.45881839  86.3346853203  54.8520178069  33.8780123272  20.2955334156  11.7591345754  6.53936551471  3.391273564  1.42842787203  
1.42842787203  3.391273564  6.53936551471  11.7591345754  20.2955334156  33.8780123272  54.8520178069  86.3346853203  132.45881839  198.881789257  294.024062807  432.319491885  643.363144016  1000.0  1000.0  643.363144016  432.319491885  294.024062807  198.881789257  132.45881839  86.3346853203  54.8520178069  33.8780123272  20.2955334156  11.7591345754  6.53936551471  3.391273564  1.42842787203  
1.35454151103  3.21348935832  6.18928388164  11.1116354682  19.1366878164  31.8512999838  51.3657039571  80.3905103717  122.301872957  181.198791545  261.880389753  369.210518975  504.123227104  643.363144016  643.363144016  504.123227104  369.210518975  261.880389753  181.198791545  122.301872957  80.3905103717  51.3657039571  31.8512999838  19.1366878164  11.1116354682  6.18928388164  3.21348935832  1.35454151103  
1.21862791736  2.8870278055  5.54826566862  9.93085056463  17.0354129587  28.2060225657  45.1693864463  70.016710352  105.087030611  152.665429342  214.2736  288.962362749  369.210518975  432.319491885  432.319491885  369.210518975  288.962362749  214.2736  152.665429342  105.087030611  70.016710352  45.1693864463  28.2060225657  17.0354129587  9.93085056463  5.54826566862  2.8870278055  1.21862791736  
1.04107980913  2.46169383481  4.71668242682  8.4082442549  14.3480514941  23.5964287353  37.4570792896  57.3948871547  84.8277398707  120.712564946  164.788976401  214.2736  261.880389753  294.024062807  294.024062807  261.880389753  214.2736  164.788976401  120.712564946  84.8277398707  57.3948871547  37.4570792896  23.5964287353  14.3480514941  8.4082442549  4.71668242682  2.46169383481  1.04107980913  
0.845566338151  1.99485803459  3.80872285799  6.7577596559  11.4628366608  18.7101995976  29.4205988832  44.5440533293  64.8443807887  90.5323333915  120.712564946  152.665429342  181.198791545  198.881789257  198.881789257  181.198791545  152.665429342  120.712564946  90.5323333915  64.8443807887  44.5440533293  29.4205988832  18.7101995976  11.4628366608  6.7577596559  3.80872285799  1.99485803459  0.845566338151  
0.653810909401  1.53865576963  2.92650566427  5.16644834  8.70888284722  14.1061991405  21.9735464731  32.8897735329  47.2192108664  64.8443807887  84.8277398707  105.087030611  122.301872957  132.45881839  132.45881839  122.301872957  105.087030611  84.8277398707  64.8443807887  47.2192108664  32.8897735329  21.9735464731  14.1061991405  8.70888284722  5.16644834  2.92650566427  1.53865576963  0.653810909401  
0.481963030424  1.13134571534  2.14342333429  3.7648900986  6.30709991768  10.1401153665  15.656058946  23.1898293741  32.8897735329  44.5440533293  57.3948871547  70.016710352  80.3905103717  86.3346853203  86.3346853203  80.3905103717  70.016710352  57.3948871547  44.5440533293  32.8897735329  23.1898293741  15.656058946  10.1401153665  6.30709991768  3.7648900986  2.14342333429  1.13134571534  0.481963030424  
0.339182791764  0.794180048453  1.49888043486  2.61986703954  4.3630214898  6.96588535288  10.6684424533  15.656058946  21.9735464731  29.4205988832  37.4570792896  45.1693864463  51.3657039571  54.8520178069  54.8520178069  51.3657039571  45.1693864463  37.4570792896  29.4205988832  21.9735464731  15.656058946  10.6684424533  6.96588535288  4.3630214898  2.61986703954  1.49888043486  0.794180048453  0.339182791764  
0.228163225696  0.532938973348  1.00216233776  1.74357195157  2.88775919603  4.58132179426  6.96588535288  10.1401153665  14.1061991405  18.7101995976  23.5964287353  28.2060225657  31.8512999838  33.8780123272  33.8780123272  31.8512999838  28.2060225657  23.5964287353  18.7101995976  14.1061991405  10.1401153665  6.96588535288  4.58132179426  2.88775919603  1.74357195157  1.00216233776  0.532938973348  0.228163225696  
0.146817896556  0.342155265037  0.641217242845  1.11084397841  1.83063598765  2.88775919603  4.3630214898  6.30709991768  8.70888284722  11.4628366608  14.3480514941  17.0354129587  19.1366878164  20.2955334156  20.2955334156  19.1366878164  17.0354129587  14.3480514941  11.4628366608  8.70888284722  6.30709991768  4.3630214898  2.88775919603  1.83063598765  1.11084397841  0.641217242845  0.342155265037  0.146817896556  
0.0902997982711  0.210003961348  0.392341613521  0.677080749317  1.11084397841  1.74357195157  2.61986703954  3.7648900986  5.16644834  6.7577596559  8.4082442549  9.93085056463  11.1116354682  11.7591345754  11.7591345754  11.1116354682  9.93085056463  8.4082442549  6.7577596559  5.16644834  3.7648900986  2.61986703954  1.74357195157  1.11084397841  0.677080749317  0.392341613521  0.210003961348  0.0902997982711  
0.05274069399  0.122430483865  0.228110617717  0.392341613521  0.641217242845  1.00216233776  1.49888043486  2.14342333429  2.92650566427  3.80872285799  4.71668242682  5.54826566862  6.18928388164  6.53936551471  6.53936551471  6.18928388164  5.54826566862  4.71668242682  3.80872285799  2.92650566427  2.14342333429  1.49888043486  1.00216233776  0.641217242845  0.392341613521  0.228110617717  0.122430483865  0.05274069399  
0.0284121320115  0.0658560838357  0.122430483865  0.210003961348  0.342155265037  0.532938973348  0.794180048453  1.13134571534  1.53865576963  1.99485803459  2.46169383481  2.8870278055  3.21348935832  3.391273564  3.391273564  3.21348935832  2.8870278055  2.46169383481  1.99485803459  1.53865576963  1.13134571534  0.794180048453  0.532938973348  0.342155265037  0.210003961348  0.122430483865  0.0658560838357  0.0284121320115  
0.0122702664139  0.0284121320115  0.05274069399  0.0902997982711  0.146817896556  0.228163225696  0.339182791764  0.481963030424  0.653810909401  0.845566338151  1.04107980913  1.21862791736  1.35454151103  1.42842787203  1.42842787203  1.35454151103  1.21862791736  1.04107980913  0.845566338151  0.653810909401  0.481963030424  0.339182791764  0.228163225696  0.146817896556  0.0902997982711  0.05274069399  0.0284121320115  0.0122702664139  
