0.0676764497742  0.147231786801  0.250633910723  0.389723306105  0.575434322264  0.816307116438  1.11632947114  1.4724100653  1.8720859061  2.29231629435  2.70027442036  3.0567662384  3.32221088694  3.46412311903  3.46412311903  3.32221088694  3.0567662384  2.70027442036  2.29231629435  1.8720859061  1.4724100653  1.11632947114  0.816307116438  0.575434322264  0.389723306105  0.250633910723  0.147231786801  0.0676764497742  
0.147231786801  0.320583898928  0.546457507768  0.851140943574  1.25916484068  1.79005575422  2.45353259876  3.24376437786  4.13399463728  5.07345189134  5.98869341588  6.79100134768  7.38991828861  7.71064242133  7.71064242133  7.38991828861  6.79100134768  5.98869341588  5.07345189134  4.13399463728  3.24376437786  2.45353259876  1.79005575422  1.25916484068  0.851140943574  0.546457507768  0.320583898928  0.147231786801  
0.250633910723  0.546457507768  0.933374991346  1.45754877474  2.16274635037  3.08481268552  4.24322773675  5.63068443245  7.20286667389  8.87184134878  10.5071631853  11.9481801636  13.0284430452  13.6085447266  13.6085447266  13.0284430452  11.9481801636  10.5071631853  8.87184134878  7.20286667389  5.63068443245  4.24322773675  3.08481268552  2.16274635037  1.45754877474  0.933374991346  0.546457507768  0.250633910723  
0.389723306105  0.851140943574  1.45754877474  2.28359237805  3.40148686975  4.87249195917  6.73332658854  8.97868804024  11.5430888472  14.2875197274  16.9981913614  19.4044569306  21.2193357017  22.1979061228  22.1979061228  21.2193357017  19.4044569306  16.9981913614  14.2875197274  11.5430888472  8.97868804024  6.73332658854  4.87249195917  3.40148686975  2.28359237805  1.45754877474  0.851140943574  0.389723306105  
0.575434322264  1.25916484068  2.16274635037  3.40148686975  5.08959093634  7.32787799796  10.1831290743  13.6601522691  17.6707722911  22.0079360654  26.3370479898  30.2183887455  33.1705538478  34.7715433306  34.7715433306  33.1705538478  30.2183887455  26.3370479898  22.0079360654  17.6707722911  13.6601522691  10.1831290743  7.32787799796  5.08959093634  3.40148686975  2.16274635037  1.25916484068  0.575434322264  
0.816307116438  1.79005575422  3.08481268552  4.87249195917  7.32787799796  10.6120949294  14.8428571168  20.0518082562  26.1335382572  32.7972235991  39.5396978079  45.665556859  50.3793831624  52.9568593168  52.9568593168  50.3793831624  45.665556859  39.5396978079  32.7972235991  26.1335382572  20.0518082562  14.8428571168  10.6120949294  7.32787799796  4.87249195917  3.08481268552  1.79005575422  0.816307116438  
1.11632947114  2.45353259876  4.24322773675  6.73332658854  10.1831290743  14.8428571168  20.9134159896  28.4846002043  37.4549806474  47.4456134752  57.7335425167  67.2486923751  74.6909343786  78.8097993798  78.8097993798  74.6909343786  67.2486923751  57.7335425167  47.4456134752  37.4549806474  28.4846002043  20.9134159896  14.8428571168  10.1831290743  6.73332658854  4.24322773675  2.45353259876  1.11632947114  
1.4724100653  3.24376437786  5.63068443245  8.97868804024  13.6601522691  20.0518082562  28.4846002043  39.1601209446  52.032066508  66.6610014165  82.0708693812  96.6715844509  108.361594687  114.952268888  114.952268888  108.361594687  96.6715844509  82.0708693812  66.6610014165  52.032066508  39.1601209446  28.4846002043  20.0518082562  13.6601522691  8.97868804024  5.63068443245  3.24376437786  1.4724100653  
1.8720859061  4.13399463728  7.20286667389  11.5430888472  17.6707722911  26.1335382572  37.4549806474  52.032066508  69.9741096563  90.8773409169  113.548987921  135.7497961  154.144122394  164.827170371  164.827170371  154.144122394  135.7497961  113.548987921  90.8773409169  69.9741096563  52.032066508  37.4549806474  26.1335382572  17.6707722911  11.5430888472  7.20286667389  4.13399463728  1.8720859061  
2.29231629435  5.07345189134  8.87184134878  14.2875197274  22.0079360654  32.7972235991  47.4456134752  66.6610014165  90.8773409169  119.945129953  152.666903407  186.18290104  215.405669703  233.245858633  233.245858633  215.405669703  186.18290104  152.666903407  119.945129953  90.8773409169  66.6610014165  47.4456134752  32.7972235991  22.0079360654  14.2875197274  8.87184134878  5.07345189134  2.29231629435  
2.70027442036  5.98869341588  10.5071631853  16.9981913614  26.3370479898  39.5396978079  57.7335425167  82.0708693812  113.548987921  152.666903407  198.784888413  248.974055823  296.207741934  327.664886997  327.664886997  296.207741934  248.974055823  198.784888413  152.666903407  113.548987921  82.0708693812  57.7335425167  39.5396978079  26.3370479898  16.9981913614  10.5071631853  5.98869341588  2.70027442036  
3.0567662384  6.79100134768  11.9481801636  19.4044569306  30.2183887455  45.665556859  67.2486923751  96.6715844509  135.7497961  186.18290104  248.974055823  322.921479723  400.829847831  461.3919085  461.3919085  400.829847831  322.921479723  248.974055823  186.18290104  135.7497961  96.6715844509  67.2486923751  45.665556859  30.2183887455  19.4044569306  11.9481801636  6.79100134768  3.0567662384  
3.32221088694  7.38991828861  13.0284430452  21.2193357017  33.1705538478  50.3793831624  74.6909343786  108.361594687  154.144122394  215.405669703  296.207741934  400.829847831  530.11465265  662.383828008  662.383828008  530.11465265  400.829847831  296.207741934  215.405669703  154.144122394  108.361594687  74.6909343786  50.3793831624  33.1705538478  21.2193357017  13.0284430452  7.38991828861  3.32221088694  
3.46412311903  7.71064242133  13.6085447266  22.1979061228  34.7715433306  52.9568593168  78.8097993798  114.952268888  164.827170371  233.245858633  327.664886997  461.3919085  662.383828008  1000.0  1000.0  662.383828008  461.3919085  327.664886997  233.245858633  164.827170371  114.952268888  78.8097993798  52.9568593168  34.7715433306  22.1979061228  13.6085447266  7.71064242133  3.46412311903  
3.46412311903  7.71064242133  13.6085447266  22.1979061228  34.7715433306  52.9568593168  78.8097993798  114.952268888  164.827170371  233.245858633  327.664886997  461.3919085  662.383828008  1000.0  1000.0  662.383828008  461.3919085  327.664886997  233.245858633  164.827170371  114.952268888  78.8097993798  52.9568593168  34.7715433306  22.1979061228  13.6085447266  7.71064242133  3.46412311903  
3.32221088694  7.38991828861  13.0284430452  21.2193357017  33.1705538478  50.3793831624  74.6909343786  108.361594687  154.144122394  215.405669703  296.207741934  400.829847831  530.11465265  662.383828008  662.383828008  530.11465265  400.829847831  296.207741934  215.405669703  154.144122394  108.361594687  74.6909343786  50.3793831624  33.1705538478  21.2193357017  13.0284430452  7.38991828861  3.32221088694  
3.0567662384  6.79100134768  11.9481801636  19.4044569306  30.2183887455  45.665556859  67.2486923751  96.6715844509  135.7497961  186.18290104  248.974055823  322.921479723  400.829847831  461.3919085  461.3919085  400.829847831  322.921479723  248.974055823  186.18290104  135.7497961  96.6715844509  67.2486923751  45.665556859  30.2183887455  19.4044569306  11.9481801636  6.79100134768  3.0567662384  
2.70027442036  5.98869341588  10.5071631853  16.9981913614  26.3370479898  39.5396978079  57.7335425167  82.0708693812  113.548987921  152.666903407  198.784888413  248.974055823  296.207741934  327.664886997  327.664886997  296.207741934  248.974055823  198.784888413  152.666903407  113.548987921  82.0708693812  57.7335425167  39.5396978079  26.3370479898  16.9981913614  10.5071631853  5.98869341588  2.70027442036  
2.29231629435  5.07345189134  8.87184134878  14.2875197274  22.0079360654  32.7972235991  47.4456134752  66.6610014165  90.8773409169  119.945129953  152.666903407  186.18290104  215.405669703  233.245858633  233.245858633  215.405669703  186.18290104  152.666903407  119.945129953  90.8773409169  66.6610014165  47.4456134752  32.7972235991  22.0079360654  14.2875197274  8.87184134878  5.07345189134  2.29231629435  
1.8720859061  4.13399463728  7.20286667389  11.5430888472  17.6707722911  26.1335382572  37.4549806474  52.032066508  69.9741096563  90.8773409169  113.548987921  135.7497961  154.144122394  164.827170371  164.827170371  154.144122394  135.7497961  113.548987921  90.8773409169  69.9741096563  52.032066508  37.4549806474  26.1335382572  17.6707722911  11.5430888472  7.20286667389  4.13399463728  1.8720859061  
1.4724100653  3.24376437786  5.63068443245  8.97868804024  13.6601522691  20.0518082562  28.4846002043  39.1601209446  52.032066508  66.6610014165  82.0708693812  96.6715844509  108.361594687  114.952268888  114.952268888  108.361594687  96.6715844509  82.0708693812  66.6610014165  52.032066508  39.1601209446  28.4846002043  20.0518082562  13.6601522691  8.97868804024  5.63068443245  3.24376437786  1.4724100653  
1.11632947114  2.45353259876  4.24322773675  6.73332658854  10.1831290743  14.8428571168  20.9134159896  28.4846002043  37.4549806474  47.4456134752  57.7335425167  67.2486923751  74.6909343786  78.8097993798  78.8097993798  74.6909343786  67.2486923751  57.7335425167  47.4456134752  37.4549806474  28.4846002043  20.9134159896  14.8428571168  10.1831290743  6.73332658854  4.24322773675  2.45353259876  1.11632947114  
0.816307116438  1.79005575422  3.08481268552  4.87249195917  7.32787799796  10.6120949294  14.8428571168  20.0518082562  26.1335382572  32.7972235991  39.5396978079  45.665556859  50.3793831624  52.9568593168  52.9568593168  50.3793831624  45.665556859  39.5396978079  32.7972235991  26.1335382572  20.0518082562  14.8428571168  10.6120949294  7.32787799796  4.87249195917  3.08481268552  1.79005575422  0.816307116438  
0.575434322264  1.25916484068  2.16274635037  3.40148686975  5.08959093634  7.32787799796  10.1831290743  13.6601522691  17.6707722911  22.0079360654  26.3370479898  30.2183887455  33.1705538478  34.7715433306  34.7715433306  33.1705538478  30.2183887455  26.3370479898  22.0079360654  17.6707722911  13.6601522691  10.1831290743  7.32787799796  5.08959093634  3.40148686975  2.16274635037  1.25916484068  0.575434322264  
0.389723306105  0.851140943574  1.45754877474  2.28359237805  3.40148686975  4.87249195917  6.73332658854  8.97868804024  11.5430888472  14.2875197274  16.9981913614  19.4044569306  21.2193357017  22.1979061228  22.1979061228  21.2193357017  19.4044569306  16.9981913614  14.2875197274  11.5430888472  8.97868804024  6.73332658854  4.87249195917  3.40148686975  2.28359237805  1.45754877474  0.851140943574  0.389723306105  
0.250633910723  0.546457507768  0.933374991346  1.45754877474  2.16274635037  3.08481268552  4.24322773675  5.63068443245  7.20286667389  8.87184134878  10.5071631853  11.9481801636  13.0284430452  13.6085447266  13.6085447266  13.0284430452  11.9481801636  10.5071631853  8.87184134878  7.20286667389  5.63068443245  4.24322773675  3.08481268552  2.16274635037  1.45754877474  0.933374991346  0.546457507768  0.250633910723  
0.147231786801  0.320583898928  0.546457507768  0.851140943574  1.25916484068  1.79005575422  2.45353259876  3.24376437786  4.13399463728  5.07345189134  5.98869341588  6.79100134768  7.38991828861  7.71064242133  7.71064242133  7.38991828861  6.79100134768  5.98869341588  5.07345189134  4.13399463728  3.24376437786  2.45353259876  1.79005575422  1.25916484068  0.851140943574  0.546457507768  0.320583898928  0.147231786801  
0.0676764497742  0.147231786801  0.250633910723  0.389723306105  0.575434322264  0.816307116438  1.11632947114  1.4724100653  1.8720859061  2.29231629435  2.70027442036  3.0567662384  3.32221088694  3.46412311903  3.46412311903  3.32221088694  3.0567662384  2.70027442036  2.29231629435  1.8720859061  1.4724100653  1.11632947114  0.816307116438  0.575434322264  0.389723306105  0.250633910723  0.147231786801  0.0676764497742  
