0.104912697776  0.225039563646  0.375371789615  0.570140862874  0.821717957619  1.13883310935  1.52420654253  1.97195631202  2.46543575023  2.97637011419  3.46617342823  3.89000051821  4.20336872646  4.37019340757  4.37019340757  4.20336872646  3.89000051821  3.46617342823  2.97637011419  2.46543575023  1.97195631202  1.52420654253  1.13883310935  0.821717957619  0.570140862874  0.375371789615  0.225039563646  0.104912697776  
0.225039563646  0.483102833864  0.806834497599  1.22743244328  1.7723316689  2.46135619754  3.30149562513  4.28105420539  5.36457895505  6.49051226401  7.57364103888  8.51379340079  9.21065648004  9.58224234285  9.58224234285  9.21065648004  8.51379340079  7.57364103888  6.49051226401  5.36457895505  4.28105420539  3.30149562513  2.46135619754  1.7723316689  1.22743244328  0.806834497599  0.483102833864  0.225039563646  
0.375371789615  0.806834497599  1.35011490431  2.05902570223  2.98173873414  4.15431728568  5.59165060134  7.27693099241  9.15200316396  11.1120184506  13.0083390539  14.6628769232  15.8944100057  16.5529099835  16.5529099835  15.8944100057  14.6628769232  13.0083390539  11.1120184506  9.15200316396  7.27693099241  5.59165060134  4.15431728568  2.98173873414  2.05902570223  1.35011490431  0.806834497599  0.375371789615  
0.570140862874  1.22743244328  2.05902570223  3.15021132748  4.57908838066  6.40672292324  8.6627548756  11.3279124921  14.316845362  17.4667685537  20.5388829636  23.2391605072  25.2613403187  26.3470020155  26.3470020155  25.2613403187  23.2391605072  20.5388829636  17.4667685537  14.316845362  11.3279124921  8.6627548756  6.40672292324  4.57908838066  3.15021132748  2.05902570223  1.22743244328  0.570140862874  
0.821717957619  1.7723316689  2.98173873414  4.57908838066  6.68580322074  9.40156355306  12.7826982674  16.8144777986  21.3817602735  26.2460981586  31.0409156448  35.297764015  38.51267551  40.248680805  40.248680805  38.51267551  35.297764015  31.0409156448  26.2460981586  21.3817602735  16.8144777986  12.7826982674  9.40156355306  6.68580322074  4.57908838066  2.98173873414  1.7723316689  0.821717957619  
1.13883310935  2.46135619754  4.15431728568  6.40672292324  9.40156355306  13.2970889068  18.196011104  24.1034891708  30.87878917  38.1913787745  45.4994423475  52.0750551998  57.0995982012  59.8352707123  59.8352707123  57.0995982012  52.0750551998  45.4994423475  38.1913787745  30.87878917  24.1034891708  18.196011104  13.2970889068  9.40156355306  6.40672292324  4.15431728568  2.46135619754  1.13883310935  
1.52420654253  3.30149562513  5.59165060134  8.6627548756  12.7826982674  18.196011104  25.0825511436  33.496993157  43.2927550905  54.0422068307  64.9779050707  74.9963242462  82.7783343283  87.0671050879  87.0671050879  82.7783343283  74.9963242462  64.9779050707  54.0422068307  43.2927550905  33.496993157  25.0825511436  18.196011104  12.7826982674  8.6627548756  5.59165060134  3.30149562513  1.52420654253  
1.97195631202  4.28105420539  7.27693099241  11.3279124921  16.8144777986  24.1034891708  33.496993157  45.1507835847  58.9617295725  74.4318252972  90.5357658356  105.653291353  117.675950805  124.426120385  124.426120385  117.675950805  105.653291353  90.5357658356  74.4318252972  58.9617295725  45.1507835847  33.496993157  24.1034891708  16.8144777986  11.3279124921  7.27693099241  4.28105420539  1.97195631202  
2.46543575023  5.36457895505  9.15200316396  14.316845362  21.3817602735  30.87878917  43.2927550905  58.9617295725  77.9240418704  99.7056698565  123.060154707  145.726056223  164.384490514  175.177338892  175.177338892  164.384490514  145.726056223  123.060154707  99.7056698565  77.9240418704  58.9617295725  43.2927550905  30.87878917  21.3817602735  14.316845362  9.15200316396  5.36457895505  2.46543575023  
2.97637011419  6.49051226401  11.1120184506  17.4667685537  26.2460981586  38.1913787745  54.0422068307  74.4318252972  99.7056698565  129.628580016  162.94236913  196.775355532  226.094499876  243.925016034  243.925016034  226.094499876  196.775355532  162.94236913  129.628580016  99.7056698565  74.4318252972  54.0422068307  38.1913787745  26.2460981586  17.4667685537  11.1120184506  6.49051226401  2.97637011419  
3.46617342823  7.57364103888  13.0083390539  20.5388829636  31.0409156448  45.4994423475  64.9779050707  90.5357658356  123.060154707  162.94236913  209.465895142  259.692757402  306.696555231  337.891322209  337.891322209  306.696555231  259.692757402  209.465895142  162.94236913  123.060154707  90.5357658356  64.9779050707  45.4994423475  31.0409156448  20.5388829636  13.0083390539  7.57364103888  3.46617342823  
3.89000051821  8.51379340079  14.6628769232  23.2391605072  35.297764015  52.0750551998  74.9963242462  105.653291353  145.726056223  196.775355532  259.692757402  333.239430189  410.338400137  470.094640486  470.094640486  410.338400137  333.239430189  259.692757402  196.775355532  145.726056223  105.653291353  74.9963242462  52.0750551998  35.297764015  23.2391605072  14.6628769232  8.51379340079  3.89000051821  
4.20336872646  9.21065648004  15.8944100057  25.2613403187  38.51267551  57.0995982012  82.7783343283  117.675950805  164.384490514  226.094499876  306.696555231  410.338400137  537.856078005  668.027884926  668.027884926  537.856078005  410.338400137  306.696555231  226.094499876  164.384490514  117.675950805  82.7783343283  57.0995982012  38.51267551  25.2613403187  15.8944100057  9.21065648004  4.20336872646  
4.37019340757  9.58224234285  16.5529099835  26.3470020155  40.248680805  59.8352707123  87.0671050879  124.426120385  175.177338892  243.925016034  337.891322209  470.094640486  668.027884926  1000.0  1000.0  668.027884926  470.094640486  337.891322209  243.925016034  175.177338892  124.426120385  87.0671050879  59.8352707123  40.248680805  26.3470020155  16.5529099835  9.58224234285  4.37019340757  
4.37019340757  9.58224234285  16.5529099835  26.3470020155  40.248680805  59.8352707123  87.0671050879  124.426120385  175.177338892  243.925016034  337.891322209  470.094640486  668.027884926  1000.0  1000.0  668.027884926  470.094640486  337.891322209  243.925016034  175.177338892  124.426120385  87.0671050879  59.8352707123  40.248680805  26.3470020155  16.5529099835  9.58224234285  4.37019340757  
4.20336872646  9.21065648004  15.8944100057  25.2613403187  38.51267551  57.0995982012  82.7783343283  117.675950805  164.384490514  226.094499876  306.696555231  410.338400137  537.856078005  668.027884926  668.027884926  537.856078005  410.338400137  306.696555231  226.094499876  164.384490514  117.675950805  82.7783343283  57.0995982012  38.51267551  25.2613403187  15.8944100057  9.21065648004  4.20336872646  
3.89000051821  8.51379340079  14.6628769232  23.2391605072  35.297764015  52.0750551998  74.9963242462  105.653291353  145.726056223  196.775355532  259.692757402  333.239430189  410.338400137  470.094640486  470.094640486  410.338400137  333.239430189  259.692757402  196.775355532  145.726056223  105.653291353  74.9963242462  52.0750551998  35.297764015  23.2391605072  14.6628769232  8.51379340079  3.89000051821  
3.46617342823  7.57364103888  13.0083390539  20.5388829636  31.0409156448  45.4994423475  64.9779050707  90.5357658356  123.060154707  162.94236913  209.465895142  259.692757402  306.696555231  337.891322209  337.891322209  306.696555231  259.692757402  209.465895142  162.94236913  123.060154707  90.5357658356  64.9779050707  45.4994423475  31.0409156448  20.5388829636  13.0083390539  7.57364103888  3.46617342823  
2.97637011419  6.49051226401  11.1120184506  17.4667685537  26.2460981586  38.1913787745  54.0422068307  74.4318252972  99.7056698565  129.628580016  162.94236913  196.775355532  226.094499876  243.925016034  243.925016034  226.094499876  196.775355532  162.94236913  129.628580016  99.7056698565  74.4318252972  54.0422068307  38.1913787745  26.2460981586  17.4667685537  11.1120184506  6.49051226401  2.97637011419  
2.46543575023  5.36457895505  9.15200316396  14.316845362  21.3817602735  30.87878917  43.2927550905  58.9617295725  77.9240418704  99.7056698565  123.060154707  145.726056223  164.384490514  175.177338892  175.177338892  164.384490514  145.726056223  123.060154707  99.7056698565  77.9240418704  58.9617295725  43.2927550905  30.87878917  21.3817602735  14.316845362  9.15200316396  5.36457895505  2.46543575023  
1.97195631202  4.28105420539  7.27693099241  11.3279124921  16.8144777986  24.1034891708  33.496993157  45.1507835847  58.9617295725  74.4318252972  90.5357658356  105.653291353  117.675950805  124.426120385  124.426120385  117.675950805  105.653291353  90.5357658356  74.4318252972  58.9617295725  45.1507835847  33.496993157  24.1034891708  16.8144777986  11.3279124921  7.27693099241  4.28105420539  1.97195631202  
1.52420654253  3.30149562513  5.59165060134  8.6627548756  12.7826982674  18.196011104  25.0825511436  33.496993157  43.2927550905  54.0422068307  64.9779050707  74.9963242462  82.7783343283  87.0671050879  87.0671050879  82.7783343283  74.9963242462  64.9779050707  54.0422068307  43.2927550905  33.496993157  25.0825511436  18.196011104  12.7826982674  8.6627548756  5.59165060134  3.30149562513  1.52420654253  
1.13883310935  2.46135619754  4.15431728568  6.40672292324  9.40156355306  13.2970889068  18.196011104  24.1034891708  30.87878917  38.1913787745  45.4994423475  52.0750551998  57.0995982012  59.8352707123  59.8352707123  57.0995982012  52.0750551998  45.4994423475  38.1913787745  30.87878917  24.1034891708  18.196011104  13.2970889068  9.40156355306  6.40672292324  4.15431728568  2.46135619754  1.13883310935  
0.821717957619  1.7723316689  2.98173873414  4.57908838066  6.68580322074  9.40156355306  12.7826982674  16.8144777986  21.3817602735  26.2460981586  31.0409156448  35.297764015  38.51267551  40.248680805  40.248680805  38.51267551  35.297764015  31.0409156448  26.2460981586  21.3817602735  16.8144777986  12.7826982674  9.40156355306  6.68580322074  4.57908838066  2.98173873414  1.7723316689  0.821717957619  
0.570140862874  1.22743244328  2.05902570223  3.15021132748  4.57908838066  6.40672292324  8.6627548756  11.3279124921  14.316845362  17.4667685537  20.5388829636  23.2391605072  25.2613403187  26.3470020155  26.3470020155  25.2613403187  23.2391605072  20.5388829636  17.4667685537  14.316845362  11.3279124921  8.6627548756  6.40672292324  4.57908838066  3.15021132748  2.05902570223  1.22743244328  0.570140862874  
0.375371789615  0.806834497599  1.35011490431  2.05902570223  2.98173873414  4.15431728568  5.59165060134  7.27693099241  9.15200316396  11.1120184506  13.0083390539  14.6628769232  15.8944100057  16.5529099835  16.5529099835  15.8944100057  14.6628769232  13.0083390539  11.1120184506  9.15200316396  7.27693099241  5.59165060134  4.15431728568  2.98173873414  2.05902570223  1.35011490431  0.806834497599  0.375371789615  
0.225039563646  0.483102833864  0.806834497599  1.22743244328  1.7723316689  2.46135619754  3.30149562513  4.28105420539  5.36457895505  6.49051226401  7.57364103888  8.51379340079  9.21065648004  9.58224234285  9.58224234285  9.21065648004  8.51379340079  7.57364103888  6.49051226401  5.36457895505  4.28105420539  3.30149562513  2.46135619754  1.7723316689  1.22743244328  0.806834497599  0.483102833864  0.225039563646  
0.104912697776  0.225039563646  0.375371789615  0.570140862874  0.821717957619  1.13883310935  1.52420654253  1.97195631202  2.46543575023  2.97637011419  3.46617342823  3.89000051821  4.20336872646  4.37019340757  4.37019340757  4.20336872646  3.89000051821  3.46617342823  2.97637011419  2.46543575023  1.97195631202  1.52420654253  1.13883310935  0.821717957619  0.570140862874  0.375371789615  0.225039563646  0.104912697776  
