0.487719756718  1.00327951086  1.57237159732  2.21625684554  2.94927412963  3.7762003831  4.6896961949  5.66827614238  6.67542720993  7.66058990021  8.56261878996  9.31595981692  9.85909177117  10.1438992517  10.1438992517  9.85909177117  9.31595981692  8.56261878996  7.66058990021  6.67542720993  5.66827614238  4.6896961949  3.7762003831  2.94927412963  2.21625684554  1.57237159732  1.00327951086  0.487719756718  
1.00327951086  2.06494521646  3.23906734711  4.57076843622  6.09109263299  7.81145335302  9.7181091205  11.7675617982  13.8842032421  15.9618074133  17.8703582135  19.4689754828  20.6242106439  21.2309103497  21.2309103497  20.6242106439  19.4689754828  17.8703582135  15.9618074133  13.8842032421  11.7675617982  9.7181091205  7.81145335302  6.09109263299  4.57076843622  3.23906734711  2.06494521646  1.00327951086  
1.57237159732  3.23906734711  5.08792809997  7.19324591788  9.60773228905  12.3535334512  15.4128969116  18.7198422537  22.1549968956  25.5464086562  28.6792667758  31.3165338737  33.2300374967  34.2376143173  34.2376143173  33.2300374967  31.3165338737  28.6792667758  25.5464086562  22.1549968956  18.7198422537  15.4128969116  12.3535334512  9.60773228905  7.19324591788  5.08792809997  3.23906734711  1.57237159732  
2.21625684554  4.57076843622  7.19324591788  10.195337787  13.659412763  17.6254444454  22.076615005  26.9253768177  32.0030763485  37.0576233978  41.7645385665  45.7560642402  48.6696180655  50.209913334  50.209913334  48.6696180655  45.7560642402  41.7645385665  37.0576233978  32.0030763485  26.9253768177  22.076615005  17.6254444454  13.659412763  10.195337787  7.19324591788  4.57076843622  2.21625684554  
2.94927412963  6.09109263299  9.60773228905  13.659412763  18.3697410109  23.8077421407  29.9668270162  36.7425563644  43.9131662067  51.1294255678  57.9229201862  63.7427580891  68.027173897  70.3053047331  70.3053047331  68.027173897  63.7427580891  57.9229201862  51.1294255678  43.9131662067  36.7425563644  29.9668270162  23.8077421407  18.3697410109  13.659412763  9.60773228905  6.09109263299  2.94927412963  
3.7762003831  7.81145335302  12.3535334512  17.6254444454  23.8077421407  31.0152585774  39.2678325736  48.4564041599  58.3087023155  68.3631092635  77.9649725688  86.3048847544  92.5181468634  95.8495486898  95.8495486898  92.5181468634  86.3048847544  77.9649725688  68.3631092635  58.3087023155  48.4564041599  39.2678325736  31.0152585774  23.8077421407  17.6254444454  12.3535334512  7.81145335302  3.7762003831  
4.6896961949  9.7181091205  15.4128969116  22.076615005  29.9668270162  39.2678325736  50.0521849518  62.2317046877  75.5008825098  89.281722064  102.689619863  114.554548894  123.54400868  128.423645621  128.423645621  123.54400868  114.554548894  102.689619863  89.281722064  75.5008825098  62.2317046877  50.0521849518  39.2678325736  29.9668270162  22.076615005  15.4128969116  9.7181091205  4.6896961949  
5.66827614238  11.7675617982  18.7198422537  26.9253768177  36.7425563644  48.4564041599  62.2317046877  78.0471381246  95.6088756827  114.248507206  132.825712791  149.686656729  162.774032915  170.013375704  170.013375704  162.774032915  149.686656729  132.825712791  114.248507206  95.6088756827  78.0471381246  62.2317046877  48.4564041599  36.7425563644  26.9253768177  18.7198422537  11.7675617982  5.66827614238  
6.67542720993  13.8842032421  22.1549968956  32.0030763485  43.9131662067  58.3087023155  75.5008825098  95.6088756827  118.440747065  143.326399242  168.908265199  192.942335503  212.270176991  223.289803727  223.289803727  212.270176991  192.942335503  168.908265199  143.326399242  118.440747065  95.6088756827  75.5008825098  58.3087023155  43.9131662067  32.0030763485  22.1549968956  13.8842032421  6.67542720993  
7.66058990021  15.9618074133  25.5464086562  37.0576233978  51.1294255678  68.3631092635  89.281722064  114.248507206  143.326399242  176.043401532  211.022075643  245.465252137  274.662571989  292.176925457  292.176925457  274.662571989  245.465252137  211.022075643  176.043401532  143.326399242  114.248507206  89.281722064  68.3631092635  51.1294255678  37.0576233978  25.5464086562  15.9618074133  7.66058990021  
8.56261878996  17.8703582135  28.6792667758  41.7645385665  57.9229201862  77.9649725688  102.689619863  132.825712791  168.908265199  211.022075643  258.28286407  307.848433832  353.304557467  383.097711644  383.097711644  353.304557467  307.848433832  258.28286407  211.022075643  168.908265199  132.825712791  102.689619863  77.9649725688  57.9229201862  41.7645385665  28.6792667758  17.8703582135  8.56261878996  
9.31595981692  19.4689754828  31.3165338737  45.7560642402  63.7427580891  86.3048847544  114.554548894  149.686656729  192.942335503  245.465252137  307.848433832  378.835616126  451.926901293  507.984109029  507.984109029  451.926901293  378.835616126  307.848433832  245.465252137  192.942335503  149.686656729  114.554548894  86.3048847544  63.7427580891  45.7560642402  31.3165338737  19.4689754828  9.31595981692  
9.85909177117  20.6242106439  33.2300374967  48.6696180655  68.027173897  92.5181468634  123.54400868  162.774032915  212.270176991  274.662571989  353.304557467  451.926901293  571.394511473  692.388828479  692.388828479  571.394511473  451.926901293  353.304557467  274.662571989  212.270176991  162.774032915  123.54400868  92.5181468634  68.027173897  48.6696180655  33.2300374967  20.6242106439  9.85909177117  
10.1438992517  21.2309103497  34.2376143173  50.209913334  70.3053047331  95.8495486898  128.423645621  170.013375704  223.289803727  292.176925457  383.097711644  507.984109029  692.388828479  1000.0  1000.0  692.388828479  507.984109029  383.097711644  292.176925457  223.289803727  170.013375704  128.423645621  95.8495486898  70.3053047331  50.209913334  34.2376143173  21.2309103497  10.1438992517  
10.1438992517  21.2309103497  34.2376143173  50.209913334  70.3053047331  95.8495486898  128.423645621  170.013375704  223.289803727  292.176925457  383.097711644  507.984109029  692.388828479  1000.0  1000.0  692.388828479  507.984109029  383.097711644  292.176925457  223.289803727  170.013375704  128.423645621  95.8495486898  70.3053047331  50.209913334  34.2376143173  21.2309103497  10.1438992517  
9.85909177117  20.6242106439  33.2300374967  48.6696180655  68.027173897  92.5181468634  123.54400868  162.774032915  212.270176991  274.662571989  353.304557467  451.926901293  571.394511473  692.388828479  692.388828479  571.394511473  451.926901293  353.304557467  274.662571989  212.270176991  162.774032915  123.54400868  92.5181468634  68.027173897  48.6696180655  33.2300374967  20.6242106439  9.85909177117  
9.31595981692  19.4689754828  31.3165338737  45.7560642402  63.7427580891  86.3048847544  114.554548894  149.686656729  192.942335503  245.465252137  307.848433832  378.835616126  451.926901293  507.984109029  507.984109029  451.926901293  378.835616126  307.848433832  245.465252137  192.942335503  149.686656729  114.554548894  86.3048847544  63.7427580891  45.7560642402  31.3165338737  19.4689754828  9.31595981692  
8.56261878996  17.8703582135  28.6792667758  41.7645385665  57.9229201862  77.9649725688  102.689619863  132.825712791  168.908265199  211.022075643  258.28286407  307.848433832  353.304557467  383.097711644  383.097711644  353.304557467  307.848433832  258.28286407  211.022075643  168.908265199  132.825712791  102.689619863  77.9649725688  57.9229201862  41.7645385665  28.6792667758  17.8703582135  8.56261878996  
7.66058990021  15.9618074133  25.5464086562  37.0576233978  51.1294255678  68.3631092635  89.281722064  114.248507206  143.326399242  176.043401532  211.022075643  245.465252137  274.662571989  292.176925457  292.176925457  274.662571989  245.465252137  211.022075643  176.043401532  143.326399242  114.248507206  89.281722064  68.3631092635  51.1294255678  37.0576233978  25.5464086562  15.9618074133  7.66058990021  
6.67542720993  13.8842032421  22.1549968956  32.0030763485  43.9131662067  58.3087023155  75.5008825098  95.6088756827  118.440747065  143.326399242  168.908265199  192.942335503  212.270176991  223.289803727  223.289803727  212.270176991  192.942335503  168.908265199  143.326399242  118.440747065  95.6088756827  75.5008825098  58.3087023155  43.9131662067  32.0030763485  22.1549968956  13.8842032421  6.67542720993  
5.66827614238  11.7675617982  18.7198422537  26.9253768177  36.7425563644  48.4564041599  62.2317046877  78.0471381246  95.6088756827  114.248507206  132.825712791  149.686656729  162.774032915  170.013375704  170.013375704  162.774032915  149.686656729  132.825712791  114.248507206  95.6088756827  78.0471381246  62.2317046877  48.4564041599  36.7425563644  26.9253768177  18.7198422537  11.7675617982  5.66827614238  
4.6896961949  9.7181091205  15.4128969116  22.076615005  29.9668270162  39.2678325736  50.0521849518  62.2317046877  75.5008825098  89.281722064  102.689619863  114.554548894  123.54400868  128.423645621  128.423645621  123.54400868  114.554548894  102.689619863  89.281722064  75.5008825098  62.2317046877  50.0521849518  39.2678325736  29.9668270162  22.076615005  15.4128969116  9.7181091205  4.6896961949  
3.7762003831  7.81145335302  12.3535334512  17.6254444454  23.8077421407  31.0152585774  39.2678325736  48.4564041599  58.3087023155  68.3631092635  77.9649725688  86.3048847544  92.5181468634  95.8495486898  95.8495486898  92.5181468634  86.3048847544  77.9649725688  68.3631092635  58.3087023155  48.4564041599  39.2678325736  31.0152585774  23.8077421407  17.6254444454  12.3535334512  7.81145335302  3.7762003831  
2.94927412963  6.09109263299  9.60773228905  13.659412763  18.3697410109  23.8077421407  29.9668270162  36.7425563644  43.9131662067  51.1294255678  57.9229201862  63.7427580891  68.027173897  70.3053047331  70.3053047331  68.027173897  63.7427580891  57.9229201862  51.1294255678  43.9131662067  36.7425563644  29.9668270162  23.8077421407  18.3697410109  13.659412763  9.60773228905  6.09109263299  2.94927412963  
2.21625684554  4.57076843622  7.19324591788  10.195337787  13.659412763  17.6254444454  22.076615005  26.9253768177  32.0030763485  37.0576233978  41.7645385665  45.7560642402  48.6696180655  50.209913334  50.209913334  48.6696180655  45.7560642402  41.7645385665  37.0576233978  32.0030763485  26.9253768177  22.076615005  17.6254444454  13.659412763  10.195337787  7.19324591788  4.57076843622  2.21625684554  
1.57237159732  3.23906734711  5.08792809997  7.19324591788  9.60773228905  12.3535334512  15.4128969116  18.7198422537  22.1549968956  25.5464086562  28.6792667758  31.3165338737  33.2300374967  34.2376143173  34.2376143173  33.2300374967  31.3165338737  28.6792667758  25.5464086562  22.1549968956  18.7198422537  15.4128969116  12.3535334512  9.60773228905  7.19324591788  5.08792809997  3.23906734711  1.57237159732  
1.00327951086  2.06494521646  3.23906734711  4.57076843622  6.09109263299  7.81145335302  9.7181091205  11.7675617982  13.8842032421  15.9618074133  17.8703582135  19.4689754828  20.6242106439  21.2309103497  21.2309103497  20.6242106439  19.4689754828  17.8703582135  15.9618074133  13.8842032421  11.7675617982  9.7181091205  7.81145335302  6.09109263299  4.57076843622  3.23906734711  2.06494521646  1.00327951086  
0.487719756718  1.00327951086  1.57237159732  2.21625684554  2.94927412963  3.7762003831  4.6896961949  5.66827614238  6.67542720993  7.66058990021  8.56261878996  9.31595981692  9.85909177117  10.1438992517  10.1438992517  9.85909177117  9.31595981692  8.56261878996  7.66058990021  6.67542720993  5.66827614238  4.6896961949  3.7762003831  2.94927412963  2.21625684554  1.57237159732  1.00327951086  0.487719756718  
