0.232500466128  0.487242477018  0.785365821345  1.14554561612  1.58218324394  2.10311642213  2.70702900145  3.38099655511  4.09884812672  4.82117296416  5.49774144171  6.07273369189  6.49244180255  6.71416055408  6.71416055408  6.49244180255  6.07273369189  5.49774144171  4.82117296416  4.09884812672  3.38099655511  2.70702900145  2.10311642213  1.58218324394  1.14554561612  0.785365821345  0.487242477018  0.232500466128  
0.487242477018  1.0217877718  1.64874171629  2.40824176771  3.33169125015  4.43688754323  5.72238350559  7.16197431444  8.70076128262  10.2546372993  11.7150135512  12.9598854811  13.8707563458  14.3526964243  14.3526964243  13.8707563458  12.9598854811  11.7150135512  10.2546372993  8.70076128262  7.16197431444  5.72238350559  4.43688754323  3.33169125015  2.40824176771  1.64874171629  1.0217877718  0.487242477018  
0.785365821345  1.64874171629  2.66489904023  3.90114030994  5.41131940334  7.22782816002  9.35198273733  11.7441686083  14.3161203694  16.9285676144  19.397737353  21.5132845803  23.0676062036  23.8922177809  23.8922177809  23.0676062036  21.5132845803  19.397737353  16.9285676144  14.3161203694  11.7441686083  9.35198273733  7.22782816002  5.41131940334  3.90114030994  2.66489904023  1.64874171629  0.785365821345  
1.14554561612  2.40824176771  3.90114030994  5.72753640463  7.97249484182  10.6909373112  13.8926680032  17.5260954835  21.4640876961  25.4970900766  29.3397139153  32.6563863963  35.1079884424  36.4138860917  36.4138860917  35.1079884424  32.6563863963  29.3397139153  25.4970900766  21.4640876961  17.5260954835  13.8926680032  10.6909373112  7.97249484182  5.72753640463  3.90114030994  2.40824176771  1.14554561612  
1.58218324394  3.33169125015  5.41131940334  7.97249484182  11.1441629234  15.0161779442  19.6172222116  24.8891425325  30.6621411496  36.6383304883  42.3940567926  47.4124115505  51.1534869698  53.1577970657  53.1577970657  51.1534869698  47.4124115505  42.3940567926  36.6383304883  30.6621411496  24.8891425325  19.6172222116  15.0161779442  11.1441629234  7.97249484182  5.41131940334  3.33169125015  1.58218324394  
2.10311642213  4.43688754323  7.22782816002  10.6909373112  15.0161779442  20.3466433541  26.7475737688  34.167598266  42.3970421473  51.033160408  59.4684582192  66.9238413544  72.5477395429  75.5859008116  75.5859008116  72.5477395429  66.9238413544  59.4684582192  51.033160408  42.3970421473  34.167598266  26.7475737688  20.3466433541  15.0161779442  10.6909373112  7.22782816002  4.43688754323  2.10311642213  
2.70702900145  5.72238350559  9.35198273733  13.8926680032  19.6172222116  26.7475737688  35.4137584999  45.5982991532  57.0695900762  69.3149304574  81.4953658865  92.4599958263  100.869783427  105.468846365  105.468846365  100.869783427  92.4599958263  81.4953658865  69.3149304574  57.0695900762  45.5982991532  35.4137584999  26.7475737688  19.6172222116  13.8926680032  9.35198273733  5.72238350559  2.70702900145  
3.38099655511  7.16197431444  11.7441686083  17.5260954835  24.8891425325  34.167598266  45.5982991532  59.2460738742  74.9040763745  91.9756023573  109.360911087  125.404845885  138.007662196  145.030049128  145.030049128  138.007662196  125.404845885  109.360911087  91.9756023573  74.9040763745  59.2460738742  45.5982991532  34.167598266  24.8891425325  17.5260954835  11.7441686083  7.16197431444  3.38099655511  
4.09884812672  8.70076128262  14.3161203694  21.4640876961  30.6621411496  42.3970421473  57.0695900762  74.9040763745  95.8123439892  119.205161123  143.759636957  167.200989872  186.269802465  197.21900184  197.21900184  186.269802465  167.200989872  143.759636957  119.205161123  95.8123439892  74.9040763745  57.0695900762  42.3970421473  30.6621411496  21.4640876961  14.3161203694  8.70076128262  4.09884812672  
4.82117296416  10.2546372993  16.9285676144  25.4970900766  36.6383304883  51.033160408  69.3149304574  91.9756023573  119.205161123  150.629563613  184.906776566  219.17695012  248.543618608  266.278313014  266.278313014  248.543618608  219.17695012  184.906776566  150.629563613  119.205161123  91.9756023573  69.3149304574  51.033160408  36.6383304883  25.4970900766  16.9285676144  10.2546372993  4.82117296416  
5.49774144171  11.7150135512  19.397737353  29.3397139153  42.3940567926  59.4684582192  81.4953658865  109.360911087  143.759636957  184.906776566  231.975808201  282.049540635  328.429536496  359.01446722  359.01446722  328.429536496  282.049540635  231.975808201  184.906776566  143.759636957  109.360911087  81.4953658865  59.4684582192  42.3940567926  29.3397139153  19.397737353  11.7150135512  5.49774144171  
6.07273369189  12.9598854811  21.5132845803  32.6563863963  47.4124115505  66.9238413544  92.4599958263  125.404845885  167.200989872  219.17695012  282.049540635  354.546436518  429.852008998  487.905074006  487.905074006  429.852008998  354.546436518  282.049540635  219.17695012  167.200989872  125.404845885  92.4599958263  66.9238413544  47.4124115505  32.6563863963  21.5132845803  12.9598854811  6.07273369189  
6.49244180255  13.8707563458  23.0676062036  35.1079884424  51.1534869698  72.5477395429  100.869783427  138.007662196  186.269802465  248.543618608  328.429536496  429.852008998  553.651680943  679.518067356  679.518067356  553.651680943  429.852008998  328.429536496  248.543618608  186.269802465  138.007662196  100.869783427  72.5477395429  51.1534869698  35.1079884424  23.0676062036  13.8707563458  6.49244180255  
6.71416055408  14.3526964243  23.8922177809  36.4138860917  53.1577970657  75.5859008116  105.468846365  145.030049128  197.21900184  266.278313014  359.01446722  487.905074006  679.518067356  1000.0  1000.0  679.518067356  487.905074006  359.01446722  266.278313014  197.21900184  145.030049128  105.468846365  75.5859008116  53.1577970657  36.4138860917  23.8922177809  14.3526964243  6.71416055408  
6.71416055408  14.3526964243  23.8922177809  36.4138860917  53.1577970657  75.5859008116  105.468846365  145.030049128  197.21900184  266.278313014  359.01446722  487.905074006  679.518067356  1000.0  1000.0  679.518067356  487.905074006  359.01446722  266.278313014  197.21900184  145.030049128  105.468846365  75.5859008116  53.1577970657  36.4138860917  23.8922177809  14.3526964243  6.71416055408  
6.49244180255  13.8707563458  23.0676062036  35.1079884424  51.1534869698  72.5477395429  100.869783427  138.007662196  186.269802465  248.543618608  328.429536496  429.852008998  553.651680943  679.518067356  679.518067356  553.651680943  429.852008998  328.429536496  248.543618608  186.269802465  138.007662196  100.869783427  72.5477395429  51.1534869698  35.1079884424  23.0676062036  13.8707563458  6.49244180255  
6.07273369189  12.9598854811  21.5132845803  32.6563863963  47.4124115505  66.9238413544  92.4599958263  125.404845885  167.200989872  219.17695012  282.049540635  354.546436518  429.852008998  487.905074006  487.905074006  429.852008998  354.546436518  282.049540635  219.17695012  167.200989872  125.404845885  92.4599958263  66.9238413544  47.4124115505  32.6563863963  21.5132845803  12.9598854811  6.07273369189  
5.49774144171  11.7150135512  19.397737353  29.3397139153  42.3940567926  59.4684582192  81.4953658865  109.360911087  143.759636957  184.906776566  231.975808201  282.049540635  328.429536496  359.01446722  359.01446722  328.429536496  282.049540635  231.975808201  184.906776566  143.759636957  109.360911087  81.4953658865  59.4684582192  42.3940567926  29.3397139153  19.397737353  11.7150135512  5.49774144171  
4.82117296416  10.2546372993  16.9285676144  25.4970900766  36.6383304883  51.033160408  69.3149304574  91.9756023573  119.205161123  150.629563613  184.906776566  219.17695012  248.543618608  266.278313014  266.278313014  248.543618608  219.17695012  184.906776566  150.629563613  119.205161123  91.9756023573  69.3149304574  51.033160408  36.6383304883  25.4970900766  16.9285676144  10.2546372993  4.82117296416  
4.09884812672  8.70076128262  14.3161203694  21.4640876961  30.6621411496  42.3970421473  57.0695900762  74.9040763745  95.8123439892  119.205161123  143.759636957  167.200989872  186.269802465  197.21900184  197.21900184  186.269802465  167.200989872  143.759636957  119.205161123  95.8123439892  74.9040763745  57.0695900762  42.3970421473  30.6621411496  21.4640876961  14.3161203694  8.70076128262  4.09884812672  
3.38099655511  7.16197431444  11.7441686083  17.5260954835  24.8891425325  34.167598266  45.5982991532  59.2460738742  74.9040763745  91.9756023573  109.360911087  125.404845885  138.007662196  145.030049128  145.030049128  138.007662196  125.404845885  109.360911087  91.9756023573  74.9040763745  59.2460738742  45.5982991532  34.167598266  24.8891425325  17.5260954835  11.7441686083  7.16197431444  3.38099655511  
2.70702900145  5.72238350559  9.35198273733  13.8926680032  19.6172222116  26.7475737688  35.4137584999  45.5982991532  57.0695900762  69.3149304574  81.4953658865  92.4599958263  100.869783427  105.468846365  105.468846365  100.869783427  92.4599958263  81.4953658865  69.3149304574  57.0695900762  45.5982991532  35.4137584999  26.7475737688  19.6172222116  13.8926680032  9.35198273733  5.72238350559  2.70702900145  
2.10311642213  4.43688754323  7.22782816002  10.6909373112  15.0161779442  20.3466433541  26.7475737688  34.167598266  42.3970421473  51.033160408  59.4684582192  66.9238413544  72.5477395429  75.5859008116  75.5859008116  72.5477395429  66.9238413544  59.4684582192  51.033160408  42.3970421473  34.167598266  26.7475737688  20.3466433541  15.0161779442  10.6909373112  7.22782816002  4.43688754323  2.10311642213  
1.58218324394  3.33169125015  5.41131940334  7.97249484182  11.1441629234  15.0161779442  19.6172222116  24.8891425325  30.6621411496  36.6383304883  42.3940567926  47.4124115505  51.1534869698  53.1577970657  53.1577970657  51.1534869698  47.4124115505  42.3940567926  36.6383304883  30.6621411496  24.8891425325  19.6172222116  15.0161779442  11.1441629234  7.97249484182  5.41131940334  3.33169125015  1.58218324394  
1.14554561612  2.40824176771  3.90114030994  5.72753640463  7.97249484182  10.6909373112  13.8926680032  17.5260954835  21.4640876961  25.4970900766  29.3397139153  32.6563863963  35.1079884424  36.4138860917  36.4138860917  35.1079884424  32.6563863963  29.3397139153  25.4970900766  21.4640876961  17.5260954835  13.8926680032  10.6909373112  7.97249484182  5.72753640463  3.90114030994  2.40824176771  1.14554561612  
0.785365821345  1.64874171629  2.66489904023  3.90114030994  5.41131940334  7.22782816002  9.35198273733  11.7441686083  14.3161203694  16.9285676144  19.397737353  21.5132845803  23.0676062036  23.8922177809  23.8922177809  23.0676062036  21.5132845803  19.397737353  16.9285676144  14.3161203694  11.7441686083  9.35198273733  7.22782816002  5.41131940334  3.90114030994  2.66489904023  1.64874171629  0.785365821345  
0.487242477018  1.0217877718  1.64874171629  2.40824176771  3.33169125015  4.43688754323  5.72238350559  7.16197431444  8.70076128262  10.2546372993  11.7150135512  12.9598854811  13.8707563458  14.3526964243  14.3526964243  13.8707563458  12.9598854811  11.7150135512  10.2546372993  8.70076128262  7.16197431444  5.72238350559  4.43688754323  3.33169125015  2.40824176771  1.64874171629  1.0217877718  0.487242477018  
0.232500466128  0.487242477018  0.785365821345  1.14554561612  1.58218324394  2.10311642213  2.70702900145  3.38099655511  4.09884812672  4.82117296416  5.49774144171  6.07273369189  6.49244180255  6.71416055408  6.71416055408  6.49244180255  6.07273369189  5.49774144171  4.82117296416  4.09884812672  3.38099655511  2.70702900145  2.10311642213  1.58218324394  1.14554561612  0.785365821345  0.487242477018  0.232500466128  
