0.432675475169  0.892528928377  1.40475833817  1.9904422522  2.66415015648  3.43134510413  4.28580731602  5.20752139952  6.16166416617  7.09942960618  7.96133384518  8.68326141985  9.20481576134  9.47864338797  9.47864338797  9.20481576134  8.68326141985  7.96133384518  7.09942960618  6.16166416617  5.20752139952  4.28580731602  3.43134510413  2.66415015648  1.9904422522  1.40475833817  0.892528928377  0.432675475169  
0.892528928377  1.84215972605  2.90201536826  4.11689759947  5.51835627938  7.11921782571  8.90800972621  10.84418306  12.8554881549  14.8391472623  16.6683703856  18.2050282642  19.3177862124  19.90289885  19.90289885  19.3177862124  18.2050282642  16.6683703856  14.8391472623  12.8554881549  10.84418306  8.90800972621  7.11921782571  5.51835627938  4.11689759947  2.90201536826  1.84215972605  0.892528928377  
1.40475833817  2.90201536826  4.5782964144  6.50752350194  8.74327971425  11.3099347094  14.193215778  17.3315907537  20.6106713611  23.8635264882  26.8799307328  29.4266381247  31.278283377  32.2545003924  32.2545003924  31.278283377  29.4266381247  26.8799307328  23.8635264882  20.6106713611  17.3315907537  14.193215778  11.3099347094  8.74327971425  6.50752350194  4.5782964144  2.90201536826  1.40475833817  
1.9904422522  4.11689759947  6.50752350194  9.27368638868  12.4991325524  16.2269997387  20.4452590897  25.0723460418  29.9461553614  34.8210003057  39.3780135758  43.2538149259  46.0888125672  47.5894524328  47.5894524328  46.0888125672  43.2538149259  39.3780135758  34.8210003057  29.9461553614  25.0723460418  20.4452590897  16.2269997387  12.4991325524  9.27368638868  6.50752350194  4.11689759947  1.9904422522  
2.66415015648  5.51835627938  8.74327971425  12.4991325524  16.9115975374  22.0539873699  27.9259558531  34.4306462765  41.3543388425  48.3553336922  54.9713780362  60.6558539029  64.8493578308  67.0819408766  67.0819408766  64.8493578308  60.6558539029  54.9713780362  48.3553336922  41.3543388425  34.4306462765  27.9259558531  22.0539873699  16.9115975374  12.4991325524  8.74327971425  5.51835627938  2.66415015648  
3.43134510413  7.11921782571  11.3099347094  16.2269997387  22.0539873699  28.9113817983  36.8269248982  45.7008581409  55.2704098153  65.0823313775  74.4880606155  82.6813792675  88.7980723901  92.0817847369  92.0817847369  88.7980723901  82.6813792675  74.4880606155  65.0823313775  55.2704098153  45.7008581409  36.8269248982  28.9113817983  22.0539873699  16.2269997387  11.3099347094  7.11921782571  3.43134510413  
4.28580731602  8.90800972621  14.193215778  20.4452590897  27.9259558531  36.8269248982  47.2305692884  59.0599463214  72.0205555457  85.5433645459  98.7490810882  110.468473326  119.365764315  124.201324799  124.201324799  119.365764315  110.468473326  98.7490810882  85.5433645459  72.0205555457  59.0599463214  47.2305692884  36.8269248982  27.9259558531  20.4452590897  14.193215778  8.90800972621  4.28580731602  
5.20752139952  10.84418306  17.3315907537  25.0723460418  34.4306462765  45.7008581409  59.0599463214  74.5001334317  91.7403716178  110.12178095  128.507957025  145.241888378  158.256463376  165.464243225  165.464243225  158.256463376  145.241888378  128.507957025  110.12178095  91.7403716178  74.5001334317  59.0599463214  45.7008581409  34.4306462765  25.0723460418  17.3315907537  10.84418306  5.20752139952  
6.16166416617  12.8554881549  20.6106713611  29.9461553614  41.3543388425  55.2704098153  72.0205555457  91.7403716178  114.253101651  138.899226724  164.323591809  188.273545947  207.570473262  218.585371903  218.585371903  207.570473262  188.273545947  164.323591809  138.899226724  114.253101651  91.7403716178  72.0205555457  55.2704098153  41.3543388425  29.9461553614  20.6106713611  12.8554881549  6.16166416617  
7.09942960618  14.8391472623  23.8635264882  34.8210003057  48.3553336922  65.0823313775  85.5433645459  110.12178095  138.899226724  171.416747387  206.299037944  240.734500629  269.977711943  287.539089803  287.539089803  269.977711943  240.734500629  206.299037944  171.416747387  138.899226724  110.12178095  85.5433645459  65.0823313775  48.3553336922  34.8210003057  23.8635264882  14.8391472623  7.09942960618  
7.96133384518  16.6683703856  26.8799307328  39.3780135758  54.9713780362  74.4880606155  98.7490810882  128.507957025  164.323591809  206.299037944  253.555737622  303.234832993  348.870043875  378.810772501  378.810772501  348.870043875  303.234832993  253.555737622  206.299037944  164.323591809  128.507957025  98.7490810882  74.4880606155  54.9713780362  39.3780135758  26.8799307328  16.6683703856  7.96133384518  
8.68326141985  18.2050282642  29.4266381247  43.2538149259  60.6558539029  82.6813792675  110.468473326  145.241888378  188.273545947  240.734500629  303.234832993  374.511994525  448.008906894  504.425059521  504.425059521  448.008906894  374.511994525  303.234832993  240.734500629  188.273545947  145.241888378  110.468473326  82.6813792675  60.6558539029  43.2538149259  29.4266381247  18.2050282642  8.68326141985  
9.20481576134  19.3177862124  31.278283377  46.0888125672  64.8493578308  88.7980723901  119.365764315  158.256463376  207.570473262  269.977711943  348.870043875  448.008906894  568.25385699  690.113006573  690.113006573  568.25385699  448.008906894  348.870043875  269.977711943  207.570473262  158.256463376  119.365764315  88.7980723901  64.8493578308  46.0888125672  31.278283377  19.3177862124  9.20481576134  
9.47864338797  19.90289885  32.2545003924  47.5894524328  67.0819408766  92.0817847369  124.201324799  165.464243225  218.585371903  287.539089803  378.810772501  504.425059521  690.113006573  1000.0  1000.0  690.113006573  504.425059521  378.810772501  287.539089803  218.585371903  165.464243225  124.201324799  92.0817847369  67.0819408766  47.5894524328  32.2545003924  19.90289885  9.47864338797  
9.47864338797  19.90289885  32.2545003924  47.5894524328  67.0819408766  92.0817847369  124.201324799  165.464243225  218.585371903  287.539089803  378.810772501  504.425059521  690.113006573  1000.0  1000.0  690.113006573  504.425059521  378.810772501  287.539089803  218.585371903  165.464243225  124.201324799  92.0817847369  67.0819408766  47.5894524328  32.2545003924  19.90289885  9.47864338797  
9.20481576134  19.3177862124  31.278283377  46.0888125672  64.8493578308  88.7980723901  119.365764315  158.256463376  207.570473262  269.977711943  348.870043875  448.008906894  568.25385699  690.113006573  690.113006573  568.25385699  448.008906894  348.870043875  269.977711943  207.570473262  158.256463376  119.365764315  88.7980723901  64.8493578308  46.0888125672  31.278283377  19.3177862124  9.20481576134  
8.68326141985  18.2050282642  29.4266381247  43.2538149259  60.6558539029  82.6813792675  110.468473326  145.241888378  188.273545947  240.734500629  303.234832993  374.511994525  448.008906894  504.425059521  504.425059521  448.008906894  374.511994525  303.234832993  240.734500629  188.273545947  145.241888378  110.468473326  82.6813792675  60.6558539029  43.2538149259  29.4266381247  18.2050282642  8.68326141985  
7.96133384518  16.6683703856  26.8799307328  39.3780135758  54.9713780362  74.4880606155  98.7490810882  128.507957025  164.323591809  206.299037944  253.555737622  303.234832993  348.870043875  378.810772501  378.810772501  348.870043875  303.234832993  253.555737622  206.299037944  164.323591809  128.507957025  98.7490810882  74.4880606155  54.9713780362  39.3780135758  26.8799307328  16.6683703856  7.96133384518  
7.09942960618  14.8391472623  23.8635264882  34.8210003057  48.3553336922  65.0823313775  85.5433645459  110.12178095  138.899226724  171.416747387  206.299037944  240.734500629  269.977711943  287.539089803  287.539089803  269.977711943  240.734500629  206.299037944  171.416747387  138.899226724  110.12178095  85.5433645459  65.0823313775  48.3553336922  34.8210003057  23.8635264882  14.8391472623  7.09942960618  
6.16166416617  12.8554881549  20.6106713611  29.9461553614  41.3543388425  55.2704098153  72.0205555457  91.7403716178  114.253101651  138.899226724  164.323591809  188.273545947  207.570473262  218.585371903  218.585371903  207.570473262  188.273545947  164.323591809  138.899226724  114.253101651  91.7403716178  72.0205555457  55.2704098153  41.3543388425  29.9461553614  20.6106713611  12.8554881549  6.16166416617  
5.20752139952  10.84418306  17.3315907537  25.0723460418  34.4306462765  45.7008581409  59.0599463214  74.5001334317  91.7403716178  110.12178095  128.507957025  145.241888378  158.256463376  165.464243225  165.464243225  158.256463376  145.241888378  128.507957025  110.12178095  91.7403716178  74.5001334317  59.0599463214  45.7008581409  34.4306462765  25.0723460418  17.3315907537  10.84418306  5.20752139952  
4.28580731602  8.90800972621  14.193215778  20.4452590897  27.9259558531  36.8269248982  47.2305692884  59.0599463214  72.0205555457  85.5433645459  98.7490810882  110.468473326  119.365764315  124.201324799  124.201324799  119.365764315  110.468473326  98.7490810882  85.5433645459  72.0205555457  59.0599463214  47.2305692884  36.8269248982  27.9259558531  20.4452590897  14.193215778  8.90800972621  4.28580731602  
3.43134510413  7.11921782571  11.3099347094  16.2269997387  22.0539873699  28.9113817983  36.8269248982  45.7008581409  55.2704098153  65.0823313775  74.4880606155  82.6813792675  88.7980723901  92.0817847369  92.0817847369  88.7980723901  82.6813792675  74.4880606155  65.0823313775  55.2704098153  45.7008581409  36.8269248982  28.9113817983  22.0539873699  16.2269997387  11.3099347094  7.11921782571  3.43134510413  
2.66415015648  5.51835627938  8.74327971425  12.4991325524  16.9115975374  22.0539873699  27.9259558531  34.4306462765  41.3543388425  48.3553336922  54.9713780362  60.6558539029  64.8493578308  67.0819408766  67.0819408766  64.8493578308  60.6558539029  54.9713780362  48.3553336922  41.3543388425  34.4306462765  27.9259558531  22.0539873699  16.9115975374  12.4991325524  8.74327971425  5.51835627938  2.66415015648  
1.9904422522  4.11689759947  6.50752350194  9.27368638868  12.4991325524  16.2269997387  20.4452590897  25.0723460418  29.9461553614  34.8210003057  39.3780135758  43.2538149259  46.0888125672  47.5894524328  47.5894524328  46.0888125672  43.2538149259  39.3780135758  34.8210003057  29.9461553614  25.0723460418  20.4452590897  16.2269997387  12.4991325524  9.27368638868  6.50752350194  4.11689759947  1.9904422522  
1.40475833817  2.90201536826  4.5782964144  6.50752350194  8.74327971425  11.3099347094  14.193215778  17.3315907537  20.6106713611  23.8635264882  26.8799307328  29.4266381247  31.278283377  32.2545003924  32.2545003924  31.278283377  29.4266381247  26.8799307328  23.8635264882  20.6106713611  17.3315907537  14.193215778  11.3099347094  8.74327971425  6.50752350194  4.5782964144  2.90201536826  1.40475833817  
0.892528928377  1.84215972605  2.90201536826  4.11689759947  5.51835627938  7.11921782571  8.90800972621  10.84418306  12.8554881549  14.8391472623  16.6683703856  18.2050282642  19.3177862124  19.90289885  19.90289885  19.3177862124  18.2050282642  16.6683703856  14.8391472623  12.8554881549  10.84418306  8.90800972621  7.11921782571  5.51835627938  4.11689759947  2.90201536826  1.84215972605  0.892528928377  
0.432675475169  0.892528928377  1.40475833817  1.9904422522  2.66415015648  3.43134510413  4.28580731602  5.20752139952  6.16166416617  7.09942960618  7.96133384518  8.68326141985  9.20481576134  9.47864338797  9.47864338797  9.20481576134  8.68326141985  7.96133384518  7.09942960618  6.16166416617  5.20752139952  4.28580731602  3.43134510413  2.66415015648  1.9904422522  1.40475833817  0.892528928377  0.432675475169  
