0.392378923894  0.8112983813  1.28145886363  1.82370286369  2.4527118462  3.17444842115  3.98356647332  4.86123370412  5.77401364482  6.67456089043  7.50479352037  8.20182423262  8.70622686728  8.97131128493  8.97131128493  8.70622686728  8.20182423262  7.50479352037  6.67456089043  5.77401364482  4.86123370412  3.98356647332  3.17444842115  2.4527118462  1.82370286369  1.28145886363  0.8112983813  0.392378923894  
0.8112983813  1.67845051539  2.65361337678  3.78114893657  5.09286593555  6.60262410966  8.30072582584  10.1490013055  12.0779642392  13.987718518  15.7542076036  17.2416638077  18.3205899296  18.8884779873  18.8884779873  18.3205899296  17.2416638077  15.7542076036  13.987718518  12.0779642392  10.1490013055  8.30072582584  6.60262410966  5.09286593555  3.78114893657  2.65361337678  1.67845051539  0.8112983813  
1.28145886363  2.65361337678  4.20161438359  5.99880700573  8.09925171562  10.5289552859  13.2763775761  16.2835881323  19.4403172807  22.5838526119  25.5078825242  27.982449969  29.7846663469  30.7357776327  30.7357776327  29.7846663469  27.982449969  25.5078825242  22.5838526119  19.4403172807  16.2835881323  13.2763775761  10.5289552859  8.09925171562  5.99880700573  4.20161438359  2.65361337678  1.28145886363  
1.82370286369  3.78114893657  5.99880700573  8.58743329652  11.6315812472  15.176738581  19.2146555761  23.6686350512  28.3820132608  33.1145247509  37.552147087  41.3353668877  44.1073112763  45.5760571515  45.5760571515  44.1073112763  41.3353668877  37.552147087  33.1145247509  28.3820132608  23.6686350512  19.2146555761  15.176738581  11.6315812472  8.58743329652  5.99880700573  3.78114893657  1.82370286369  
2.4527118462  5.09286593555  8.09925171562  11.6315812472  15.8168280183  20.731520113  26.380265062  32.6724076151  39.4009569278  46.2306524591  52.7046528422  58.2802476974  62.4003556457  64.5960812556  64.5960812556  62.4003556457  58.2802476974  52.7046528422  46.2306524591  39.4009569278  32.6724076151  26.380265062  20.731520113  15.8168280183  11.6315812472  8.09925171562  5.09286593555  2.4527118462  
3.17444842115  6.60262410966  10.5289552859  15.176738581  20.731520113  27.3180654407  34.9704227526  43.5964813791  52.9414717204  62.5593883637  71.807165318  79.8817587767  85.9198876775  89.1646860407  89.1646860407  85.9198876775  79.8817587767  71.807165318  62.5593883637  52.9414717204  43.5964813791  34.9704227526  27.3180654407  20.731520113  15.176738581  10.5289552859  6.60262410966  3.17444842115  
3.98356647332  8.30072582584  13.2763775761  19.2146555761  26.380265062  34.9704227526  45.0754324741  56.6276336929  69.3418593604  82.6569416099  95.6986118849  107.299037931  116.120486652  120.919600786  120.919600786  116.120486652  107.299037931  95.6986118849  82.6569416099  69.3418593604  56.6276336929  45.0754324741  34.9704227526  26.380265062  19.2146555761  13.2763775761  8.30072582584  3.98356647332  
4.86123370412  10.1490013055  16.2835881323  23.6686350512  32.6724076151  43.5964813791  56.6276336929  71.7693103407  88.7513463472  106.923329073  125.15291167  141.781443937  154.734754063  161.915611634  161.915611634  154.734754063  141.781443937  125.15291167  106.923329073  88.7513463472  71.7693103407  56.6276336929  43.5964813791  32.6724076151  23.6686350512  16.2835881323  10.1490013055  4.86123370412  
5.77401364482  12.0779642392  19.4403172807  28.3820132608  39.4009569278  52.9414717204  69.3418593604  88.7513463472  111.006107822  135.45607309  160.749079748  184.626591781  203.894750141  214.903642867  214.903642867  203.894750141  184.626591781  160.749079748  135.45607309  111.006107822  88.7513463472  69.3418593604  52.9414717204  39.4009569278  28.3820132608  19.4403172807  12.0779642392  5.77401364482  
6.67456089043  13.987718518  22.5838526119  33.1145247509  46.2306524591  62.5593883637  82.6569416099  106.923329073  135.45607309  167.80775846  202.605957416  237.028655001  266.303395315  283.899496065  283.899496065  266.303395315  237.028655001  202.605957416  167.80775846  135.45607309  106.923329073  82.6569416099  62.5593883637  46.2306524591  33.1145247509  22.5838526119  13.987718518  6.67456089043  
7.50479352037  15.7542076036  25.5078825242  37.552147087  52.7046528422  71.807165318  95.6986118849  125.15291167  160.749079748  202.605957416  249.850785212  299.612533138  345.384386517  375.439270164  375.439270164  345.384386517  299.612533138  249.850785212  202.605957416  160.749079748  125.15291167  95.6986118849  71.807165318  52.7046528422  37.552147087  25.5078825242  15.7542076036  7.50479352037  
8.20182423262  17.2416638077  27.982449969  41.3353668877  58.2802476974  79.8817587767  107.299037931  141.781443937  184.626591781  237.028655001  299.612533138  371.111690185  444.924338675  501.621735286  501.621735286  444.924338675  371.111690185  299.612533138  237.028655001  184.626591781  141.781443937  107.299037931  79.8817587767  58.2802476974  41.3353668877  27.982449969  17.2416638077  8.20182423262  
8.70622686728  18.3205899296  29.7846663469  44.1073112763  62.4003556457  85.9198876775  116.120486652  154.734754063  203.894750141  266.303395315  345.384386517  444.924338675  565.778871869  688.318857743  688.318857743  565.778871869  444.924338675  345.384386517  266.303395315  203.894750141  154.734754063  116.120486652  85.9198876775  62.4003556457  44.1073112763  29.7846663469  18.3205899296  8.70622686728  
8.97131128493  18.8884779873  30.7357776327  45.5760571515  64.5960812556  89.1646860407  120.919600786  161.915611634  214.903642867  283.899496065  375.439270164  501.621735286  688.318857743  1000.0  1000.0  688.318857743  501.621735286  375.439270164  283.899496065  214.903642867  161.915611634  120.919600786  89.1646860407  64.5960812556  45.5760571515  30.7357776327  18.8884779873  8.97131128493  
8.97131128493  18.8884779873  30.7357776327  45.5760571515  64.5960812556  89.1646860407  120.919600786  161.915611634  214.903642867  283.899496065  375.439270164  501.621735286  688.318857743  1000.0  1000.0  688.318857743  501.621735286  375.439270164  283.899496065  214.903642867  161.915611634  120.919600786  89.1646860407  64.5960812556  45.5760571515  30.7357776327  18.8884779873  8.97131128493  
8.70622686728  18.3205899296  29.7846663469  44.1073112763  62.4003556457  85.9198876775  116.120486652  154.734754063  203.894750141  266.303395315  345.384386517  444.924338675  565.778871869  688.318857743  688.318857743  565.778871869  444.924338675  345.384386517  266.303395315  203.894750141  154.734754063  116.120486652  85.9198876775  62.4003556457  44.1073112763  29.7846663469  18.3205899296  8.70622686728  
8.20182423262  17.2416638077  27.982449969  41.3353668877  58.2802476974  79.8817587767  107.299037931  141.781443937  184.626591781  237.028655001  299.612533138  371.111690185  444.924338675  501.621735286  501.621735286  444.924338675  371.111690185  299.612533138  237.028655001  184.626591781  141.781443937  107.299037931  79.8817587767  58.2802476974  41.3353668877  27.982449969  17.2416638077  8.20182423262  
7.50479352037  15.7542076036  25.5078825242  37.552147087  52.7046528422  71.807165318  95.6986118849  125.15291167  160.749079748  202.605957416  249.850785212  299.612533138  345.384386517  375.439270164  375.439270164  345.384386517  299.612533138  249.850785212  202.605957416  160.749079748  125.15291167  95.6986118849  71.807165318  52.7046528422  37.552147087  25.5078825242  15.7542076036  7.50479352037  
6.67456089043  13.987718518  22.5838526119  33.1145247509  46.2306524591  62.5593883637  82.6569416099  106.923329073  135.45607309  167.80775846  202.605957416  237.028655001  266.303395315  283.899496065  283.899496065  266.303395315  237.028655001  202.605957416  167.80775846  135.45607309  106.923329073  82.6569416099  62.5593883637  46.2306524591  33.1145247509  22.5838526119  13.987718518  6.67456089043  
5.77401364482  12.0779642392  19.4403172807  28.3820132608  39.4009569278  52.9414717204  69.3418593604  88.7513463472  111.006107822  135.45607309  160.749079748  184.626591781  203.894750141  214.903642867  214.903642867  203.894750141  184.626591781  160.749079748  135.45607309  111.006107822  88.7513463472  69.3418593604  52.9414717204  39.4009569278  28.3820132608  19.4403172807  12.0779642392  5.77401364482  
4.86123370412  10.1490013055  16.2835881323  23.6686350512  32.6724076151  43.5964813791  56.6276336929  71.7693103407  88.7513463472  106.923329073  125.15291167  141.781443937  154.734754063  161.915611634  161.915611634  154.734754063  141.781443937  125.15291167  106.923329073  88.7513463472  71.7693103407  56.6276336929  43.5964813791  32.6724076151  23.6686350512  16.2835881323  10.1490013055  4.86123370412  
3.98356647332  8.30072582584  13.2763775761  19.2146555761  26.380265062  34.9704227526  45.0754324741  56.6276336929  69.3418593604  82.6569416099  95.6986118849  107.299037931  116.120486652  120.919600786  120.919600786  116.120486652  107.299037931  95.6986118849  82.6569416099  69.3418593604  56.6276336929  45.0754324741  34.9704227526  26.380265062  19.2146555761  13.2763775761  8.30072582584  3.98356647332  
3.17444842115  6.60262410966  10.5289552859  15.176738581  20.731520113  27.3180654407  34.9704227526  43.5964813791  52.9414717204  62.5593883637  71.807165318  79.8817587767  85.9198876775  89.1646860407  89.1646860407  85.9198876775  79.8817587767  71.807165318  62.5593883637  52.9414717204  43.5964813791  34.9704227526  27.3180654407  20.731520113  15.176738581  10.5289552859  6.60262410966  3.17444842115  
2.4527118462  5.09286593555  8.09925171562  11.6315812472  15.8168280183  20.731520113  26.380265062  32.6724076151  39.4009569278  46.2306524591  52.7046528422  58.2802476974  62.4003556457  64.5960812556  64.5960812556  62.4003556457  58.2802476974  52.7046528422  46.2306524591  39.4009569278  32.6724076151  26.380265062  20.731520113  15.8168280183  11.6315812472  8.09925171562  5.09286593555  2.4527118462  
1.82370286369  3.78114893657  5.99880700573  8.58743329652  11.6315812472  15.176738581  19.2146555761  23.6686350512  28.3820132608  33.1145247509  37.552147087  41.3353668877  44.1073112763  45.5760571515  45.5760571515  44.1073112763  41.3353668877  37.552147087  33.1145247509  28.3820132608  23.6686350512  19.2146555761  15.176738581  11.6315812472  8.58743329652  5.99880700573  3.78114893657  1.82370286369  
1.28145886363  2.65361337678  4.20161438359  5.99880700573  8.09925171562  10.5289552859  13.2763775761  16.2835881323  19.4403172807  22.5838526119  25.5078825242  27.982449969  29.7846663469  30.7357776327  30.7357776327  29.7846663469  27.982449969  25.5078825242  22.5838526119  19.4403172807  16.2835881323  13.2763775761  10.5289552859  8.09925171562  5.99880700573  4.20161438359  2.65361337678  1.28145886363  
0.8112983813  1.67845051539  2.65361337678  3.78114893657  5.09286593555  6.60262410966  8.30072582584  10.1490013055  12.0779642392  13.987718518  15.7542076036  17.2416638077  18.3205899296  18.8884779873  18.8884779873  18.3205899296  17.2416638077  15.7542076036  13.987718518  12.0779642392  10.1490013055  8.30072582584  6.60262410966  5.09286593555  3.78114893657  2.65361337678  1.67845051539  0.8112983813  
0.392378923894  0.8112983813  1.28145886363  1.82370286369  2.4527118462  3.17444842115  3.98356647332  4.86123370412  5.77401364482  6.67456089043  7.50479352037  8.20182423262  8.70622686728  8.97131128493  8.97131128493  8.70622686728  8.20182423262  7.50479352037  6.67456089043  5.77401364482  4.86123370412  3.98356647332  3.17444842115  2.4527118462  1.82370286369  1.28145886363  0.8112983813  0.392378923894  
