0.000112156944264  0.000320783599577  0.000777425761457  0.00175412265966  0.00371982231353  0.00740688186504  0.0138144236194  0.0240661037421  0.0390465355457  0.0588241738952  0.0820388881575  0.1056155232  0.125192952251  0.136375483035  0.136375483035  0.125192952251  0.1056155232  0.0820388881575  0.0588241738952  0.0390465355457  0.0240661037421  0.0138144236194  0.00740688186504  0.00371982231353  0.00175412265966  0.000777425761457  0.000320783599577  0.000112156944264  
0.000320783599577  0.000918145460069  0.00222744033232  0.00503226566233  0.0106877559807  0.0213188774972  0.0398405898965  0.0695584201685  0.113119967643  0.170822838984  0.238782570813  0.308022358694  0.365672291332  0.398662040721  0.398662040721  0.365672291332  0.308022358694  0.238782570813  0.170822838984  0.113119967643  0.0695584201685  0.0398405898965  0.0213188774972  0.0106877559807  0.00503226566233  0.00222744033232  0.000918145460069  0.000320783599577  
0.000777425761457  0.00222744033232  0.00541174509502  0.0122484994361  0.0260699506627  0.0521314783102  0.0976984458296  0.171106748105  0.279196047263  0.423066809229  0.593351888583  0.76766846884  0.913395944154  0.99702060883  0.99702060883  0.913395944154  0.76766846884  0.593351888583  0.423066809229  0.279196047263  0.171106748105  0.0976984458296  0.0521314783102  0.0260699506627  0.0122484994361  0.00541174509502  0.00222744033232  0.000777425761457  
0.00175412265966  0.00503226566233  0.0122484994361  0.0277844550483  0.0592944355658  0.118936497992  0.223682041657  0.393290087355  0.644461364212  0.980869502391  1.38163635668  1.79449749863  2.14155749769  2.34148934204  2.34148934204  2.14155749769  1.79449749863  1.38163635668  0.980869502391  0.644461364212  0.393290087355  0.223682041657  0.118936497992  0.0592944355658  0.0277844550483  0.0122484994361  0.00503226566233  0.00175412265966  
0.00371982231353  0.0106877559807  0.0260699506627  0.0592944355658  0.126940470891  0.255568128192  0.482688346051  0.852755501138  1.40469824122  2.14979781484  3.04491961332  3.97480437507  4.76236107838  5.21850838279  5.21850838279  4.76236107838  3.97480437507  3.04491961332  2.14979781484  1.40469824122  0.852755501138  0.482688346051  0.255568128192  0.126940470891  0.0592944355658  0.0260699506627  0.0106877559807  0.00371982231353  
0.00740688186504  0.0213188774972  0.0521314783102  0.118936497992  0.255568128192  0.516778582767  0.980981538547  1.7431069084  2.88982967692  4.45334137277  6.35216313346  8.3468528349  10.0537534092  11.0500327291  11.0500327291  10.0537534092  8.3468528349  6.35216313346  4.45334137277  2.88982967692  1.7431069084  0.980981538547  0.516778582767  0.255568128192  0.118936497992  0.0521314783102  0.0213188774972  0.00740688186504  
0.0138144236194  0.0398405898965  0.0976984458296  0.223682041657  0.482688346051  0.980981538547  1.87327874744  3.35169001147  5.60036519365  8.70511422515  12.5293523639  16.6075479781  20.1483492656  22.23870151  22.23870151  20.1483492656  16.6075479781  12.5293523639  8.70511422515  5.60036519365  3.35169001147  1.87327874744  0.980981538547  0.482688346051  0.223682041657  0.0976984458296  0.0398405898965  0.0138144236194  
0.0240661037421  0.0695584201685  0.171106748105  0.393290087355  0.852755501138  1.7431069084  3.35169001147  6.04605512216  10.198767872  16.0239062962  23.3325570967  31.2880836219  38.3409066092  42.5780617828  42.5780617828  38.3409066092  31.2880836219  23.3325570967  16.0239062962  10.198767872  6.04605512216  3.35169001147  1.7431069084  0.852755501138  0.393290087355  0.171106748105  0.0695584201685  0.0240661037421  
0.0390465355457  0.113119967643  0.279196047263  0.644461364212  1.40469824122  2.88982967692  5.60036519365  10.198767872  17.4001626656  27.7038052066  40.9467064586  55.7743020632  69.3287010123  77.7034855021  77.7034855021  69.3287010123  55.7743020632  40.9467064586  27.7038052066  17.4001626656  10.198767872  5.60036519365  2.88982967692  1.40469824122  0.644461364212  0.279196047263  0.113119967643  0.0390465355457  
0.0588241738952  0.170822838984  0.423066809229  0.980869502391  2.14979781484  4.45334137277  8.70511422515  16.0239062962  27.7038052066  44.8278266418  67.5345369032  93.9677798302  119.265462496  135.648957292  135.648957292  119.265462496  93.9677798302  67.5345369032  44.8278266418  27.7038052066  16.0239062962  8.70511422515  4.45334137277  2.14979781484  0.980869502391  0.423066809229  0.170822838984  0.0588241738952  
0.0820388881575  0.238782570813  0.593351888583  1.38163635668  3.04491961332  6.35216313346  12.5293523639  23.3325570967  40.9467064586  67.5345369032  104.215307161  149.252687543  195.445398673  227.917732394  227.917732394  195.445398673  149.252687543  104.215307161  67.5345369032  40.9467064586  23.3325570967  12.5293523639  6.35216313346  3.04491961332  1.38163635668  0.593351888583  0.238782570813  0.0820388881575  
0.1056155232  0.308022358694  0.76766846884  1.79449749863  3.97480437507  8.3468528349  16.6075479781  31.2880836219  55.7743020632  93.9677798302  149.252687543  222.115453959  305.016514576  372.48296873  372.48296873  305.016514576  222.115453959  149.252687543  93.9677798302  55.7743020632  31.2880836219  16.6075479781  8.3468528349  3.97480437507  1.79449749863  0.76766846884  0.308022358694  0.1056155232  
0.125192952251  0.365672291332  0.913395944154  2.14155749769  4.76236107838  10.0537534092  20.1483492656  38.3409066092  69.3287010123  119.265462496  195.445398673  305.016514576  449.803072926  603.160756384  603.160756384  449.803072926  305.016514576  195.445398673  119.265462496  69.3287010123  38.3409066092  20.1483492656  10.0537534092  4.76236107838  2.14155749769  0.913395944154  0.365672291332  0.125192952251  
0.136375483035  0.398662040721  0.99702060883  2.34148934204  5.21850838279  11.0500327291  22.23870151  42.5780617828  77.7034855021  135.648957292  227.917732394  372.48296873  603.160756384  1000.0  1000.0  603.160756384  372.48296873  227.917732394  135.648957292  77.7034855021  42.5780617828  22.23870151  11.0500327291  5.21850838279  2.34148934204  0.99702060883  0.398662040721  0.136375483035  
0.136375483035  0.398662040721  0.99702060883  2.34148934204  5.21850838279  11.0500327291  22.23870151  42.5780617828  77.7034855021  135.648957292  227.917732394  372.48296873  603.160756384  1000.0  1000.0  603.160756384  372.48296873  227.917732394  135.648957292  77.7034855021  42.5780617828  22.23870151  11.0500327291  5.21850838279  2.34148934204  0.99702060883  0.398662040721  0.136375483035  
0.125192952251  0.365672291332  0.913395944154  2.14155749769  4.76236107838  10.0537534092  20.1483492656  38.3409066092  69.3287010123  119.265462496  195.445398673  305.016514576  449.803072926  603.160756384  603.160756384  449.803072926  305.016514576  195.445398673  119.265462496  69.3287010123  38.3409066092  20.1483492656  10.0537534092  4.76236107838  2.14155749769  0.913395944154  0.365672291332  0.125192952251  
0.1056155232  0.308022358694  0.76766846884  1.79449749863  3.97480437507  8.3468528349  16.6075479781  31.2880836219  55.7743020632  93.9677798302  149.252687543  222.115453959  305.016514576  372.48296873  372.48296873  305.016514576  222.115453959  149.252687543  93.9677798302  55.7743020632  31.2880836219  16.6075479781  8.3468528349  3.97480437507  1.79449749863  0.76766846884  0.308022358694  0.1056155232  
0.0820388881575  0.238782570813  0.593351888583  1.38163635668  3.04491961332  6.35216313346  12.5293523639  23.3325570967  40.9467064586  67.5345369032  104.215307161  149.252687543  195.445398673  227.917732394  227.917732394  195.445398673  149.252687543  104.215307161  67.5345369032  40.9467064586  23.3325570967  12.5293523639  6.35216313346  3.04491961332  1.38163635668  0.593351888583  0.238782570813  0.0820388881575  
0.0588241738952  0.170822838984  0.423066809229  0.980869502391  2.14979781484  4.45334137277  8.70511422515  16.0239062962  27.7038052066  44.8278266418  67.5345369032  93.9677798302  119.265462496  135.648957292  135.648957292  119.265462496  93.9677798302  67.5345369032  44.8278266418  27.7038052066  16.0239062962  8.70511422515  4.45334137277  2.14979781484  0.980869502391  0.423066809229  0.170822838984  0.0588241738952  
0.0390465355457  0.113119967643  0.279196047263  0.644461364212  1.40469824122  2.88982967692  5.60036519365  10.198767872  17.4001626656  27.7038052066  40.9467064586  55.7743020632  69.3287010123  77.7034855021  77.7034855021  69.3287010123  55.7743020632  40.9467064586  27.7038052066  17.4001626656  10.198767872  5.60036519365  2.88982967692  1.40469824122  0.644461364212  0.279196047263  0.113119967643  0.0390465355457  
0.0240661037421  0.0695584201685  0.171106748105  0.393290087355  0.852755501138  1.7431069084  3.35169001147  6.04605512216  10.198767872  16.0239062962  23.3325570967  31.2880836219  38.3409066092  42.5780617828  42.5780617828  38.3409066092  31.2880836219  23.3325570967  16.0239062962  10.198767872  6.04605512216  3.35169001147  1.7431069084  0.852755501138  0.393290087355  0.171106748105  0.0695584201685  0.0240661037421  
0.0138144236194  0.0398405898965  0.0976984458296  0.223682041657  0.482688346051  0.980981538547  1.87327874744  3.35169001147  5.60036519365  8.70511422515  12.5293523639  16.6075479781  20.1483492656  22.23870151  22.23870151  20.1483492656  16.6075479781  12.5293523639  8.70511422515  5.60036519365  3.35169001147  1.87327874744  0.980981538547  0.482688346051  0.223682041657  0.0976984458296  0.0398405898965  0.0138144236194  
0.00740688186504  0.0213188774972  0.0521314783102  0.118936497992  0.255568128192  0.516778582767  0.980981538547  1.7431069084  2.88982967692  4.45334137277  6.35216313346  8.3468528349  10.0537534092  11.0500327291  11.0500327291  10.0537534092  8.3468528349  6.35216313346  4.45334137277  2.88982967692  1.7431069084  0.980981538547  0.516778582767  0.255568128192  0.118936497992  0.0521314783102  0.0213188774972  0.00740688186504  
0.00371982231353  0.0106877559807  0.0260699506627  0.0592944355658  0.126940470891  0.255568128192  0.482688346051  0.852755501138  1.40469824122  2.14979781484  3.04491961332  3.97480437507  4.76236107838  5.21850838279  5.21850838279  4.76236107838  3.97480437507  3.04491961332  2.14979781484  1.40469824122  0.852755501138  0.482688346051  0.255568128192  0.126940470891  0.0592944355658  0.0260699506627  0.0106877559807  0.00371982231353  
0.00175412265966  0.00503226566233  0.0122484994361  0.0277844550483  0.0592944355658  0.118936497992  0.223682041657  0.393290087355  0.644461364212  0.980869502391  1.38163635668  1.79449749863  2.14155749769  2.34148934204  2.34148934204  2.14155749769  1.79449749863  1.38163635668  0.980869502391  0.644461364212  0.393290087355  0.223682041657  0.118936497992  0.0592944355658  0.0277844550483  0.0122484994361  0.00503226566233  0.00175412265966  
0.000777425761457  0.00222744033232  0.00541174509502  0.0122484994361  0.0260699506627  0.0521314783102  0.0976984458296  0.171106748105  0.279196047263  0.423066809229  0.593351888583  0.76766846884  0.913395944154  0.99702060883  0.99702060883  0.913395944154  0.76766846884  0.593351888583  0.423066809229  0.279196047263  0.171106748105  0.0976984458296  0.0521314783102  0.0260699506627  0.0122484994361  0.00541174509502  0.00222744033232  0.000777425761457  
0.000320783599577  0.000918145460069  0.00222744033232  0.00503226566233  0.0106877559807  0.0213188774972  0.0398405898965  0.0695584201685  0.113119967643  0.170822838984  0.238782570813  0.308022358694  0.365672291332  0.398662040721  0.398662040721  0.365672291332  0.308022358694  0.238782570813  0.170822838984  0.113119967643  0.0695584201685  0.0398405898965  0.0213188774972  0.0106877559807  0.00503226566233  0.00222744033232  0.000918145460069  0.000320783599577  
0.000112156944264  0.000320783599577  0.000777425761457  0.00175412265966  0.00371982231353  0.00740688186504  0.0138144236194  0.0240661037421  0.0390465355457  0.0588241738952  0.0820388881575  0.1056155232  0.125192952251  0.136375483035  0.136375483035  0.125192952251  0.1056155232  0.0820388881575  0.0588241738952  0.0390465355457  0.0240661037421  0.0138144236194  0.00740688186504  0.00371982231353  0.00175412265966  0.000777425761457  0.000320783599577  0.000112156944264  
