0.000138299495536  0.000391534367066  0.000937366375165  0.00208920877637  0.0043788412738  0.00862411432325  0.0159230105054  0.0274866458451  0.0442356420102  0.0661777063441  0.0917649163059  0.117614978917  0.138997758491  0.15118277264  0.15118277264  0.138997758491  0.117614978917  0.0917649163059  0.0661777063441  0.0442356420102  0.0274866458451  0.0159230105054  0.00862411432325  0.0043788412738  0.00208920877637  0.000937366375165  0.000391534367066  0.000138299495536  
0.000391534367066  0.00110929453171  0.00265859890758  0.00593337137165  0.0124554416005  0.0245752273994  0.0454662695849  0.0786596114213  0.126890058201  0.190287218649  0.26446816414  0.339651914718  0.402010904633  0.437611503048  0.437611503048  0.402010904633  0.339651914718  0.26446816414  0.190287218649  0.126890058201  0.0786596114213  0.0454662695849  0.0245752273994  0.0124554416005  0.00593337137165  0.00265859890758  0.00110929453171  0.000391534367066  
0.000937366375165  0.00265859890758  0.00638146243851  0.014268682594  0.0300194649355  0.0593813197206  0.110177490037  0.191220192385  0.309515148969  0.465771414389  0.649523202104  0.836650259758  0.992490674119  1.08170908509  1.08170908509  0.992490674119  0.836650259758  0.649523202104  0.465771414389  0.309515148969  0.191220192385  0.110177490037  0.0593813197206  0.0300194649355  0.014268682594  0.00638146243851  0.00265859890758  0.000937366375165  
0.00208920877637  0.00593337137165  0.014268682594  0.0319779519893  0.0674613245968  0.133866929562  0.249272158934  0.434354285423  0.706086562687  1.06729172322  1.49485307849  1.93305575738  2.30002460341  2.51093275997  2.51093275997  2.30002460341  1.93305575738  1.49485307849  1.06729172322  0.706086562687  0.434354285423  0.249272158934  0.133866929562  0.0674613245968  0.0319779519893  0.014268682594  0.00593337137165  0.00208920877637  
0.0043788412738  0.0124554416005  0.0300194649355  0.0674613245968  0.142779144687  0.284393923809  0.531858284582  0.931260801265  1.52189941718  2.31330584663  3.2580670711  4.23454022035  5.05845639122  5.53455802681  5.53455802681  5.05845639122  4.23454022035  3.2580670711  2.31330584663  1.52189941718  0.931260801265  0.531858284582  0.284393923809  0.142779144687  0.0674613245968  0.0300194649355  0.0124554416005  0.0043788412738  
0.00862411432325  0.0245752273994  0.0593813197206  0.133866929562  0.284393923809  0.568983048931  1.06955488113  1.88371178225  3.0984640707  4.74259287599  6.72693334379  8.80104425146  10.5693434735  11.5990894347  11.5990894347  10.5693434735  8.80104425146  6.72693334379  4.74259287599  3.0984640707  1.88371178225  1.06955488113  0.568983048931  0.284393923809  0.133866929562  0.0593813197206  0.0245752273994  0.00862411432325  
0.0159230105054  0.0454662695849  0.110177490037  0.249272158934  0.531858284582  1.06955488113  2.0226657319  3.58727647003  5.94743580305  9.18264281962  13.1433177607  17.3463150634  20.9822076428  23.1238205881  23.1238205881  20.9822076428  17.3463150634  13.1433177607  9.18264281962  5.94743580305  3.58727647003  2.0226657319  1.06955488113  0.531858284582  0.249272158934  0.110177490037  0.0454662695849  0.0159230105054  
0.0274866458451  0.0786596114213  0.191220192385  0.434354285423  0.931260801265  1.88371178225  3.58727647003  6.41479957279  10.7374175329  16.7581050362  24.2672045256  32.401882301  39.5879383793  43.895477881  43.895477881  39.5879383793  32.401882301  24.2672045256  16.7581050362  10.7374175329  6.41479957279  3.58727647003  1.88371178225  0.931260801265  0.434354285423  0.191220192385  0.0786596114213  0.0274866458451  
0.0442356420102  0.126890058201  0.309515148969  0.706086562687  1.52189941718  3.0984640707  5.94743580305  10.7374175329  18.1791668999  28.7533347716  42.2654617216  57.3246501544  71.0435932272  79.501557304  79.501557304  71.0435932272  57.3246501544  42.2654617216  28.7533347716  18.1791668999  10.7374175329  5.94743580305  3.0984640707  1.52189941718  0.706086562687  0.309515148969  0.126890058201  0.0442356420102  
0.0661777063441  0.190287218649  0.465771414389  1.06729172322  2.31330584663  4.74259287599  9.18264281962  16.7581050362  28.7533347716  46.2216383799  69.2557231385  95.9516859651  121.417730264  137.87590772  137.87590772  121.417730264  95.9516859651  69.2557231385  46.2216383799  28.7533347716  16.7581050362  9.18264281962  4.74259287599  2.31330584663  1.06729172322  0.465771414389  0.190287218649  0.0661777063441  
0.0917649163059  0.26446816414  0.649523202104  1.49485307849  3.2580670711  6.72693334379  13.1433177607  24.2672045256  42.2654617216  69.2557231385  106.29221645  151.576763916  197.883220154  230.373342802  230.373342802  197.883220154  151.576763916  106.29221645  69.2557231385  42.2654617216  24.2672045256  13.1433177607  6.72693334379  3.2580670711  1.49485307849  0.649523202104  0.26446816414  0.0917649163059  
0.117614978917  0.339651914718  0.836650259758  1.93305575738  4.23454022035  8.80104425146  17.3463150634  32.401882301  57.3246501544  95.9516859651  151.576763916  224.602187437  307.46415527  374.789183382  374.789183382  307.46415527  224.602187437  151.576763916  95.9516859651  57.3246501544  32.401882301  17.3463150634  8.80104425146  4.23454022035  1.93305575738  0.836650259758  0.339651914718  0.117614978917  
0.138997758491  0.402010904633  0.992490674119  2.30002460341  5.05845639122  10.5693434735  20.9822076428  39.5879383793  71.0435932272  121.417730264  197.883220154  307.46415527  451.92222262  604.743002972  604.743002972  451.92222262  307.46415527  197.883220154  121.417730264  71.0435932272  39.5879383793  20.9822076428  10.5693434735  5.05845639122  2.30002460341  0.992490674119  0.402010904633  0.138997758491  
0.15118277264  0.437611503048  1.08170908509  2.51093275997  5.53455802681  11.5990894347  23.1238205881  43.895477881  79.501557304  137.87590772  230.373342802  374.789183382  604.743002972  1000.0  1000.0  604.743002972  374.789183382  230.373342802  137.87590772  79.501557304  43.895477881  23.1238205881  11.5990894347  5.53455802681  2.51093275997  1.08170908509  0.437611503048  0.15118277264  
0.15118277264  0.437611503048  1.08170908509  2.51093275997  5.53455802681  11.5990894347  23.1238205881  43.895477881  79.501557304  137.87590772  230.373342802  374.789183382  604.743002972  1000.0  1000.0  604.743002972  374.789183382  230.373342802  137.87590772  79.501557304  43.895477881  23.1238205881  11.5990894347  5.53455802681  2.51093275997  1.08170908509  0.437611503048  0.15118277264  
0.138997758491  0.402010904633  0.992490674119  2.30002460341  5.05845639122  10.5693434735  20.9822076428  39.5879383793  71.0435932272  121.417730264  197.883220154  307.46415527  451.92222262  604.743002972  604.743002972  451.92222262  307.46415527  197.883220154  121.417730264  71.0435932272  39.5879383793  20.9822076428  10.5693434735  5.05845639122  2.30002460341  0.992490674119  0.402010904633  0.138997758491  
0.117614978917  0.339651914718  0.836650259758  1.93305575738  4.23454022035  8.80104425146  17.3463150634  32.401882301  57.3246501544  95.9516859651  151.576763916  224.602187437  307.46415527  374.789183382  374.789183382  307.46415527  224.602187437  151.576763916  95.9516859651  57.3246501544  32.401882301  17.3463150634  8.80104425146  4.23454022035  1.93305575738  0.836650259758  0.339651914718  0.117614978917  
0.0917649163059  0.26446816414  0.649523202104  1.49485307849  3.2580670711  6.72693334379  13.1433177607  24.2672045256  42.2654617216  69.2557231385  106.29221645  151.576763916  197.883220154  230.373342802  230.373342802  197.883220154  151.576763916  106.29221645  69.2557231385  42.2654617216  24.2672045256  13.1433177607  6.72693334379  3.2580670711  1.49485307849  0.649523202104  0.26446816414  0.0917649163059  
0.0661777063441  0.190287218649  0.465771414389  1.06729172322  2.31330584663  4.74259287599  9.18264281962  16.7581050362  28.7533347716  46.2216383799  69.2557231385  95.9516859651  121.417730264  137.87590772  137.87590772  121.417730264  95.9516859651  69.2557231385  46.2216383799  28.7533347716  16.7581050362  9.18264281962  4.74259287599  2.31330584663  1.06729172322  0.465771414389  0.190287218649  0.0661777063441  
0.0442356420102  0.126890058201  0.309515148969  0.706086562687  1.52189941718  3.0984640707  5.94743580305  10.7374175329  18.1791668999  28.7533347716  42.2654617216  57.3246501544  71.0435932272  79.501557304  79.501557304  71.0435932272  57.3246501544  42.2654617216  28.7533347716  18.1791668999  10.7374175329  5.94743580305  3.0984640707  1.52189941718  0.706086562687  0.309515148969  0.126890058201  0.0442356420102  
0.0274866458451  0.0786596114213  0.191220192385  0.434354285423  0.931260801265  1.88371178225  3.58727647003  6.41479957279  10.7374175329  16.7581050362  24.2672045256  32.401882301  39.5879383793  43.895477881  43.895477881  39.5879383793  32.401882301  24.2672045256  16.7581050362  10.7374175329  6.41479957279  3.58727647003  1.88371178225  0.931260801265  0.434354285423  0.191220192385  0.0786596114213  0.0274866458451  
0.0159230105054  0.0454662695849  0.110177490037  0.249272158934  0.531858284582  1.06955488113  2.0226657319  3.58727647003  5.94743580305  9.18264281962  13.1433177607  17.3463150634  20.9822076428  23.1238205881  23.1238205881  20.9822076428  17.3463150634  13.1433177607  9.18264281962  5.94743580305  3.58727647003  2.0226657319  1.06955488113  0.531858284582  0.249272158934  0.110177490037  0.0454662695849  0.0159230105054  
0.00862411432325  0.0245752273994  0.0593813197206  0.133866929562  0.284393923809  0.568983048931  1.06955488113  1.88371178225  3.0984640707  4.74259287599  6.72693334379  8.80104425146  10.5693434735  11.5990894347  11.5990894347  10.5693434735  8.80104425146  6.72693334379  4.74259287599  3.0984640707  1.88371178225  1.06955488113  0.568983048931  0.284393923809  0.133866929562  0.0593813197206  0.0245752273994  0.00862411432325  
0.0043788412738  0.0124554416005  0.0300194649355  0.0674613245968  0.142779144687  0.284393923809  0.531858284582  0.931260801265  1.52189941718  2.31330584663  3.2580670711  4.23454022035  5.05845639122  5.53455802681  5.53455802681  5.05845639122  4.23454022035  3.2580670711  2.31330584663  1.52189941718  0.931260801265  0.531858284582  0.284393923809  0.142779144687  0.0674613245968  0.0300194649355  0.0124554416005  0.0043788412738  
0.00208920877637  0.00593337137165  0.014268682594  0.0319779519893  0.0674613245968  0.133866929562  0.249272158934  0.434354285423  0.706086562687  1.06729172322  1.49485307849  1.93305575738  2.30002460341  2.51093275997  2.51093275997  2.30002460341  1.93305575738  1.49485307849  1.06729172322  0.706086562687  0.434354285423  0.249272158934  0.133866929562  0.0674613245968  0.0319779519893  0.014268682594  0.00593337137165  0.00208920877637  
0.000937366375165  0.00265859890758  0.00638146243851  0.014268682594  0.0300194649355  0.0593813197206  0.110177490037  0.191220192385  0.309515148969  0.465771414389  0.649523202104  0.836650259758  0.992490674119  1.08170908509  1.08170908509  0.992490674119  0.836650259758  0.649523202104  0.465771414389  0.309515148969  0.191220192385  0.110177490037  0.0593813197206  0.0300194649355  0.014268682594  0.00638146243851  0.00265859890758  0.000937366375165  
0.000391534367066  0.00110929453171  0.00265859890758  0.00593337137165  0.0124554416005  0.0245752273994  0.0454662695849  0.0786596114213  0.126890058201  0.190287218649  0.26446816414  0.339651914718  0.402010904633  0.437611503048  0.437611503048  0.402010904633  0.339651914718  0.26446816414  0.190287218649  0.126890058201  0.0786596114213  0.0454662695849  0.0245752273994  0.0124554416005  0.00593337137165  0.00265859890758  0.00110929453171  0.000391534367066  
0.000138299495536  0.000391534367066  0.000937366375165  0.00208920877637  0.0043788412738  0.00862411432325  0.0159230105054  0.0274866458451  0.0442356420102  0.0661777063441  0.0917649163059  0.117614978917  0.138997758491  0.15118277264  0.15118277264  0.138997758491  0.117614978917  0.0917649163059  0.0661777063441  0.0442356420102  0.0274866458451  0.0159230105054  0.00862411432325  0.0043788412738  0.00208920877637  0.000937366375165  0.000391534367066  0.000138299495536  
