0.0316893986462  0.0707833854331  0.125064069545  0.202817629666  0.312477132722  0.461606923774  0.65518389673  0.893354072329  1.16914149748  1.46687976025  1.76227703787  2.02483859175  2.22274777823  2.32933695796  2.32933695796  2.22274777823  2.02483859175  1.76227703787  1.46687976025  1.16914149748  0.893354072329  0.65518389673  0.461606923774  0.312477132722  0.202817629666  0.125064069545  0.0707833854331  0.0316893986462  
0.0707833854331  0.158256508539  0.280016875909  0.454914547887  0.702304029746  1.03978969599  1.47932771937  2.02204184839  2.65279824095  3.33629892081  4.01686201159  4.62372934445  5.08235362484  5.32977847877  5.32977847877  5.08235362484  4.62372934445  4.01686201159  3.33629892081  2.65279824095  2.02204184839  1.47932771937  1.03978969599  0.702304029746  0.454914547887  0.280016875909  0.158256508539  0.0707833854331  
0.125064069545  0.280016875909  0.496528091746  0.808831304471  1.2525484499  1.86076255165  2.65699158503  3.64556980401  4.8012044856  6.0608966814  7.32241478675  8.45323300363  9.31147324998  9.77579665922  9.77579665922  9.31147324998  8.45323300363  7.32241478675  6.0608966814  4.8012044856  3.64556980401  2.65699158503  1.86076255165  1.2525484499  0.808831304471  0.496528091746  0.280016875909  0.125064069545  
0.202817629666  0.454914547887  0.808831304471  1.32201589596  2.05525594054  3.06648547605  4.39917491049  6.06582615404  8.02919891193  10.1865084378  12.3640926109  14.3304137539  15.8318563024  16.647486614  16.647486614  15.8318563024  14.3304137539  12.3640926109  10.1865084378  8.02919891193  6.06582615404  4.39917491049  3.06648547605  2.05525594054  1.32201589596  0.808831304471  0.454914547887  0.202817629666  
0.312477132722  0.702304029746  1.2525484499  2.05525594054  3.20973696648  4.81349435555  6.94413832667  9.63245872991  12.830062101  16.3794897588  19.9994634322  23.3004407487  25.8421131102  27.2307763061  27.2307763061  25.8421131102  23.3004407487  19.9994634322  16.3794897588  12.830062101  9.63245872991  6.94413832667  4.81349435555  3.20973696648  2.05525594054  1.2525484499  0.702304029746  0.312477132722  
0.461606923774  1.03978969599  1.86076255165  3.06648547605  4.81349435555  7.26061626801  10.5423897955  14.7272123906  19.763742772  25.426253521  31.2787360394  36.6855993799  40.8968538997  43.2165916058  43.2165916058  40.8968538997  36.6855993799  31.2787360394  25.426253521  19.763742772  14.7272123906  10.5423897955  7.26061626801  4.81349435555  3.06648547605  1.86076255165  1.03978969599  0.461606923774  
0.65518389673  1.47932771937  2.65699158503  4.39917491049  6.94413832667  10.5423897955  15.4202051212  21.7181384678  29.4063443521  38.1886203203  47.4227685034  56.1044701991  62.9761682695  66.8071311831  66.8071311831  62.9761682695  56.1044701991  47.4227685034  38.1886203203  29.4063443521  21.7181384678  15.4202051212  10.5423897955  6.94413832667  4.39917491049  2.65699158503  1.47932771937  0.65518389673  
0.893354072329  2.02204184839  3.64556980401  6.06582615404  9.63245872991  14.7272123906  21.7181384678  30.8755181712  42.2460247417  55.4930865743  69.7341672469  83.4446645051  94.5501433547  100.856350728  100.856350728  94.5501433547  83.4446645051  69.7341672469  55.4930865743  42.2460247417  30.8755181712  21.7181384678  14.7272123906  9.63245872991  6.06582615404  3.64556980401  2.02204184839  0.893354072329  
1.16914149748  2.65279824095  4.8012044856  8.02919891193  12.830062101  19.763742772  29.4063443521  42.2460247417  58.5113178681  77.9251598848  99.4010822851  120.757497147  138.651305428  149.116438332  149.116438332  138.651305428  120.757497147  99.4010822851  77.9251598848  58.5113178681  42.2460247417  29.4063443521  19.763742772  12.830062101  8.02919891193  4.8012044856  2.65279824095  1.16914149748  
1.46687976025  3.33629892081  6.0608966814  10.1865084378  16.3794897588  25.426253521  38.1886203203  55.4930865743  77.9251598848  105.492378714  137.120651131  169.995890966  198.964912042  216.768100577  216.768100577  198.964912042  169.995890966  137.120651131  105.492378714  77.9251598848  55.4930865743  38.1886203203  25.426253521  16.3794897588  10.1865084378  6.0608966814  3.33629892081  1.46687976025  
1.76227703787  4.01686201159  7.32241478675  12.3640926109  19.9994634322  31.2787360394  47.4227685034  69.7341672469  99.4010822851  137.120651131  182.407768763  232.378217502  279.866457459  311.685533413  311.685533413  279.866457459  232.378217502  182.407768763  137.120651131  99.4010822851  69.7341672469  47.4227685034  31.2787360394  19.9994634322  12.3640926109  7.32241478675  4.01686201159  1.76227703787  
2.02483859175  4.62372934445  8.45323300363  14.3304137539  23.3004407487  36.6855993799  56.1044701991  83.4446645051  120.757497147  169.995890966  232.378217502  306.794622756  385.880408051  447.673616605  447.673616605  385.880408051  306.794622756  232.378217502  169.995890966  120.757497147  83.4446645051  56.1044701991  36.6855993799  23.3004407487  14.3304137539  8.45323300363  4.62372934445  2.02483859175  
2.22274777823  5.08235362484  9.31147324998  15.8318563024  25.8421131102  40.8968538997  62.9761682695  94.5501433547  138.651305428  198.964912042  279.866457459  385.880408051  517.876757095  653.442484637  653.442484637  517.876757095  385.880408051  279.866457459  198.964912042  138.651305428  94.5501433547  62.9761682695  40.8968538997  25.8421131102  15.8318563024  9.31147324998  5.08235362484  2.22274777823  
2.32933695796  5.32977847877  9.77579665922  16.647486614  27.2307763061  43.2165916058  66.8071311831  100.856350728  149.116438332  216.768100577  311.685533413  447.673616605  653.442484637  1000.0  1000.0  653.442484637  447.673616605  311.685533413  216.768100577  149.116438332  100.856350728  66.8071311831  43.2165916058  27.2307763061  16.647486614  9.77579665922  5.32977847877  2.32933695796  
2.32933695796  5.32977847877  9.77579665922  16.647486614  27.2307763061  43.2165916058  66.8071311831  100.856350728  149.116438332  216.768100577  311.685533413  447.673616605  653.442484637  1000.0  1000.0  653.442484637  447.673616605  311.685533413  216.768100577  149.116438332  100.856350728  66.8071311831  43.2165916058  27.2307763061  16.647486614  9.77579665922  5.32977847877  2.32933695796  
2.22274777823  5.08235362484  9.31147324998  15.8318563024  25.8421131102  40.8968538997  62.9761682695  94.5501433547  138.651305428  198.964912042  279.866457459  385.880408051  517.876757095  653.442484637  653.442484637  517.876757095  385.880408051  279.866457459  198.964912042  138.651305428  94.5501433547  62.9761682695  40.8968538997  25.8421131102  15.8318563024  9.31147324998  5.08235362484  2.22274777823  
2.02483859175  4.62372934445  8.45323300363  14.3304137539  23.3004407487  36.6855993799  56.1044701991  83.4446645051  120.757497147  169.995890966  232.378217502  306.794622756  385.880408051  447.673616605  447.673616605  385.880408051  306.794622756  232.378217502  169.995890966  120.757497147  83.4446645051  56.1044701991  36.6855993799  23.3004407487  14.3304137539  8.45323300363  4.62372934445  2.02483859175  
1.76227703787  4.01686201159  7.32241478675  12.3640926109  19.9994634322  31.2787360394  47.4227685034  69.7341672469  99.4010822851  137.120651131  182.407768763  232.378217502  279.866457459  311.685533413  311.685533413  279.866457459  232.378217502  182.407768763  137.120651131  99.4010822851  69.7341672469  47.4227685034  31.2787360394  19.9994634322  12.3640926109  7.32241478675  4.01686201159  1.76227703787  
1.46687976025  3.33629892081  6.0608966814  10.1865084378  16.3794897588  25.426253521  38.1886203203  55.4930865743  77.9251598848  105.492378714  137.120651131  169.995890966  198.964912042  216.768100577  216.768100577  198.964912042  169.995890966  137.120651131  105.492378714  77.9251598848  55.4930865743  38.1886203203  25.426253521  16.3794897588  10.1865084378  6.0608966814  3.33629892081  1.46687976025  
1.16914149748  2.65279824095  4.8012044856  8.02919891193  12.830062101  19.763742772  29.4063443521  42.2460247417  58.5113178681  77.9251598848  99.4010822851  120.757497147  138.651305428  149.116438332  149.116438332  138.651305428  120.757497147  99.4010822851  77.9251598848  58.5113178681  42.2460247417  29.4063443521  19.763742772  12.830062101  8.02919891193  4.8012044856  2.65279824095  1.16914149748  
0.893354072329  2.02204184839  3.64556980401  6.06582615404  9.63245872991  14.7272123906  21.7181384678  30.8755181712  42.2460247417  55.4930865743  69.7341672469  83.4446645051  94.5501433547  100.856350728  100.856350728  94.5501433547  83.4446645051  69.7341672469  55.4930865743  42.2460247417  30.8755181712  21.7181384678  14.7272123906  9.63245872991  6.06582615404  3.64556980401  2.02204184839  0.893354072329  
0.65518389673  1.47932771937  2.65699158503  4.39917491049  6.94413832667  10.5423897955  15.4202051212  21.7181384678  29.4063443521  38.1886203203  47.4227685034  56.1044701991  62.9761682695  66.8071311831  66.8071311831  62.9761682695  56.1044701991  47.4227685034  38.1886203203  29.4063443521  21.7181384678  15.4202051212  10.5423897955  6.94413832667  4.39917491049  2.65699158503  1.47932771937  0.65518389673  
0.461606923774  1.03978969599  1.86076255165  3.06648547605  4.81349435555  7.26061626801  10.5423897955  14.7272123906  19.763742772  25.426253521  31.2787360394  36.6855993799  40.8968538997  43.2165916058  43.2165916058  40.8968538997  36.6855993799  31.2787360394  25.426253521  19.763742772  14.7272123906  10.5423897955  7.26061626801  4.81349435555  3.06648547605  1.86076255165  1.03978969599  0.461606923774  
0.312477132722  0.702304029746  1.2525484499  2.05525594054  3.20973696648  4.81349435555  6.94413832667  9.63245872991  12.830062101  16.3794897588  19.9994634322  23.3004407487  25.8421131102  27.2307763061  27.2307763061  25.8421131102  23.3004407487  19.9994634322  16.3794897588  12.830062101  9.63245872991  6.94413832667  4.81349435555  3.20973696648  2.05525594054  1.2525484499  0.702304029746  0.312477132722  
0.202817629666  0.454914547887  0.808831304471  1.32201589596  2.05525594054  3.06648547605  4.39917491049  6.06582615404  8.02919891193  10.1865084378  12.3640926109  14.3304137539  15.8318563024  16.647486614  16.647486614  15.8318563024  14.3304137539  12.3640926109  10.1865084378  8.02919891193  6.06582615404  4.39917491049  3.06648547605  2.05525594054  1.32201589596  0.808831304471  0.454914547887  0.202817629666  
0.125064069545  0.280016875909  0.496528091746  0.808831304471  1.2525484499  1.86076255165  2.65699158503  3.64556980401  4.8012044856  6.0608966814  7.32241478675  8.45323300363  9.31147324998  9.77579665922  9.77579665922  9.31147324998  8.45323300363  7.32241478675  6.0608966814  4.8012044856  3.64556980401  2.65699158503  1.86076255165  1.2525484499  0.808831304471  0.496528091746  0.280016875909  0.125064069545  
0.0707833854331  0.158256508539  0.280016875909  0.454914547887  0.702304029746  1.03978969599  1.47932771937  2.02204184839  2.65279824095  3.33629892081  4.01686201159  4.62372934445  5.08235362484  5.32977847877  5.32977847877  5.08235362484  4.62372934445  4.01686201159  3.33629892081  2.65279824095  2.02204184839  1.47932771937  1.03978969599  0.702304029746  0.454914547887  0.280016875909  0.158256508539  0.0707833854331  
0.0316893986462  0.0707833854331  0.125064069545  0.202817629666  0.312477132722  0.461606923774  0.65518389673  0.893354072329  1.16914149748  1.46687976025  1.76227703787  2.02483859175  2.22274777823  2.32933695796  2.32933695796  2.22274777823  2.02483859175  1.76227703787  1.46687976025  1.16914149748  0.893354072329  0.65518389673  0.461606923774  0.312477132722  0.202817629666  0.125064069545  0.0707833854331  0.0316893986462  
