0.165131089497  0.349402674989  0.57127881461  0.847575222973  1.19197012874  1.61292447804  2.11115670985  2.6770853749  3.28891993041  3.91225767599  4.50201262259  5.00714215829  5.37790644651  5.57442248184  5.57442248184  5.37790644651  5.00714215829  4.50201262259  3.91225767599  3.28891993041  2.6770853749  2.11115670985  1.61292447804  1.19197012874  0.847575222973  0.57127881461  0.349402674989  0.165131089497  
0.349402674989  0.739848740362  1.21105889996  1.79946106994  2.53507515369  3.43706011687  4.50818994899  5.72910587609  7.05380094889  8.40824891618  9.69412251184  10.7988560506  11.6117154304  12.0432422059  12.0432422059  11.6117154304  10.7988560506  9.69412251184  8.40824891618  7.05380094889  5.72910587609  4.50818994899  3.43706011687  2.53507515369  1.79946106994  1.21105889996  0.739848740362  0.349402674989  
0.57127881461  1.21105889996  1.98597185479  2.95779814483  4.17848854776  5.6827743783  7.4786855635  9.53726962972  11.7839057816  14.0945689266  16.3007547142  18.2059067586  19.6135392444  20.3628562255  20.3628562255  19.6135392444  18.2059067586  16.3007547142  14.0945689266  11.7839057816  9.53726962972  7.4786855635  5.6827743783  4.17848854776  2.95779814483  1.98597185479  1.21105889996  0.57127881461  
0.847575222973  1.79946106994  2.95779814483  4.41864733817  6.26489555161  8.55516302506  11.3089265037  14.48952931  17.9885582173  21.6169240073  25.1092113482  28.1473230099  30.4057162342  31.6127893883  31.6127893883  30.4057162342  28.1473230099  25.1092113482  21.6169240073  17.9885582173  14.48952931  11.3089265037  8.55516302506  6.26489555161  4.41864733817  2.95779814483  1.79946106994  0.847575222973  
1.19197012874  2.53507515369  4.17848854776  6.26489555161  8.92117008521  12.242768924  16.2716438182  20.969448978  26.1905594849  31.6627325511  36.9863736429  41.6645104741  45.1716251475  47.0569806114  47.0569806114  45.1716251475  41.6645104741  36.9863736429  31.6627325511  26.1905594849  20.969448978  16.2716438182  12.242768924  8.92117008521  6.26489555161  4.17848854776  2.53507515369  1.19197012874  
1.61292447804  3.43706011687  5.6827743783  8.55516302506  12.242768924  16.8969206213  22.6005536196  29.3277416725  36.89889371  44.9419426401  52.8765140892  59.9438857349  65.3048805623  68.2108144018  68.2108144018  65.3048805623  59.9438857349  52.8765140892  44.9419426401  36.89889371  29.3277416725  22.6005536196  16.8969206213  12.242768924  8.55516302506  5.6827743783  3.43706011687  1.61292447804  
2.11115670985  4.50818994899  7.4786855635  11.3089265037  16.2716438182  22.6005536196  30.4488540248  39.8311336168  50.5524113112  62.1355590915  73.7704197336  84.3239007228  92.4628351099  96.9286711311  96.9286711311  92.4628351099  84.3239007228  73.7704197336  62.1355590915  50.5524113112  39.8311336168  30.4488540248  22.6005536196  16.2716438182  11.3089265037  7.4786855635  4.50818994899  2.11115670985  
2.6770853749  5.72910587609  9.53726962972  14.48952931  20.969448978  29.3277416725  39.8311336168  52.5844285177  67.4249566865  83.7966866361  100.628964244  116.277982718  128.636445151  135.545306077  135.545306077  128.636445151  116.277982718  100.628964244  83.7966866361  67.4249566865  52.5844285177  39.8311336168  29.3277416725  20.969448978  14.48952931  9.53726962972  5.72910587609  2.6770853749  
3.28891993041  7.05380094889  11.7839057816  17.9885582173  26.1905594849  36.89889371  50.5524113112  67.4249566865  87.4818059996  110.180705056  134.227709241  157.348949741  176.254300287  187.144275088  187.144275088  176.254300287  157.348949741  134.227709241  110.180705056  87.4818059996  67.4249566865  50.5524113112  36.89889371  26.1905594849  17.9885582173  11.7839057816  7.05380094889  3.28891993041  
3.91225767599  8.40824891618  14.0945689266  21.6169240073  31.6627325511  44.9419426401  62.1355590915  83.7966866361  110.180705056  140.970036926  174.853935665  208.96157128  238.331094256  256.121271689  256.121271689  238.331094256  208.96157128  174.853935665  140.970036926  110.180705056  83.7966866361  62.1355590915  44.9419426401  31.6627325511  21.6169240073  14.0945689266  8.40824891618  3.91225767599  
4.50201262259  9.69412251184  16.3007547142  25.1092113482  36.9863736429  52.8765140892  73.7704197336  100.628964244  134.227709241  174.853935665  221.723251844  271.903063424  318.588810731  349.460301777  349.460301777  318.588810731  271.903063424  221.723251844  174.853935665  134.227709241  100.628964244  73.7704197336  52.8765140892  36.9863736429  25.1092113482  16.3007547142  9.69412251184  4.50201262259  
5.00714215829  10.7988560506  18.2059067586  28.1473230099  41.6645104741  59.9438857349  84.3239007228  116.277982718  157.348949741  208.96157128  271.903063424  344.909800024  421.045608904  479.875097805  479.875097805  421.045608904  344.909800024  271.903063424  208.96157128  157.348949741  116.277982718  84.3239007228  59.9438857349  41.6645104741  28.1473230099  18.2059067586  10.7988560506  5.00714215829  
5.37790644651  11.6117154304  19.6135392444  30.4057162342  45.1716251475  65.3048805623  92.4628351099  128.636445151  176.254300287  238.331094256  318.588810731  421.045608904  546.537534982  674.347113261  674.347113261  546.537534982  421.045608904  318.588810731  238.331094256  176.254300287  128.636445151  92.4628351099  65.3048805623  45.1716251475  30.4057162342  19.6135392444  11.6117154304  5.37790644651  
5.57442248184  12.0432422059  20.3628562255  31.6127893883  47.0569806114  68.2108144018  96.9286711311  135.545306077  187.144275088  256.121271689  349.460301777  479.875097805  674.347113261  1000.0  1000.0  674.347113261  479.875097805  349.460301777  256.121271689  187.144275088  135.545306077  96.9286711311  68.2108144018  47.0569806114  31.6127893883  20.3628562255  12.0432422059  5.57442248184  
5.57442248184  12.0432422059  20.3628562255  31.6127893883  47.0569806114  68.2108144018  96.9286711311  135.545306077  187.144275088  256.121271689  349.460301777  479.875097805  674.347113261  1000.0  1000.0  674.347113261  479.875097805  349.460301777  256.121271689  187.144275088  135.545306077  96.9286711311  68.2108144018  47.0569806114  31.6127893883  20.3628562255  12.0432422059  5.57442248184  
5.37790644651  11.6117154304  19.6135392444  30.4057162342  45.1716251475  65.3048805623  92.4628351099  128.636445151  176.254300287  238.331094256  318.588810731  421.045608904  546.537534982  674.347113261  674.347113261  546.537534982  421.045608904  318.588810731  238.331094256  176.254300287  128.636445151  92.4628351099  65.3048805623  45.1716251475  30.4057162342  19.6135392444  11.6117154304  5.37790644651  
5.00714215829  10.7988560506  18.2059067586  28.1473230099  41.6645104741  59.9438857349  84.3239007228  116.277982718  157.348949741  208.96157128  271.903063424  344.909800024  421.045608904  479.875097805  479.875097805  421.045608904  344.909800024  271.903063424  208.96157128  157.348949741  116.277982718  84.3239007228  59.9438857349  41.6645104741  28.1473230099  18.2059067586  10.7988560506  5.00714215829  
4.50201262259  9.69412251184  16.3007547142  25.1092113482  36.9863736429  52.8765140892  73.7704197336  100.628964244  134.227709241  174.853935665  221.723251844  271.903063424  318.588810731  349.460301777  349.460301777  318.588810731  271.903063424  221.723251844  174.853935665  134.227709241  100.628964244  73.7704197336  52.8765140892  36.9863736429  25.1092113482  16.3007547142  9.69412251184  4.50201262259  
3.91225767599  8.40824891618  14.0945689266  21.6169240073  31.6627325511  44.9419426401  62.1355590915  83.7966866361  110.180705056  140.970036926  174.853935665  208.96157128  238.331094256  256.121271689  256.121271689  238.331094256  208.96157128  174.853935665  140.970036926  110.180705056  83.7966866361  62.1355590915  44.9419426401  31.6627325511  21.6169240073  14.0945689266  8.40824891618  3.91225767599  
3.28891993041  7.05380094889  11.7839057816  17.9885582173  26.1905594849  36.89889371  50.5524113112  67.4249566865  87.4818059996  110.180705056  134.227709241  157.348949741  176.254300287  187.144275088  187.144275088  176.254300287  157.348949741  134.227709241  110.180705056  87.4818059996  67.4249566865  50.5524113112  36.89889371  26.1905594849  17.9885582173  11.7839057816  7.05380094889  3.28891993041  
2.6770853749  5.72910587609  9.53726962972  14.48952931  20.969448978  29.3277416725  39.8311336168  52.5844285177  67.4249566865  83.7966866361  100.628964244  116.277982718  128.636445151  135.545306077  135.545306077  128.636445151  116.277982718  100.628964244  83.7966866361  67.4249566865  52.5844285177  39.8311336168  29.3277416725  20.969448978  14.48952931  9.53726962972  5.72910587609  2.6770853749  
2.11115670985  4.50818994899  7.4786855635  11.3089265037  16.2716438182  22.6005536196  30.4488540248  39.8311336168  50.5524113112  62.1355590915  73.7704197336  84.3239007228  92.4628351099  96.9286711311  96.9286711311  92.4628351099  84.3239007228  73.7704197336  62.1355590915  50.5524113112  39.8311336168  30.4488540248  22.6005536196  16.2716438182  11.3089265037  7.4786855635  4.50818994899  2.11115670985  
1.61292447804  3.43706011687  5.6827743783  8.55516302506  12.242768924  16.8969206213  22.6005536196  29.3277416725  36.89889371  44.9419426401  52.8765140892  59.9438857349  65.3048805623  68.2108144018  68.2108144018  65.3048805623  59.9438857349  52.8765140892  44.9419426401  36.89889371  29.3277416725  22.6005536196  16.8969206213  12.242768924  8.55516302506  5.6827743783  3.43706011687  1.61292447804  
1.19197012874  2.53507515369  4.17848854776  6.26489555161  8.92117008521  12.242768924  16.2716438182  20.969448978  26.1905594849  31.6627325511  36.9863736429  41.6645104741  45.1716251475  47.0569806114  47.0569806114  45.1716251475  41.6645104741  36.9863736429  31.6627325511  26.1905594849  20.969448978  16.2716438182  12.242768924  8.92117008521  6.26489555161  4.17848854776  2.53507515369  1.19197012874  
0.847575222973  1.79946106994  2.95779814483  4.41864733817  6.26489555161  8.55516302506  11.3089265037  14.48952931  17.9885582173  21.6169240073  25.1092113482  28.1473230099  30.4057162342  31.6127893883  31.6127893883  30.4057162342  28.1473230099  25.1092113482  21.6169240073  17.9885582173  14.48952931  11.3089265037  8.55516302506  6.26489555161  4.41864733817  2.95779814483  1.79946106994  0.847575222973  
0.57127881461  1.21105889996  1.98597185479  2.95779814483  4.17848854776  5.6827743783  7.4786855635  9.53726962972  11.7839057816  14.0945689266  16.3007547142  18.2059067586  19.6135392444  20.3628562255  20.3628562255  19.6135392444  18.2059067586  16.3007547142  14.0945689266  11.7839057816  9.53726962972  7.4786855635  5.6827743783  4.17848854776  2.95779814483  1.98597185479  1.21105889996  0.57127881461  
0.349402674989  0.739848740362  1.21105889996  1.79946106994  2.53507515369  3.43706011687  4.50818994899  5.72910587609  7.05380094889  8.40824891618  9.69412251184  10.7988560506  11.6117154304  12.0432422059  12.0432422059  11.6117154304  10.7988560506  9.69412251184  8.40824891618  7.05380094889  5.72910587609  4.50818994899  3.43706011687  2.53507515369  1.79946106994  1.21105889996  0.739848740362  0.349402674989  
0.165131089497  0.349402674989  0.57127881461  0.847575222973  1.19197012874  1.61292447804  2.11115670985  2.6770853749  3.28891993041  3.91225767599  4.50201262259  5.00714215829  5.37790644651  5.57442248184  5.57442248184  5.37790644651  5.00714215829  4.50201262259  3.91225767599  3.28891993041  2.6770853749  2.11115670985  1.61292447804  1.19197012874  0.847575222973  0.57127881461  0.349402674989  0.165131089497  
