0.00882501164793  0.0207059294726  0.0391233854227  0.0682794961794  0.113118655292  0.17890929232  0.270257151658  0.389548906548  0.535066426358  0.699321098789  0.868400927377  1.02310273319  1.14217178624  1.20711379433  1.20711379433  1.14217178624  1.02310273319  0.868400927377  0.699321098789  0.535066426358  0.389548906548  0.270257151658  0.17890929232  0.113118655292  0.0682794961794  0.0391233854227  0.0207059294726  0.00882501164793  
0.0207059294726  0.048631993528  0.0920278642889  0.160905713885  0.267127790874  0.423453932117  0.641219146555  0.926601216609  1.27600978189  1.67189082389  2.08088756615  2.45634103685  2.7460901114  2.90440241953  2.90440241953  2.7460901114  2.45634103685  2.08088756615  1.67189082389  1.27600978189  0.926601216609  0.641219146555  0.423453932117  0.267127790874  0.160905713885  0.0920278642889  0.048631993528  0.0207059294726  
0.0391233854227  0.0920278642889  0.174533281862  0.305988715997  0.5095532013  0.810488546899  1.23176641869  1.78680180548  2.47020914615  3.24901666286  4.05822270102  4.80495392565  5.38370707283  5.70082908983  5.70082908983  5.38370707283  4.80495392565  4.05822270102  3.24901666286  2.47020914615  1.78680180548  1.23176641869  0.810488546899  0.5095532013  0.305988715997  0.174533281862  0.0920278642889  0.0391233854227  
0.0682794961794  0.160905713885  0.305988715997  0.538240358604  0.899734723083  1.43716782234  2.19423483934  3.19853083012  4.44424868634  5.8748210099  7.3726970898  8.76488928108  9.85040773858  10.4476312378  10.4476312378  9.85040773858  8.76488928108  7.3726970898  5.8748210099  4.44424868634  3.19853083012  2.19423483934  1.43716782234  0.899734723083  0.538240358604  0.305988715997  0.160905713885  0.0682794961794  
0.113118655292  0.267127790874  0.5095532013  0.899734723083  1.51065779886  2.42497388923  3.72260641527  5.45839576699  7.63118983756  10.1508037379  12.8153346641  15.3155851496  17.2810998612  18.3686341871  18.3686341871  17.2810998612  15.3155851496  12.8153346641  10.1508037379  7.63118983756  5.45839576699  3.72260641527  2.42497388923  1.51065779886  0.899734723083  0.5095532013  0.267127790874  0.113118655292  
0.17890929232  0.423453932117  0.810488546899  1.43716782234  2.42497388923  3.91464960923  6.04738240165  8.9287063091  12.57577523  16.8567373474  21.4422259024  25.7997900142  29.2641241245  31.1965109687  31.1965109687  29.2641241245  25.7997900142  21.4422259024  16.8567373474  12.57577523  8.9287063091  6.04738240165  3.91464960923  2.42497388923  1.43716782234  0.810488546899  0.423453932117  0.17890929232  
0.270257151658  0.641219146555  1.23176641869  2.19423483934  3.72260641527  6.04738240165  9.40930436775  14.0046861992  19.9001291794  26.9259566769  34.5768012353  41.9717737419  47.9442565289  51.31545915  51.31545915  47.9442565289  41.9717737419  34.5768012353  26.9259566769  19.9001291794  14.0046861992  9.40930436775  6.04738240165  3.72260641527  2.19423483934  1.23176641869  0.641219146555  0.270257151658  
0.389548906548  0.926601216609  1.78680180548  3.19853083012  5.45839576699  8.9287063091  14.0046861992  21.0380877146  30.2081160368  41.3441515031  53.7325057662  65.9852511061  76.1071787515  81.9254148033  81.9254148033  76.1071787515  65.9852511061  53.7325057662  41.3441515031  30.2081160368  21.0380877146  14.0046861992  8.9287063091  5.45839576699  3.19853083012  1.78680180548  0.926601216609  0.389548906548  
0.535066426358  1.27600978189  2.47020914615  4.44424868634  7.63118983756  12.57577523  19.9001291794  30.2081160368  43.9067127249  60.9327304716  80.4030140183  100.275528002  117.244946455  127.287990129  127.287990129  117.244946455  100.275528002  80.4030140183  60.9327304716  43.9067127249  30.2081160368  19.9001291794  12.57577523  7.63118983756  4.44424868634  2.47020914615  1.27600978189  0.535066426358  
0.699321098789  1.67189082389  3.24901666286  5.8748210099  10.1508037379  16.8567373474  26.9259566769  41.3441515031  60.9327304716  85.9731255687  115.636851944  147.245394929  175.603028303  193.22884098  193.22884098  175.603028303  147.245394929  115.636851944  85.9731255687  60.9327304716  41.3441515031  26.9259566769  16.8567373474  10.1508037379  5.8748210099  3.24901666286  1.67189082389  0.699321098789  
0.868400927377  2.08088756615  4.05822270102  7.3726970898  12.8153346641  21.4422259024  34.5768012353  53.7325057662  80.4030140183  115.636851944  159.258371456  208.529709933  256.135342989  288.364720975  288.364720975  256.135342989  208.529709933  159.258371456  115.636851944  80.4030140183  53.7325057662  34.5768012353  21.4422259024  12.8153346641  7.3726970898  4.05822270102  2.08088756615  0.868400927377  
1.02310273319  2.45634103685  4.80495392565  8.76488928108  15.3155851496  25.7997900142  41.9717737419  65.9852511061  100.275528002  147.245394929  208.529709933  283.246312578  363.832766593  427.35218714  427.35218714  363.832766593  283.246312578  208.529709933  147.245394929  100.275528002  65.9852511061  41.9717737419  25.7997900142  15.3155851496  8.76488928108  4.80495392565  2.45634103685  1.02310273319  
1.14217178624  2.7460901114  5.38370707283  9.85040773858  17.2810998612  29.2641241245  47.9442565289  76.1071787515  117.244946455  175.603028303  256.135342989  363.832766593  499.659794669  640.084529051  640.084529051  499.659794669  363.832766593  256.135342989  175.603028303  117.244946455  76.1071787515  47.9442565289  29.2641241245  17.2810998612  9.85040773858  5.38370707283  2.7460901114  1.14217178624  
1.20711379433  2.90440241953  5.70082908983  10.4476312378  18.3686341871  31.1965109687  51.31545915  81.9254148033  127.287990129  193.22884098  288.364720975  427.35218714  640.084529051  1000.0  1000.0  640.084529051  427.35218714  288.364720975  193.22884098  127.287990129  81.9254148033  51.31545915  31.1965109687  18.3686341871  10.4476312378  5.70082908983  2.90440241953  1.20711379433  
1.20711379433  2.90440241953  5.70082908983  10.4476312378  18.3686341871  31.1965109687  51.31545915  81.9254148033  127.287990129  193.22884098  288.364720975  427.35218714  640.084529051  1000.0  1000.0  640.084529051  427.35218714  288.364720975  193.22884098  127.287990129  81.9254148033  51.31545915  31.1965109687  18.3686341871  10.4476312378  5.70082908983  2.90440241953  1.20711379433  
1.14217178624  2.7460901114  5.38370707283  9.85040773858  17.2810998612  29.2641241245  47.9442565289  76.1071787515  117.244946455  175.603028303  256.135342989  363.832766593  499.659794669  640.084529051  640.084529051  499.659794669  363.832766593  256.135342989  175.603028303  117.244946455  76.1071787515  47.9442565289  29.2641241245  17.2810998612  9.85040773858  5.38370707283  2.7460901114  1.14217178624  
1.02310273319  2.45634103685  4.80495392565  8.76488928108  15.3155851496  25.7997900142  41.9717737419  65.9852511061  100.275528002  147.245394929  208.529709933  283.246312578  363.832766593  427.35218714  427.35218714  363.832766593  283.246312578  208.529709933  147.245394929  100.275528002  65.9852511061  41.9717737419  25.7997900142  15.3155851496  8.76488928108  4.80495392565  2.45634103685  1.02310273319  
0.868400927377  2.08088756615  4.05822270102  7.3726970898  12.8153346641  21.4422259024  34.5768012353  53.7325057662  80.4030140183  115.636851944  159.258371456  208.529709933  256.135342989  288.364720975  288.364720975  256.135342989  208.529709933  159.258371456  115.636851944  80.4030140183  53.7325057662  34.5768012353  21.4422259024  12.8153346641  7.3726970898  4.05822270102  2.08088756615  0.868400927377  
0.699321098789  1.67189082389  3.24901666286  5.8748210099  10.1508037379  16.8567373474  26.9259566769  41.3441515031  60.9327304716  85.9731255687  115.636851944  147.245394929  175.603028303  193.22884098  193.22884098  175.603028303  147.245394929  115.636851944  85.9731255687  60.9327304716  41.3441515031  26.9259566769  16.8567373474  10.1508037379  5.8748210099  3.24901666286  1.67189082389  0.699321098789  
0.535066426358  1.27600978189  2.47020914615  4.44424868634  7.63118983756  12.57577523  19.9001291794  30.2081160368  43.9067127249  60.9327304716  80.4030140183  100.275528002  117.244946455  127.287990129  127.287990129  117.244946455  100.275528002  80.4030140183  60.9327304716  43.9067127249  30.2081160368  19.9001291794  12.57577523  7.63118983756  4.44424868634  2.47020914615  1.27600978189  0.535066426358  
0.389548906548  0.926601216609  1.78680180548  3.19853083012  5.45839576699  8.9287063091  14.0046861992  21.0380877146  30.2081160368  41.3441515031  53.7325057662  65.9852511061  76.1071787515  81.9254148033  81.9254148033  76.1071787515  65.9852511061  53.7325057662  41.3441515031  30.2081160368  21.0380877146  14.0046861992  8.9287063091  5.45839576699  3.19853083012  1.78680180548  0.926601216609  0.389548906548  
0.270257151658  0.641219146555  1.23176641869  2.19423483934  3.72260641527  6.04738240165  9.40930436775  14.0046861992  19.9001291794  26.9259566769  34.5768012353  41.9717737419  47.9442565289  51.31545915  51.31545915  47.9442565289  41.9717737419  34.5768012353  26.9259566769  19.9001291794  14.0046861992  9.40930436775  6.04738240165  3.72260641527  2.19423483934  1.23176641869  0.641219146555  0.270257151658  
0.17890929232  0.423453932117  0.810488546899  1.43716782234  2.42497388923  3.91464960923  6.04738240165  8.9287063091  12.57577523  16.8567373474  21.4422259024  25.7997900142  29.2641241245  31.1965109687  31.1965109687  29.2641241245  25.7997900142  21.4422259024  16.8567373474  12.57577523  8.9287063091  6.04738240165  3.91464960923  2.42497388923  1.43716782234  0.810488546899  0.423453932117  0.17890929232  
0.113118655292  0.267127790874  0.5095532013  0.899734723083  1.51065779886  2.42497388923  3.72260641527  5.45839576699  7.63118983756  10.1508037379  12.8153346641  15.3155851496  17.2810998612  18.3686341871  18.3686341871  17.2810998612  15.3155851496  12.8153346641  10.1508037379  7.63118983756  5.45839576699  3.72260641527  2.42497388923  1.51065779886  0.899734723083  0.5095532013  0.267127790874  0.113118655292  
0.0682794961794  0.160905713885  0.305988715997  0.538240358604  0.899734723083  1.43716782234  2.19423483934  3.19853083012  4.44424868634  5.8748210099  7.3726970898  8.76488928108  9.85040773858  10.4476312378  10.4476312378  9.85040773858  8.76488928108  7.3726970898  5.8748210099  4.44424868634  3.19853083012  2.19423483934  1.43716782234  0.899734723083  0.538240358604  0.305988715997  0.160905713885  0.0682794961794  
0.0391233854227  0.0920278642889  0.174533281862  0.305988715997  0.5095532013  0.810488546899  1.23176641869  1.78680180548  2.47020914615  3.24901666286  4.05822270102  4.80495392565  5.38370707283  5.70082908983  5.70082908983  5.38370707283  4.80495392565  4.05822270102  3.24901666286  2.47020914615  1.78680180548  1.23176641869  0.810488546899  0.5095532013  0.305988715997  0.174533281862  0.0920278642889  0.0391233854227  
0.0207059294726  0.048631993528  0.0920278642889  0.160905713885  0.267127790874  0.423453932117  0.641219146555  0.926601216609  1.27600978189  1.67189082389  2.08088756615  2.45634103685  2.7460901114  2.90440241953  2.90440241953  2.7460901114  2.45634103685  2.08088756615  1.67189082389  1.27600978189  0.926601216609  0.641219146555  0.423453932117  0.267127790874  0.160905713885  0.0920278642889  0.048631993528  0.0207059294726  
0.00882501164793  0.0207059294726  0.0391233854227  0.0682794961794  0.113118655292  0.17890929232  0.270257151658  0.389548906548  0.535066426358  0.699321098789  0.868400927377  1.02310273319  1.14217178624  1.20711379433  1.20711379433  1.14217178624  1.02310273319  0.868400927377  0.699321098789  0.535066426358  0.389548906548  0.270257151658  0.17890929232  0.113118655292  0.0682794961794  0.0391233854227  0.0207059294726  0.00882501164793  
