0.0801525945567  0.173408385971  0.292853386989  0.451227962929  0.660030645388  0.927917724605  1.25845828515  1.64757174053  2.08127266808  2.53458493669  2.97252733658  3.35377311204  3.6368790735  3.78798592354  3.78798592354  3.6368790735  3.35377311204  2.97252733658  2.53458493669  2.08127266808  1.64757174053  1.25845828515  0.927917724605  0.660030645388  0.451227962929  0.292853386989  0.173408385971  0.0801525945567  
0.173408385971  0.375481896089  0.634940552891  0.979928576599  1.43612346466  2.02325760064  2.75014015255  3.6088507145  4.56945456589  5.57717540011  6.55414945235  7.40731817067  8.04246363344  8.38202844565  8.38202844565  8.04246363344  7.40731817067  6.55414945235  5.57717540011  4.56945456589  3.6088507145  2.75014015255  2.02325760064  1.43612346466  0.979928576599  0.634940552891  0.375481896089  0.173408385971  
0.292853386989  0.634940552891  1.07583718444  1.6646170653  2.44680268972  3.45847251207  4.71755590362  6.21333577682  7.89640560542  9.6725126495  11.4043356659  12.9245720403  14.0610969166  14.6704005545  14.6704005545  14.0610969166  12.9245720403  11.4043356659  9.6725126495  7.89640560542  6.21333577682  4.71755590362  3.45847251207  2.44680268972  1.6646170653  1.07583718444  0.634940552891  0.292853386989  
0.451227962929  0.979928576599  1.6646170653  2.58402411893  3.81273851214  5.41216617654  7.4165975908  9.8156710452  12.5365356379  15.4312318251  18.2764434981  20.7925302926  22.6850348769  23.7037670034  23.7037670034  22.6850348769  20.7925302926  18.2764434981  15.4312318251  12.5365356379  9.8156710452  7.4165975908  5.41216617654  3.81273851214  2.58402411893  1.6646170653  0.979928576599  0.451227962929  
0.660030645388  1.43612346466  2.44680268972  3.81273851214  5.65109398563  8.06255681624  11.1102638611  14.7918790347  19.0091453901  23.5430923196  28.046832915  32.0694834509  35.1207803159  36.7727901349  36.7727901349  35.1207803159  32.0694834509  28.046832915  23.5430923196  19.0091453901  14.7918790347  11.1102638611  8.06255681624  5.65109398563  3.81273851214  2.44680268972  1.43612346466  0.660030645388  
0.927917724605  2.02325760064  3.45847251207  5.41216617654  8.06255681624  11.5700687249  16.0471028877  21.5155250432  27.8566065822  34.764320134  41.7204987753  48.0169400499  52.8489463822  55.486697123  55.486697123  52.8489463822  48.0169400499  41.7204987753  34.764320134  27.8566065822  21.5155250432  16.0471028877  11.5700687249  8.06255681624  5.41216617654  3.45847251207  2.02325760064  0.927917724605  
1.25845828515  2.75014015255  4.71755590362  7.4165975908  11.1102638611  16.0471028877  22.4204569967  30.3070366885  39.5882515104  49.866359876  60.4009568444  70.1085768953  77.6811990548  81.8654072384  81.8654072384  77.6811990548  70.1085768953  60.4009568444  49.866359876  39.5882515104  30.3070366885  22.4204569967  16.0471028877  11.1102638611  7.4165975908  4.71755590362  2.75014015255  1.25845828515  
1.64757174053  3.6088507145  6.21333577682  9.8156710452  14.7918790347  21.5155250432  30.3070366885  41.3508053415  54.5787754385  69.5287258034  85.2050700313  100.005312704  111.824392817  118.477187284  118.477187284  111.824392817  100.005312704  85.2050700313  69.5287258034  54.5787754385  41.3508053415  30.3070366885  21.5155250432  14.7918790347  9.8156710452  6.21333577682  3.6088507145  1.64757174053  
2.08127266808  4.56945456589  7.89640560542  12.5365356379  19.0091453901  27.8566065822  39.5882515104  54.5787754385  72.9101665089  94.1511622351  117.087480218  139.470228411  157.969050963  168.696098184  168.696098184  157.969050963  139.470228411  117.087480218  94.1511622351  72.9101665089  54.5787754385  39.5882515104  27.8566065822  19.0091453901  12.5365356379  7.89640560542  4.56945456589  2.08127266808  
2.53458493669  5.57717540011  9.6725126495  15.4312318251  23.5430923196  34.764320134  49.866359876  69.5287258034  94.1511622351  123.550535415  156.504907672  190.14854906  219.413459928  237.252962837  237.252962837  219.413459928  190.14854906  156.504907672  123.550535415  94.1511622351  69.5287258034  49.866359876  34.764320134  23.5430923196  15.4312318251  9.6725126495  5.57717540011  2.53458493669  
2.97252733658  6.55414945235  11.4043356659  18.2764434981  28.046832915  41.7204987753  60.4009568444  85.2050700313  117.087480218  156.504907672  202.786792113  252.999183481  300.152232597  331.513326216  331.513326216  300.152232597  252.999183481  202.786792113  156.504907672  117.087480218  85.2050700313  60.4009568444  41.7204987753  28.046832915  18.2764434981  11.4043356659  6.55414945235  2.97252733658  
3.35377311204  7.40731817067  12.9245720403  20.7925302926  32.0694834509  48.0169400499  70.1085768953  100.005312704  139.470228411  190.14854906  252.999183481  326.804594736  404.413220665  464.673582974  464.673582974  404.413220665  326.804594736  252.999183481  190.14854906  139.470228411  100.005312704  70.1085768953  48.0169400499  32.0694834509  20.7925302926  12.9245720403  7.40731817067  3.35377311204  
3.6368790735  8.04246363344  14.0610969166  22.6850348769  35.1207803159  52.8489463822  77.6811990548  111.824392817  157.969050963  219.413459928  300.152232597  404.413220665  533.035754387  664.51456953  664.51456953  533.035754387  404.413220665  300.152232597  219.413459928  157.969050963  111.824392817  77.6811990548  52.8489463822  35.1207803159  22.6850348769  14.0610969166  8.04246363344  3.6368790735  
3.78798592354  8.38202844565  14.6704005545  23.7037670034  36.7727901349  55.486697123  81.8654072384  118.477187284  168.696098184  237.252962837  331.513326216  464.673582974  664.51456953  1000.0  1000.0  664.51456953  464.673582974  331.513326216  237.252962837  168.696098184  118.477187284  81.8654072384  55.486697123  36.7727901349  23.7037670034  14.6704005545  8.38202844565  3.78798592354  
3.78798592354  8.38202844565  14.6704005545  23.7037670034  36.7727901349  55.486697123  81.8654072384  118.477187284  168.696098184  237.252962837  331.513326216  464.673582974  664.51456953  1000.0  1000.0  664.51456953  464.673582974  331.513326216  237.252962837  168.696098184  118.477187284  81.8654072384  55.486697123  36.7727901349  23.7037670034  14.6704005545  8.38202844565  3.78798592354  
3.6368790735  8.04246363344  14.0610969166  22.6850348769  35.1207803159  52.8489463822  77.6811990548  111.824392817  157.969050963  219.413459928  300.152232597  404.413220665  533.035754387  664.51456953  664.51456953  533.035754387  404.413220665  300.152232597  219.413459928  157.969050963  111.824392817  77.6811990548  52.8489463822  35.1207803159  22.6850348769  14.0610969166  8.04246363344  3.6368790735  
3.35377311204  7.40731817067  12.9245720403  20.7925302926  32.0694834509  48.0169400499  70.1085768953  100.005312704  139.470228411  190.14854906  252.999183481  326.804594736  404.413220665  464.673582974  464.673582974  404.413220665  326.804594736  252.999183481  190.14854906  139.470228411  100.005312704  70.1085768953  48.0169400499  32.0694834509  20.7925302926  12.9245720403  7.40731817067  3.35377311204  
2.97252733658  6.55414945235  11.4043356659  18.2764434981  28.046832915  41.7204987753  60.4009568444  85.2050700313  117.087480218  156.504907672  202.786792113  252.999183481  300.152232597  331.513326216  331.513326216  300.152232597  252.999183481  202.786792113  156.504907672  117.087480218  85.2050700313  60.4009568444  41.7204987753  28.046832915  18.2764434981  11.4043356659  6.55414945235  2.97252733658  
2.53458493669  5.57717540011  9.6725126495  15.4312318251  23.5430923196  34.764320134  49.866359876  69.5287258034  94.1511622351  123.550535415  156.504907672  190.14854906  219.413459928  237.252962837  237.252962837  219.413459928  190.14854906  156.504907672  123.550535415  94.1511622351  69.5287258034  49.866359876  34.764320134  23.5430923196  15.4312318251  9.6725126495  5.57717540011  2.53458493669  
2.08127266808  4.56945456589  7.89640560542  12.5365356379  19.0091453901  27.8566065822  39.5882515104  54.5787754385  72.9101665089  94.1511622351  117.087480218  139.470228411  157.969050963  168.696098184  168.696098184  157.969050963  139.470228411  117.087480218  94.1511622351  72.9101665089  54.5787754385  39.5882515104  27.8566065822  19.0091453901  12.5365356379  7.89640560542  4.56945456589  2.08127266808  
1.64757174053  3.6088507145  6.21333577682  9.8156710452  14.7918790347  21.5155250432  30.3070366885  41.3508053415  54.5787754385  69.5287258034  85.2050700313  100.005312704  111.824392817  118.477187284  118.477187284  111.824392817  100.005312704  85.2050700313  69.5287258034  54.5787754385  41.3508053415  30.3070366885  21.5155250432  14.7918790347  9.8156710452  6.21333577682  3.6088507145  1.64757174053  
1.25845828515  2.75014015255  4.71755590362  7.4165975908  11.1102638611  16.0471028877  22.4204569967  30.3070366885  39.5882515104  49.866359876  60.4009568444  70.1085768953  77.6811990548  81.8654072384  81.8654072384  77.6811990548  70.1085768953  60.4009568444  49.866359876  39.5882515104  30.3070366885  22.4204569967  16.0471028877  11.1102638611  7.4165975908  4.71755590362  2.75014015255  1.25845828515  
0.927917724605  2.02325760064  3.45847251207  5.41216617654  8.06255681624  11.5700687249  16.0471028877  21.5155250432  27.8566065822  34.764320134  41.7204987753  48.0169400499  52.8489463822  55.486697123  55.486697123  52.8489463822  48.0169400499  41.7204987753  34.764320134  27.8566065822  21.5155250432  16.0471028877  11.5700687249  8.06255681624  5.41216617654  3.45847251207  2.02325760064  0.927917724605  
0.660030645388  1.43612346466  2.44680268972  3.81273851214  5.65109398563  8.06255681624  11.1102638611  14.7918790347  19.0091453901  23.5430923196  28.046832915  32.0694834509  35.1207803159  36.7727901349  36.7727901349  35.1207803159  32.0694834509  28.046832915  23.5430923196  19.0091453901  14.7918790347  11.1102638611  8.06255681624  5.65109398563  3.81273851214  2.44680268972  1.43612346466  0.660030645388  
0.451227962929  0.979928576599  1.6646170653  2.58402411893  3.81273851214  5.41216617654  7.4165975908  9.8156710452  12.5365356379  15.4312318251  18.2764434981  20.7925302926  22.6850348769  23.7037670034  23.7037670034  22.6850348769  20.7925302926  18.2764434981  15.4312318251  12.5365356379  9.8156710452  7.4165975908  5.41216617654  3.81273851214  2.58402411893  1.6646170653  0.979928576599  0.451227962929  
0.292853386989  0.634940552891  1.07583718444  1.6646170653  2.44680268972  3.45847251207  4.71755590362  6.21333577682  7.89640560542  9.6725126495  11.4043356659  12.9245720403  14.0610969166  14.6704005545  14.6704005545  14.0610969166  12.9245720403  11.4043356659  9.6725126495  7.89640560542  6.21333577682  4.71755590362  3.45847251207  2.44680268972  1.6646170653  1.07583718444  0.634940552891  0.292853386989  
0.173408385971  0.375481896089  0.634940552891  0.979928576599  1.43612346466  2.02325760064  2.75014015255  3.6088507145  4.56945456589  5.57717540011  6.55414945235  7.40731817067  8.04246363344  8.38202844565  8.38202844565  8.04246363344  7.40731817067  6.55414945235  5.57717540011  4.56945456589  3.6088507145  2.75014015255  2.02325760064  1.43612346466  0.979928576599  0.634940552891  0.375481896089  0.173408385971  
0.0801525945567  0.173408385971  0.292853386989  0.451227962929  0.660030645388  0.927917724605  1.25845828515  1.64757174053  2.08127266808  2.53458493669  2.97252733658  3.35377311204  3.6368790735  3.78798592354  3.78798592354  3.6368790735  3.35377311204  2.97252733658  2.53458493669  2.08127266808  1.64757174053  1.25845828515  0.927917724605  0.660030645388  0.451227962929  0.292853386989  0.173408385971  0.0801525945567  
