0.0418241404666  0.0924994734839  0.161180947484  0.257356052289  0.390352999809  0.568160126479  0.79554041275  1.0716651414  1.38779348203  1.72580477277  2.05850173585  2.3523796369  2.57290334348  2.69135151136  2.69135151136  2.57290334348  2.3523796369  2.05850173585  1.72580477277  1.38779348203  1.0716651414  0.79554041275  0.568160126479  0.390352999809  0.257356052289  0.161180947484  0.0924994734839  0.0418241404666  
0.0924994734839  0.204763372974  0.357300665984  0.571496446811  0.868574657639  1.26699400565  1.77820252372  2.40120574267  3.11709794662  3.88538891413  4.64430223039  5.31681593572  5.82276705807  6.09498315376  6.09498315376  5.82276705807  5.31681593572  4.64430223039  3.88538891413  3.11709794662  2.40120574267  1.77820252372  1.26699400565  0.868574657639  0.571496446811  0.357300665984  0.204763372974  0.0924994734839  
0.161180947484  0.357300665984  0.624793918574  1.00200998862  1.52755395339  2.2357878655  3.14925198389  4.2686750567  5.56250946955  6.95928762794  8.3469811188  9.58313642458  10.5170953529  11.021005728  11.021005728  10.5170953529  9.58313642458  8.3469811188  6.95928762794  5.56250946955  4.2686750567  3.14925198389  2.2357878655  1.52755395339  1.00200998862  0.624793918574  0.357300665984  0.161180947484  
0.257356052289  0.571496446811  1.00200998862  1.61236586051  2.46761043875  3.62732788736  5.13324246743  6.99223227138  9.15762505341  11.5141547732  13.8740251711  15.9916886718  17.6014187887  18.4734882273  18.4734882273  17.6014187887  15.9916886718  13.8740251711  11.5141547732  9.15762505341  6.99223227138  5.13324246743  3.62732788736  2.46761043875  1.61236586051  1.00200998862  0.571496446811  0.257356052289  
0.390352999809  0.868574657639  1.52755395339  2.46761043875  3.79371837335  5.60524955301  7.97683780865  10.9308952436  14.4055273824  18.2259244443  22.0917330137  25.5951305562  28.280604186  29.7438456806  29.7438456806  28.280604186  25.5951305562  22.0917330137  18.2259244443  14.4055273824  10.9308952436  7.97683780865  5.60524955301  3.79371837335  2.46761043875  1.52755395339  0.868574657639  0.390352999809  
0.568160126479  1.26699400565  2.2357878655  3.62732788736  5.60524955301  8.33015884836  11.9317187226  16.4662327129  21.8637138531  27.8753102978  34.0405943203  39.7017651264  44.0916052513  46.5031902747  46.5031902747  44.0916052513  39.7017651264  34.0405943203  27.8753102978  21.8637138531  16.4662327129  11.9317187226  8.33015884836  5.60524955301  3.62732788736  2.2357878655  1.26699400565  0.568160126479  
0.79554041275  1.77820252372  3.14925198389  5.13324246743  7.97683780865  11.9317187226  17.2164732321  23.9546321827  32.0912911651  41.3004256761  50.909986697  59.8906782787  66.9681442992  70.9032953063  70.9032953063  66.9681442992  59.8906782787  50.909986697  41.3004256761  32.0912911651  23.9546321827  17.2164732321  11.9317187226  7.97683780865  5.13324246743  3.14925198389  1.77820252372  0.79554041275  
1.0716651414  2.40120574267  4.2686750567  6.99223227138  10.9308952436  16.4662327129  23.9546321827  33.6429412137  45.5448459808  59.2862130954  73.9493715614  87.9840844714  99.3039944716  105.715105602  105.715105602  99.3039944716  87.9840844714  73.9493715614  59.2862130954  45.5448459808  33.6429412137  23.9546321827  16.4662327129  10.9308952436  6.99223227138  4.2686750567  2.40120574267  1.0716651414  
1.38779348203  3.11709794662  5.56250946955  9.15762505341  14.4055273824  21.8637138531  32.0912911651  45.5448459808  62.4101375768  82.3633387885  104.27745339  125.947260002  144.029481336  154.577820952  154.577820952  144.029481336  125.947260002  104.27745339  82.3633387885  62.4101375768  45.5448459808  32.0912911651  21.8637138531  14.4055273824  9.15762505341  5.56250946955  3.11709794662  1.38779348203  
1.72580477277  3.88538891413  6.95928762794  11.5141547732  18.2259244443  27.8753102978  41.3004256761  59.2862130954  82.3633387885  110.480971179  142.517535558  175.638859167  204.711927619  222.53562942  222.53562942  204.711927619  175.638859167  142.517535558  110.480971179  82.3633387885  59.2862130954  41.3004256761  27.8753102978  18.2259244443  11.5141547732  6.95928762794  3.88538891413  1.72580477277  
2.05850173585  4.64430223039  8.3469811188  13.8740251711  22.0917330137  34.0405943203  50.909986697  73.9493715614  104.27745339  142.517535558  188.12506282  238.195499619  285.609370077  317.308100416  317.308100416  285.609370077  238.195499619  188.12506282  142.517535558  104.27745339  73.9493715614  50.909986697  34.0405943203  22.0917330137  13.8740251711  8.3469811188  4.64430223039  2.05850173585  
2.3523796369  5.31681593572  9.58313642458  15.9916886718  25.5951305562  39.7017651264  59.8906782787  87.9840844714  125.947260002  175.638859167  238.195499619  312.469782926  391.154085535  452.518218896  452.518218896  391.154085535  312.469782926  238.195499619  175.638859167  125.947260002  87.9840844714  59.8906782787  39.7017651264  25.5951305562  15.9916886718  9.58313642458  5.31681593572  2.3523796369  
2.57290334348  5.82276705807  10.5170953529  17.6014187887  28.280604186  44.0916052513  66.9681442992  99.3039944716  144.029481336  204.711927619  285.609370077  391.154085535  522.203688499  656.606647157  656.606647157  522.203688499  391.154085535  285.609370077  204.711927619  144.029481336  99.3039944716  66.9681442992  44.0916052513  28.280604186  17.6014187887  10.5170953529  5.82276705807  2.57290334348  
2.69135151136  6.09498315376  11.021005728  18.4734882273  29.7438456806  46.5031902747  70.9032953063  105.715105602  154.577820952  222.53562942  317.308100416  452.518218896  656.606647157  1000.0  1000.0  656.606647157  452.518218896  317.308100416  222.53562942  154.577820952  105.715105602  70.9032953063  46.5031902747  29.7438456806  18.4734882273  11.021005728  6.09498315376  2.69135151136  
2.69135151136  6.09498315376  11.021005728  18.4734882273  29.7438456806  46.5031902747  70.9032953063  105.715105602  154.577820952  222.53562942  317.308100416  452.518218896  656.606647157  1000.0  1000.0  656.606647157  452.518218896  317.308100416  222.53562942  154.577820952  105.715105602  70.9032953063  46.5031902747  29.7438456806  18.4734882273  11.021005728  6.09498315376  2.69135151136  
2.57290334348  5.82276705807  10.5170953529  17.6014187887  28.280604186  44.0916052513  66.9681442992  99.3039944716  144.029481336  204.711927619  285.609370077  391.154085535  522.203688499  656.606647157  656.606647157  522.203688499  391.154085535  285.609370077  204.711927619  144.029481336  99.3039944716  66.9681442992  44.0916052513  28.280604186  17.6014187887  10.5170953529  5.82276705807  2.57290334348  
2.3523796369  5.31681593572  9.58313642458  15.9916886718  25.5951305562  39.7017651264  59.8906782787  87.9840844714  125.947260002  175.638859167  238.195499619  312.469782926  391.154085535  452.518218896  452.518218896  391.154085535  312.469782926  238.195499619  175.638859167  125.947260002  87.9840844714  59.8906782787  39.7017651264  25.5951305562  15.9916886718  9.58313642458  5.31681593572  2.3523796369  
2.05850173585  4.64430223039  8.3469811188  13.8740251711  22.0917330137  34.0405943203  50.909986697  73.9493715614  104.27745339  142.517535558  188.12506282  238.195499619  285.609370077  317.308100416  317.308100416  285.609370077  238.195499619  188.12506282  142.517535558  104.27745339  73.9493715614  50.909986697  34.0405943203  22.0917330137  13.8740251711  8.3469811188  4.64430223039  2.05850173585  
1.72580477277  3.88538891413  6.95928762794  11.5141547732  18.2259244443  27.8753102978  41.3004256761  59.2862130954  82.3633387885  110.480971179  142.517535558  175.638859167  204.711927619  222.53562942  222.53562942  204.711927619  175.638859167  142.517535558  110.480971179  82.3633387885  59.2862130954  41.3004256761  27.8753102978  18.2259244443  11.5141547732  6.95928762794  3.88538891413  1.72580477277  
1.38779348203  3.11709794662  5.56250946955  9.15762505341  14.4055273824  21.8637138531  32.0912911651  45.5448459808  62.4101375768  82.3633387885  104.27745339  125.947260002  144.029481336  154.577820952  154.577820952  144.029481336  125.947260002  104.27745339  82.3633387885  62.4101375768  45.5448459808  32.0912911651  21.8637138531  14.4055273824  9.15762505341  5.56250946955  3.11709794662  1.38779348203  
1.0716651414  2.40120574267  4.2686750567  6.99223227138  10.9308952436  16.4662327129  23.9546321827  33.6429412137  45.5448459808  59.2862130954  73.9493715614  87.9840844714  99.3039944716  105.715105602  105.715105602  99.3039944716  87.9840844714  73.9493715614  59.2862130954  45.5448459808  33.6429412137  23.9546321827  16.4662327129  10.9308952436  6.99223227138  4.2686750567  2.40120574267  1.0716651414  
0.79554041275  1.77820252372  3.14925198389  5.13324246743  7.97683780865  11.9317187226  17.2164732321  23.9546321827  32.0912911651  41.3004256761  50.909986697  59.8906782787  66.9681442992  70.9032953063  70.9032953063  66.9681442992  59.8906782787  50.909986697  41.3004256761  32.0912911651  23.9546321827  17.2164732321  11.9317187226  7.97683780865  5.13324246743  3.14925198389  1.77820252372  0.79554041275  
0.568160126479  1.26699400565  2.2357878655  3.62732788736  5.60524955301  8.33015884836  11.9317187226  16.4662327129  21.8637138531  27.8753102978  34.0405943203  39.7017651264  44.0916052513  46.5031902747  46.5031902747  44.0916052513  39.7017651264  34.0405943203  27.8753102978  21.8637138531  16.4662327129  11.9317187226  8.33015884836  5.60524955301  3.62732788736  2.2357878655  1.26699400565  0.568160126479  
0.390352999809  0.868574657639  1.52755395339  2.46761043875  3.79371837335  5.60524955301  7.97683780865  10.9308952436  14.4055273824  18.2259244443  22.0917330137  25.5951305562  28.280604186  29.7438456806  29.7438456806  28.280604186  25.5951305562  22.0917330137  18.2259244443  14.4055273824  10.9308952436  7.97683780865  5.60524955301  3.79371837335  2.46761043875  1.52755395339  0.868574657639  0.390352999809  
0.257356052289  0.571496446811  1.00200998862  1.61236586051  2.46761043875  3.62732788736  5.13324246743  6.99223227138  9.15762505341  11.5141547732  13.8740251711  15.9916886718  17.6014187887  18.4734882273  18.4734882273  17.6014187887  15.9916886718  13.8740251711  11.5141547732  9.15762505341  6.99223227138  5.13324246743  3.62732788736  2.46761043875  1.61236586051  1.00200998862  0.571496446811  0.257356052289  
0.161180947484  0.357300665984  0.624793918574  1.00200998862  1.52755395339  2.2357878655  3.14925198389  4.2686750567  5.56250946955  6.95928762794  8.3469811188  9.58313642458  10.5170953529  11.021005728  11.021005728  10.5170953529  9.58313642458  8.3469811188  6.95928762794  5.56250946955  4.2686750567  3.14925198389  2.2357878655  1.52755395339  1.00200998862  0.624793918574  0.357300665984  0.161180947484  
0.0924994734839  0.204763372974  0.357300665984  0.571496446811  0.868574657639  1.26699400565  1.77820252372  2.40120574267  3.11709794662  3.88538891413  4.64430223039  5.31681593572  5.82276705807  6.09498315376  6.09498315376  5.82276705807  5.31681593572  4.64430223039  3.88538891413  3.11709794662  2.40120574267  1.77820252372  1.26699400565  0.868574657639  0.571496446811  0.357300665984  0.204763372974  0.0924994734839  
0.0418241404666  0.0924994734839  0.161180947484  0.257356052289  0.390352999809  0.568160126479  0.79554041275  1.0716651414  1.38779348203  1.72580477277  2.05850173585  2.3523796369  2.57290334348  2.69135151136  2.69135151136  2.57290334348  2.3523796369  2.05850173585  1.72580477277  1.38779348203  1.0716651414  0.79554041275  0.568160126479  0.390352999809  0.257356052289  0.161180947484  0.0924994734839  0.0418241404666  
