0.0440702702705  0.0972883883429  0.169088295644  0.269197046513  0.407115143556  0.590903694033  0.825267988939  1.10917014151  1.43350656811  1.7796632058  2.11986718067  2.42002375037  2.64506903381  2.76588438477  2.76588438477  2.64506903381  2.42002375037  2.11986718067  1.7796632058  1.43350656811  1.10917014151  0.825267988939  0.590903694033  0.407115143556  0.269197046513  0.169088295644  0.0972883883429  0.0440702702705  
0.0972883883429  0.214968397832  0.374137544566  0.596683727249  0.904188505818  1.31525512179  1.84119908697  2.48057462846  3.21370515059  3.99906213654  4.77366811816  5.45927981456  5.97464787394  6.25178871007  6.25178871007  5.97464787394  5.45927981456  4.77366811816  3.99906213654  3.21370515059  2.48057462846  1.84119908697  1.31525512179  0.904188505818  0.596683727249  0.374137544566  0.214968397832  0.0972883883429  
0.169088295644  0.374137544566  0.652538302747  1.04344965635  1.58604205628  2.31488846098  3.25228496874  4.39820016511  5.71981871536  7.14399282155  8.55677844979  9.81380173712  10.7627198781  11.2744382483  11.2744382483  10.7627198781  9.81380173712  8.55677844979  7.14399282155  5.71981871536  4.39820016511  3.25228496874  2.31488846098  1.58604205628  1.04344965635  0.652538302747  0.374137544566  0.169088295644  
0.269197046513  0.596683727249  1.04344965635  1.67413743339  2.55459120142  3.74465607579  5.28563919026  7.18324756585  9.38891614388  11.7849256892  14.1807422315  16.3281348095  17.9590775199  18.8421843993  18.8421843993  17.9590775199  16.3281348095  14.1807422315  11.7849256892  9.38891614388  7.18324756585  5.28563919026  3.74465607579  2.55459120142  1.67413743339  1.04344965635  0.596683727249  0.269197046513  
0.407115143556  0.904188505818  1.58604205628  2.55459120142  3.91585696699  5.76948580647  8.18942894045  11.1963767496  14.7257536886  18.5993737062  22.5132266923  26.056028018  28.7694146287  30.2471073246  30.2471073246  28.7694146287  26.056028018  22.5132266923  18.5993737062  14.7257536886  11.1963767496  8.18942894045  5.76948580647  3.91585696699  2.55459120142  1.58604205628  0.904188505818  0.407115143556  
0.590903694033  1.31525512179  2.31488846098  3.74465607579  5.76948580647  8.55020551934  12.2153989849  16.8189166521  22.287107359  28.3666647797  34.5925303749  40.3027501853  44.7269298354  47.1561427328  47.1561427328  44.7269298354  40.3027501853  34.5925303749  28.3666647797  22.287107359  16.8189166521  12.2153989849  8.55020551934  5.76948580647  3.74465607579  2.31488846098  1.31525512179  0.590903694033  
0.825267988939  1.84119908697  3.25228496874  5.28563919026  8.18942894045  12.2153989849  17.5804860293  24.4048107463  32.6285928555  41.920118604  51.6017400813  60.6395606619  67.7562058582  71.7111501593  71.7111501593  67.7562058582  60.6395606619  51.6017400813  41.920118604  32.6285928555  24.4048107463  17.5804860293  12.2153989849  8.18942894045  5.28563919026  3.25228496874  1.84119908697  0.825267988939  
1.10917014151  2.48057462846  4.39820016511  7.18324756585  11.1963767496  16.8189166521  24.4048107463  34.1962654355  46.2006058392  60.0365957426  74.7800460251  88.8760909404  100.236372574  106.667166561  106.667166561  100.236372574  88.8760909404  74.7800460251  60.0365957426  46.2006058392  34.1962654355  24.4048107463  16.8189166521  11.1963767496  7.18324756585  4.39820016511  2.48057462846  1.10917014151  
1.43350656811  3.21370515059  5.71981871536  9.38891614388  14.7257536886  22.287107359  32.6285928555  46.2006058392  63.1807200797  83.2363302148  105.232995987  126.961353847  145.078454323  155.642056823  155.642056823  145.078454323  126.961353847  105.232995987  83.2363302148  63.1807200797  46.2006058392  32.6285928555  22.287107359  14.7257536886  9.38891614388  5.71981871536  3.21370515059  1.43350656811  
1.7796632058  3.99906213654  7.14399282155  11.7849256892  18.5993737062  28.3666647797  41.920118604  60.0365957426  83.2363302148  111.457588616  143.570132605  176.736423883  205.827734192  223.654449058  223.654449058  205.827734192  176.736423883  143.570132605  111.457588616  83.2363302148  60.0365957426  41.920118604  28.3666647797  18.5993737062  11.7849256892  7.14399282155  3.99906213654  1.7796632058  
2.11986718067  4.77366811816  8.55677844979  14.1807422315  22.5132266923  34.5925303749  51.6017400813  74.7800460251  105.232995987  143.570132605  189.236052249  239.322889082  286.720442652  318.395012726  318.395012726  286.720442652  239.322889082  189.236052249  143.570132605  105.232995987  74.7800460251  51.6017400813  34.5925303749  22.5132266923  14.1807422315  8.55677844979  4.77366811816  2.11986718067  
2.42002375037  5.45927981456  9.81380173712  16.3281348095  26.056028018  40.3027501853  60.6395606619  88.8760909404  126.961353847  176.736423883  239.322889082  313.566771976  392.171820091  453.452478139  453.452478139  392.171820091  313.566771976  239.322889082  176.736423883  126.961353847  88.8760909404  60.6395606619  40.3027501853  26.056028018  16.3281348095  9.81380173712  5.45927981456  2.42002375037  
2.64506903381  5.97464787394  10.7627198781  17.9590775199  28.7694146287  44.7269298354  67.7562058582  100.236372574  145.078454323  205.827734192  286.720442652  392.171820091  523.037458831  657.216002397  657.216002397  523.037458831  392.171820091  286.720442652  205.827734192  145.078454323  100.236372574  67.7562058582  44.7269298354  28.7694146287  17.9590775199  10.7627198781  5.97464787394  2.64506903381  
2.76588438477  6.25178871007  11.2744382483  18.8421843993  30.2471073246  47.1561427328  71.7111501593  106.667166561  155.642056823  223.654449058  318.395012726  453.452478139  657.216002397  1000.0  1000.0  657.216002397  453.452478139  318.395012726  223.654449058  155.642056823  106.667166561  71.7111501593  47.1561427328  30.2471073246  18.8421843993  11.2744382483  6.25178871007  2.76588438477  
2.76588438477  6.25178871007  11.2744382483  18.8421843993  30.2471073246  47.1561427328  71.7111501593  106.667166561  155.642056823  223.654449058  318.395012726  453.452478139  657.216002397  1000.0  1000.0  657.216002397  453.452478139  318.395012726  223.654449058  155.642056823  106.667166561  71.7111501593  47.1561427328  30.2471073246  18.8421843993  11.2744382483  6.25178871007  2.76588438477  
2.64506903381  5.97464787394  10.7627198781  17.9590775199  28.7694146287  44.7269298354  67.7562058582  100.236372574  145.078454323  205.827734192  286.720442652  392.171820091  523.037458831  657.216002397  657.216002397  523.037458831  392.171820091  286.720442652  205.827734192  145.078454323  100.236372574  67.7562058582  44.7269298354  28.7694146287  17.9590775199  10.7627198781  5.97464787394  2.64506903381  
2.42002375037  5.45927981456  9.81380173712  16.3281348095  26.056028018  40.3027501853  60.6395606619  88.8760909404  126.961353847  176.736423883  239.322889082  313.566771976  392.171820091  453.452478139  453.452478139  392.171820091  313.566771976  239.322889082  176.736423883  126.961353847  88.8760909404  60.6395606619  40.3027501853  26.056028018  16.3281348095  9.81380173712  5.45927981456  2.42002375037  
2.11986718067  4.77366811816  8.55677844979  14.1807422315  22.5132266923  34.5925303749  51.6017400813  74.7800460251  105.232995987  143.570132605  189.236052249  239.322889082  286.720442652  318.395012726  318.395012726  286.720442652  239.322889082  189.236052249  143.570132605  105.232995987  74.7800460251  51.6017400813  34.5925303749  22.5132266923  14.1807422315  8.55677844979  4.77366811816  2.11986718067  
1.7796632058  3.99906213654  7.14399282155  11.7849256892  18.5993737062  28.3666647797  41.920118604  60.0365957426  83.2363302148  111.457588616  143.570132605  176.736423883  205.827734192  223.654449058  223.654449058  205.827734192  176.736423883  143.570132605  111.457588616  83.2363302148  60.0365957426  41.920118604  28.3666647797  18.5993737062  11.7849256892  7.14399282155  3.99906213654  1.7796632058  
1.43350656811  3.21370515059  5.71981871536  9.38891614388  14.7257536886  22.287107359  32.6285928555  46.2006058392  63.1807200797  83.2363302148  105.232995987  126.961353847  145.078454323  155.642056823  155.642056823  145.078454323  126.961353847  105.232995987  83.2363302148  63.1807200797  46.2006058392  32.6285928555  22.287107359  14.7257536886  9.38891614388  5.71981871536  3.21370515059  1.43350656811  
1.10917014151  2.48057462846  4.39820016511  7.18324756585  11.1963767496  16.8189166521  24.4048107463  34.1962654355  46.2006058392  60.0365957426  74.7800460251  88.8760909404  100.236372574  106.667166561  106.667166561  100.236372574  88.8760909404  74.7800460251  60.0365957426  46.2006058392  34.1962654355  24.4048107463  16.8189166521  11.1963767496  7.18324756585  4.39820016511  2.48057462846  1.10917014151  
0.825267988939  1.84119908697  3.25228496874  5.28563919026  8.18942894045  12.2153989849  17.5804860293  24.4048107463  32.6285928555  41.920118604  51.6017400813  60.6395606619  67.7562058582  71.7111501593  71.7111501593  67.7562058582  60.6395606619  51.6017400813  41.920118604  32.6285928555  24.4048107463  17.5804860293  12.2153989849  8.18942894045  5.28563919026  3.25228496874  1.84119908697  0.825267988939  
0.590903694033  1.31525512179  2.31488846098  3.74465607579  5.76948580647  8.55020551934  12.2153989849  16.8189166521  22.287107359  28.3666647797  34.5925303749  40.3027501853  44.7269298354  47.1561427328  47.1561427328  44.7269298354  40.3027501853  34.5925303749  28.3666647797  22.287107359  16.8189166521  12.2153989849  8.55020551934  5.76948580647  3.74465607579  2.31488846098  1.31525512179  0.590903694033  
0.407115143556  0.904188505818  1.58604205628  2.55459120142  3.91585696699  5.76948580647  8.18942894045  11.1963767496  14.7257536886  18.5993737062  22.5132266923  26.056028018  28.7694146287  30.2471073246  30.2471073246  28.7694146287  26.056028018  22.5132266923  18.5993737062  14.7257536886  11.1963767496  8.18942894045  5.76948580647  3.91585696699  2.55459120142  1.58604205628  0.904188505818  0.407115143556  
0.269197046513  0.596683727249  1.04344965635  1.67413743339  2.55459120142  3.74465607579  5.28563919026  7.18324756585  9.38891614388  11.7849256892  14.1807422315  16.3281348095  17.9590775199  18.8421843993  18.8421843993  17.9590775199  16.3281348095  14.1807422315  11.7849256892  9.38891614388  7.18324756585  5.28563919026  3.74465607579  2.55459120142  1.67413743339  1.04344965635  0.596683727249  0.269197046513  
0.169088295644  0.374137544566  0.652538302747  1.04344965635  1.58604205628  2.31488846098  3.25228496874  4.39820016511  5.71981871536  7.14399282155  8.55677844979  9.81380173712  10.7627198781  11.2744382483  11.2744382483  10.7627198781  9.81380173712  8.55677844979  7.14399282155  5.71981871536  4.39820016511  3.25228496874  2.31488846098  1.58604205628  1.04344965635  0.652538302747  0.374137544566  0.169088295644  
0.0972883883429  0.214968397832  0.374137544566  0.596683727249  0.904188505818  1.31525512179  1.84119908697  2.48057462846  3.21370515059  3.99906213654  4.77366811816  5.45927981456  5.97464787394  6.25178871007  6.25178871007  5.97464787394  5.45927981456  4.77366811816  3.99906213654  3.21370515059  2.48057462846  1.84119908697  1.31525512179  0.904188505818  0.596683727249  0.374137544566  0.214968397832  0.0972883883429  
0.0440702702705  0.0972883883429  0.169088295644  0.269197046513  0.407115143556  0.590903694033  0.825267988939  1.10917014151  1.43350656811  1.7796632058  2.11986718067  2.42002375037  2.64506903381  2.76588438477  2.76588438477  2.64506903381  2.42002375037  2.11986718067  1.7796632058  1.43350656811  1.10917014151  0.825267988939  0.590903694033  0.407115143556  0.269197046513  0.169088295644  0.0972883883429  0.0440702702705  
