0.501672040901  1.03131787464  1.61472505347  2.27317799869  3.0209448306  3.86262836216  4.79061773407  5.78307883435  6.80310345966  7.79972654279  8.71142205803  9.47230935827  10.0206140366  10.3080503742  10.3080503742  10.0206140366  9.47230935827  8.71142205803  7.79972654279  6.80310345966  5.78307883435  4.79061773407  3.86262836216  3.0209448306  2.27317799869  1.61472505347  1.03131787464  0.501672040901  
1.03131787464  2.12127915054  3.32413384736  4.68504077327  6.23489187605  7.98474295281  9.92030330587  11.9973763364  14.1395699072  16.2398622586  18.1675005988  19.7809829372  20.9463875636  21.5582487999  21.5582487999  20.9463875636  19.7809829372  18.1675005988  16.2398622586  14.1395699072  11.9973763364  9.92030330587  7.98474295281  6.23489187605  4.68504077327  3.32413384736  2.12127915054  1.03131787464  
1.61472505347  3.32413384736  5.21631003112  7.36557250092  9.82437732975  12.6143104005  15.7167790096  19.0647518476  22.5376962251  25.9625058204  29.1233285768  31.7822770695  33.7105581171  34.7256164961  34.7256164961  33.7105581171  31.7822770695  29.1233285768  25.9625058204  22.5376962251  19.0647518476  15.7167790096  12.6143104005  9.82437732975  7.36557250092  5.21631003112  3.32413384736  1.61472505347  
2.27317799869  4.68504077327  7.36557250092  10.4264053323  13.9495158975  17.9740846383  22.4821410737  27.3847285272  32.5116752815  37.6094274134  42.3522421658  46.3713948735  49.3036586618  50.8533851129  50.8533851129  49.3036586618  46.3713948735  42.3522421658  37.6094274134  32.5116752815  27.3847285272  22.4821410737  17.9740846383  13.9495158975  10.4264053323  7.36557250092  4.68504077327  2.27317799869  
3.0209448306  6.23489187605  9.82437732975  13.9495158975  18.7333400591  24.2438066856  30.4728293959  37.3141894656  44.544266538  51.8121207608  58.6479696884  64.5000045604  68.805987598  71.0949058254  71.0949058254  68.805987598  64.5000045604  58.6479696884  51.8121207608  44.544266538  37.3141894656  30.4728293959  24.2438066856  18.7333400591  13.9495158975  9.82437732975  6.23489187605  3.0209448306  
3.86262836216  7.98474295281  12.6143104005  17.9740846383  24.2438066856  31.5369092925  39.8713427682  49.13587198  59.0560444722  69.1683607853  78.8168463835  87.1914637342  93.4275135063  96.770144331  96.770144331  93.4275135063  87.1914637342  78.8168463835  69.1683607853  59.0560444722  49.13587198  39.8713427682  31.5369092925  24.2438066856  17.9740846383  12.6143104005  7.98474295281  3.86262836216  
4.79061773407  9.92030330587  15.7167790096  22.4821410737  30.4728293959  39.8713427682  50.7478886566  63.0116677634  76.3546539634  90.1968566994  103.652567011  115.551728295  124.562762283  129.452679015  129.452679015  124.562762283  115.551728295  103.652567011  90.1968566994  76.3546539634  63.0116677634  50.7478886566  39.8713427682  30.4728293959  22.4821410737  15.7167790096  9.92030330587  4.79061773407  
5.78307883435  11.9973763364  19.0647518476  27.3847285272  37.3141894656  49.13587198  63.0116677634  78.9171058432  96.5554437113  115.256171736  133.878228208  150.768724513  163.872861091  171.119394689  171.119394689  163.872861091  150.768724513  133.878228208  115.256171736  96.5554437113  78.9171058432  63.0116677634  49.13587198  37.3141894656  27.3847285272  19.0647518476  11.9973763364  5.78307883435  
6.80310345966  14.1395699072  22.5376962251  32.5116752815  44.544266538  59.0560444722  76.3546539634  96.5554437113  119.463018376  144.404958781  170.023342697  194.076439132  213.410825451  224.431117961  224.431117961  213.410825451  194.076439132  170.023342697  144.404958781  119.463018376  96.5554437113  76.3546539634  59.0560444722  44.544266538  32.5116752815  22.5376962251  14.1395699072  6.80310345966  
7.79972654279  16.2398622586  25.9625058204  37.6094274134  51.8121207608  69.1683607853  90.1968566994  115.256171736  144.404958781  177.168334096  212.168591456  246.612241964  275.797517365  293.300030538  293.300030538  275.797517365  246.612241964  212.168591456  177.168334096  144.404958781  115.256171736  90.1968566994  69.1683607853  51.8121207608  37.6094274134  25.9625058204  16.2398622586  7.79972654279  
8.71142205803  18.1675005988  29.1233285768  42.3522421658  58.6479696884  78.8168463835  103.652567011  133.878228208  170.023342697  212.168591456  259.428577888  308.965325019  354.3772744  384.134348911  384.134348911  354.3772744  308.965325019  259.428577888  212.168591456  170.023342697  133.878228208  103.652567011  78.8168463835  58.6479696884  42.3522421658  29.1233285768  18.1675005988  8.71142205803  
9.47230935827  19.7809829372  31.7822770695  46.3713948735  64.5000045604  87.1914637342  115.551728295  150.768724513  194.076439132  246.612241964  308.965325019  379.881138151  452.873663038  508.843856097  508.843856097  452.873663038  379.881138151  308.965325019  246.612241964  194.076439132  150.768724513  115.551728295  87.1914637342  64.5000045604  46.3713948735  31.7822770695  19.7809829372  9.47230935827  
10.0206140366  20.9463875636  33.7105581171  49.3036586618  68.805987598  93.4275135063  124.562762283  163.872861091  213.410825451  275.797517365  354.3772744  452.873663038  572.152940041  692.938268465  692.938268465  572.152940041  452.873663038  354.3772744  275.797517365  213.410825451  163.872861091  124.562762283  93.4275135063  68.805987598  49.3036586618  33.7105581171  20.9463875636  10.0206140366  
10.3080503742  21.5582487999  34.7256164961  50.8533851129  71.0949058254  96.770144331  129.452679015  171.119394689  224.431117961  293.300030538  384.134348911  508.843856097  692.938268465  1000.0  1000.0  692.938268465  508.843856097  384.134348911  293.300030538  224.431117961  171.119394689  129.452679015  96.770144331  71.0949058254  50.8533851129  34.7256164961  21.5582487999  10.3080503742  
10.3080503742  21.5582487999  34.7256164961  50.8533851129  71.0949058254  96.770144331  129.452679015  171.119394689  224.431117961  293.300030538  384.134348911  508.843856097  692.938268465  1000.0  1000.0  692.938268465  508.843856097  384.134348911  293.300030538  224.431117961  171.119394689  129.452679015  96.770144331  71.0949058254  50.8533851129  34.7256164961  21.5582487999  10.3080503742  
10.0206140366  20.9463875636  33.7105581171  49.3036586618  68.805987598  93.4275135063  124.562762283  163.872861091  213.410825451  275.797517365  354.3772744  452.873663038  572.152940041  692.938268465  692.938268465  572.152940041  452.873663038  354.3772744  275.797517365  213.410825451  163.872861091  124.562762283  93.4275135063  68.805987598  49.3036586618  33.7105581171  20.9463875636  10.0206140366  
9.47230935827  19.7809829372  31.7822770695  46.3713948735  64.5000045604  87.1914637342  115.551728295  150.768724513  194.076439132  246.612241964  308.965325019  379.881138151  452.873663038  508.843856097  508.843856097  452.873663038  379.881138151  308.965325019  246.612241964  194.076439132  150.768724513  115.551728295  87.1914637342  64.5000045604  46.3713948735  31.7822770695  19.7809829372  9.47230935827  
8.71142205803  18.1675005988  29.1233285768  42.3522421658  58.6479696884  78.8168463835  103.652567011  133.878228208  170.023342697  212.168591456  259.428577888  308.965325019  354.3772744  384.134348911  384.134348911  354.3772744  308.965325019  259.428577888  212.168591456  170.023342697  133.878228208  103.652567011  78.8168463835  58.6479696884  42.3522421658  29.1233285768  18.1675005988  8.71142205803  
7.79972654279  16.2398622586  25.9625058204  37.6094274134  51.8121207608  69.1683607853  90.1968566994  115.256171736  144.404958781  177.168334096  212.168591456  246.612241964  275.797517365  293.300030538  293.300030538  275.797517365  246.612241964  212.168591456  177.168334096  144.404958781  115.256171736  90.1968566994  69.1683607853  51.8121207608  37.6094274134  25.9625058204  16.2398622586  7.79972654279  
6.80310345966  14.1395699072  22.5376962251  32.5116752815  44.544266538  59.0560444722  76.3546539634  96.5554437113  119.463018376  144.404958781  170.023342697  194.076439132  213.410825451  224.431117961  224.431117961  213.410825451  194.076439132  170.023342697  144.404958781  119.463018376  96.5554437113  76.3546539634  59.0560444722  44.544266538  32.5116752815  22.5376962251  14.1395699072  6.80310345966  
5.78307883435  11.9973763364  19.0647518476  27.3847285272  37.3141894656  49.13587198  63.0116677634  78.9171058432  96.5554437113  115.256171736  133.878228208  150.768724513  163.872861091  171.119394689  171.119394689  163.872861091  150.768724513  133.878228208  115.256171736  96.5554437113  78.9171058432  63.0116677634  49.13587198  37.3141894656  27.3847285272  19.0647518476  11.9973763364  5.78307883435  
4.79061773407  9.92030330587  15.7167790096  22.4821410737  30.4728293959  39.8713427682  50.7478886566  63.0116677634  76.3546539634  90.1968566994  103.652567011  115.551728295  124.562762283  129.452679015  129.452679015  124.562762283  115.551728295  103.652567011  90.1968566994  76.3546539634  63.0116677634  50.7478886566  39.8713427682  30.4728293959  22.4821410737  15.7167790096  9.92030330587  4.79061773407  
3.86262836216  7.98474295281  12.6143104005  17.9740846383  24.2438066856  31.5369092925  39.8713427682  49.13587198  59.0560444722  69.1683607853  78.8168463835  87.1914637342  93.4275135063  96.770144331  96.770144331  93.4275135063  87.1914637342  78.8168463835  69.1683607853  59.0560444722  49.13587198  39.8713427682  31.5369092925  24.2438066856  17.9740846383  12.6143104005  7.98474295281  3.86262836216  
3.0209448306  6.23489187605  9.82437732975  13.9495158975  18.7333400591  24.2438066856  30.4728293959  37.3141894656  44.544266538  51.8121207608  58.6479696884  64.5000045604  68.805987598  71.0949058254  71.0949058254  68.805987598  64.5000045604  58.6479696884  51.8121207608  44.544266538  37.3141894656  30.4728293959  24.2438066856  18.7333400591  13.9495158975  9.82437732975  6.23489187605  3.0209448306  
2.27317799869  4.68504077327  7.36557250092  10.4264053323  13.9495158975  17.9740846383  22.4821410737  27.3847285272  32.5116752815  37.6094274134  42.3522421658  46.3713948735  49.3036586618  50.8533851129  50.8533851129  49.3036586618  46.3713948735  42.3522421658  37.6094274134  32.5116752815  27.3847285272  22.4821410737  17.9740846383  13.9495158975  10.4264053323  7.36557250092  4.68504077327  2.27317799869  
1.61472505347  3.32413384736  5.21631003112  7.36557250092  9.82437732975  12.6143104005  15.7167790096  19.0647518476  22.5376962251  25.9625058204  29.1233285768  31.7822770695  33.7105581171  34.7256164961  34.7256164961  33.7105581171  31.7822770695  29.1233285768  25.9625058204  22.5376962251  19.0647518476  15.7167790096  12.6143104005  9.82437732975  7.36557250092  5.21631003112  3.32413384736  1.61472505347  
1.03131787464  2.12127915054  3.32413384736  4.68504077327  6.23489187605  7.98474295281  9.92030330587  11.9973763364  14.1395699072  16.2398622586  18.1675005988  19.7809829372  20.9463875636  21.5582487999  21.5582487999  20.9463875636  19.7809829372  18.1675005988  16.2398622586  14.1395699072  11.9973763364  9.92030330587  7.98474295281  6.23489187605  4.68504077327  3.32413384736  2.12127915054  1.03131787464  
0.501672040901  1.03131787464  1.61472505347  2.27317799869  3.0209448306  3.86262836216  4.79061773407  5.78307883435  6.80310345966  7.79972654279  8.71142205803  9.47230935827  10.0206140366  10.3080503742  10.3080503742  10.0206140366  9.47230935827  8.71142205803  7.79972654279  6.80310345966  5.78307883435  4.79061773407  3.86262836216  3.0209448306  2.27317799869  1.61472505347  1.03131787464  0.501672040901  
