0.000299169982924  0.000816073780753  0.0018679182292  0.00397877933408  0.00798619156936  0.0151056737583  0.0268718602613  0.044852187765  0.0700659318101  0.102175711042  0.13873626016  0.174973560051  0.204532527005  0.221233566343  0.221233566343  0.204532527005  0.174973560051  0.13873626016  0.102175711042  0.0700659318101  0.044852187765  0.0268718602613  0.0151056737583  0.00798619156936  0.00397877933408  0.0018679182292  0.000816073780753  0.000299169982924  
0.000816073780753  0.00222800064147  0.00510590658168  0.0108920204478  0.0219000428631  0.0415041140703  0.0739923553137  0.123790689992  0.193854682352  0.283392682  0.385698011577  0.487429927441  0.57063929907  0.617739555963  0.617739555963  0.57063929907  0.487429927441  0.385698011577  0.283392682  0.193854682352  0.123790689992  0.0739923553137  0.0415041140703  0.0219000428631  0.0108920204478  0.00510590658168  0.00222800064147  0.000816073780753  
0.0018679182292  0.00510590658168  0.0117213473881  0.0250566079589  0.050502808791  0.0959760340112  0.171631455643  0.288107906295  0.452775740675  0.66428952185  0.907217045955  1.1499684427  1.34934520083  1.46252079278  1.46252079278  1.34934520083  1.1499684427  0.907217045955  0.66428952185  0.452775740675  0.288107906295  0.171631455643  0.0959760340112  0.050502808791  0.0250566079589  0.0117213473881  0.00510590658168  0.0018679182292  
0.00397877933408  0.0108920204478  0.0250566079589  0.0537001675528  0.108558185588  0.207008783932  0.371606531356  0.626420926165  0.988879173558  1.45753574873  1.99947086093  2.5445757586  2.9948206884  3.2514081776  3.2514081776  2.9948206884  2.5445757586  1.99947086093  1.45753574873  0.988879173558  0.626420926165  0.371606531356  0.207008783932  0.108558185588  0.0537001675528  0.0250566079589  0.0108920204478  0.00397877933408  
0.00798619156936  0.0219000428631  0.050502808791  0.108558185588  0.220225887247  0.421643226202  0.76037040208  1.28829873859  2.04496612932  3.03151066795  4.18235249486  5.34998695726  6.32184540861  6.87873072259  6.87873072259  6.32184540861  5.34998695726  4.18235249486  3.03151066795  2.04496612932  1.28829873859  0.76037040208  0.421643226202  0.220225887247  0.108558185588  0.050502808791  0.0219000428631  0.00798619156936  
0.0151056737583  0.0415041140703  0.0959760340112  0.207008783932  0.421643226202  0.811074169012  1.47055857956  2.50678751216  4.00591137701  5.98103666239  8.31130785025  10.7029503076  12.7146761961  13.8764416604  13.8764416604  12.7146761961  10.7029503076  8.31130785025  5.98103666239  4.00591137701  2.50678751216  1.47055857956  0.811074169012  0.421643226202  0.207008783932  0.0959760340112  0.0415041140703  0.0151056737583  
0.0268718602613  0.0739923553137  0.171631455643  0.371606531356  0.76037040208  1.47055857956  2.6830878923  4.60690070103  7.42207381314  11.1802583713  15.6797577696  20.3698491675  24.3737355194  26.7127090133  26.7127090133  24.3737355194  20.3698491675  15.6797577696  11.1802583713  7.42207381314  4.60690070103  2.6830878923  1.47055857956  0.76037040208  0.371606531356  0.171631455643  0.0739923553137  0.0268718602613  
0.044852187765  0.123790689992  0.288107906295  0.626420926165  1.28829873859  2.50678751216  4.60690070103  7.97751231928  12.9788126007  19.7666020522  28.0501434031  36.8685977454  44.5586336621  49.1309472845  49.1309472845  44.5586336621  36.8685977454  28.0501434031  19.7666020522  12.9788126007  7.97751231928  4.60690070103  2.50678751216  1.28829873859  0.626420926165  0.288107906295  0.123790689992  0.044852187765  
0.0700659318101  0.193854682352  0.452775740675  0.988879173558  2.04496612932  4.00591137701  7.42207381314  12.9788126007  21.3625536391  32.9775597403  47.509206336  63.4338673766  77.7613257455  86.5247192244  86.5247192244  77.7613257455  63.4338673766  47.509206336  32.9775597403  21.3625536391  12.9788126007  7.42207381314  4.00591137701  2.04496612932  0.988879173558  0.452775740675  0.193854682352  0.0700659318101  
0.102175711042  0.283392682  0.66428952185  1.45753574873  3.03151066795  5.98103666239  11.1802583713  19.7666020522  32.9775597403  51.7479973443  75.9989881522  103.655900245  129.728040605  146.450871271  146.450871271  129.728040605  103.655900245  75.9989881522  51.7479973443  32.9775597403  19.7666020522  11.1802583713  5.98103666239  3.03151066795  1.45753574873  0.66428952185  0.283392682  0.102175711042  
0.13873626016  0.385698011577  0.907217045955  1.99947086093  4.18235249486  8.31130785025  15.6797577696  28.0501434031  47.509206336  75.9989881522  114.33403785  160.498439847  207.190275004  239.72427647  239.72427647  207.190275004  160.498439847  114.33403785  75.9989881522  47.509206336  28.0501434031  15.6797577696  8.31130785025  4.18235249486  1.99947086093  0.907217045955  0.385698011577  0.13873626016  
0.174973560051  0.487429927441  1.1499684427  2.5445757586  5.34998695726  10.7029503076  20.3698491675  36.8685977454  63.4338673766  103.655900245  160.498439847  234.068690327  316.733356988  383.502854966  383.502854966  316.733356988  234.068690327  160.498439847  103.655900245  63.4338673766  36.8685977454  20.3698491675  10.7029503076  5.34998695726  2.5445757586  1.1499684427  0.487429927441  0.174973560051  
0.204532527005  0.57063929907  1.34934520083  2.9948206884  6.32184540861  12.7146761961  24.3737355194  44.5586336621  77.7613257455  129.728040605  207.190275004  316.733356988  459.908298389  610.694529252  610.694529252  459.908298389  316.733356988  207.190275004  129.728040605  77.7613257455  44.5586336621  24.3737355194  12.7146761961  6.32184540861  2.9948206884  1.34934520083  0.57063929907  0.204532527005  
0.221233566343  0.617739555963  1.46252079278  3.2514081776  6.87873072259  13.8764416604  26.7127090133  49.1309472845  86.5247192244  146.450871271  239.72427647  383.502854966  610.694529252  1000.0  1000.0  610.694529252  383.502854966  239.72427647  146.450871271  86.5247192244  49.1309472845  26.7127090133  13.8764416604  6.87873072259  3.2514081776  1.46252079278  0.617739555963  0.221233566343  
0.221233566343  0.617739555963  1.46252079278  3.2514081776  6.87873072259  13.8764416604  26.7127090133  49.1309472845  86.5247192244  146.450871271  239.72427647  383.502854966  610.694529252  1000.0  1000.0  610.694529252  383.502854966  239.72427647  146.450871271  86.5247192244  49.1309472845  26.7127090133  13.8764416604  6.87873072259  3.2514081776  1.46252079278  0.617739555963  0.221233566343  
0.204532527005  0.57063929907  1.34934520083  2.9948206884  6.32184540861  12.7146761961  24.3737355194  44.5586336621  77.7613257455  129.728040605  207.190275004  316.733356988  459.908298389  610.694529252  610.694529252  459.908298389  316.733356988  207.190275004  129.728040605  77.7613257455  44.5586336621  24.3737355194  12.7146761961  6.32184540861  2.9948206884  1.34934520083  0.57063929907  0.204532527005  
0.174973560051  0.487429927441  1.1499684427  2.5445757586  5.34998695726  10.7029503076  20.3698491675  36.8685977454  63.4338673766  103.655900245  160.498439847  234.068690327  316.733356988  383.502854966  383.502854966  316.733356988  234.068690327  160.498439847  103.655900245  63.4338673766  36.8685977454  20.3698491675  10.7029503076  5.34998695726  2.5445757586  1.1499684427  0.487429927441  0.174973560051  
0.13873626016  0.385698011577  0.907217045955  1.99947086093  4.18235249486  8.31130785025  15.6797577696  28.0501434031  47.509206336  75.9989881522  114.33403785  160.498439847  207.190275004  239.72427647  239.72427647  207.190275004  160.498439847  114.33403785  75.9989881522  47.509206336  28.0501434031  15.6797577696  8.31130785025  4.18235249486  1.99947086093  0.907217045955  0.385698011577  0.13873626016  
0.102175711042  0.283392682  0.66428952185  1.45753574873  3.03151066795  5.98103666239  11.1802583713  19.7666020522  32.9775597403  51.7479973443  75.9989881522  103.655900245  129.728040605  146.450871271  146.450871271  129.728040605  103.655900245  75.9989881522  51.7479973443  32.9775597403  19.7666020522  11.1802583713  5.98103666239  3.03151066795  1.45753574873  0.66428952185  0.283392682  0.102175711042  
0.0700659318101  0.193854682352  0.452775740675  0.988879173558  2.04496612932  4.00591137701  7.42207381314  12.9788126007  21.3625536391  32.9775597403  47.509206336  63.4338673766  77.7613257455  86.5247192244  86.5247192244  77.7613257455  63.4338673766  47.509206336  32.9775597403  21.3625536391  12.9788126007  7.42207381314  4.00591137701  2.04496612932  0.988879173558  0.452775740675  0.193854682352  0.0700659318101  
0.044852187765  0.123790689992  0.288107906295  0.626420926165  1.28829873859  2.50678751216  4.60690070103  7.97751231928  12.9788126007  19.7666020522  28.0501434031  36.8685977454  44.5586336621  49.1309472845  49.1309472845  44.5586336621  36.8685977454  28.0501434031  19.7666020522  12.9788126007  7.97751231928  4.60690070103  2.50678751216  1.28829873859  0.626420926165  0.288107906295  0.123790689992  0.044852187765  
0.0268718602613  0.0739923553137  0.171631455643  0.371606531356  0.76037040208  1.47055857956  2.6830878923  4.60690070103  7.42207381314  11.1802583713  15.6797577696  20.3698491675  24.3737355194  26.7127090133  26.7127090133  24.3737355194  20.3698491675  15.6797577696  11.1802583713  7.42207381314  4.60690070103  2.6830878923  1.47055857956  0.76037040208  0.371606531356  0.171631455643  0.0739923553137  0.0268718602613  
0.0151056737583  0.0415041140703  0.0959760340112  0.207008783932  0.421643226202  0.811074169012  1.47055857956  2.50678751216  4.00591137701  5.98103666239  8.31130785025  10.7029503076  12.7146761961  13.8764416604  13.8764416604  12.7146761961  10.7029503076  8.31130785025  5.98103666239  4.00591137701  2.50678751216  1.47055857956  0.811074169012  0.421643226202  0.207008783932  0.0959760340112  0.0415041140703  0.0151056737583  
0.00798619156936  0.0219000428631  0.050502808791  0.108558185588  0.220225887247  0.421643226202  0.76037040208  1.28829873859  2.04496612932  3.03151066795  4.18235249486  5.34998695726  6.32184540861  6.87873072259  6.87873072259  6.32184540861  5.34998695726  4.18235249486  3.03151066795  2.04496612932  1.28829873859  0.76037040208  0.421643226202  0.220225887247  0.108558185588  0.050502808791  0.0219000428631  0.00798619156936  
0.00397877933408  0.0108920204478  0.0250566079589  0.0537001675528  0.108558185588  0.207008783932  0.371606531356  0.626420926165  0.988879173558  1.45753574873  1.99947086093  2.5445757586  2.9948206884  3.2514081776  3.2514081776  2.9948206884  2.5445757586  1.99947086093  1.45753574873  0.988879173558  0.626420926165  0.371606531356  0.207008783932  0.108558185588  0.0537001675528  0.0250566079589  0.0108920204478  0.00397877933408  
0.0018679182292  0.00510590658168  0.0117213473881  0.0250566079589  0.050502808791  0.0959760340112  0.171631455643  0.288107906295  0.452775740675  0.66428952185  0.907217045955  1.1499684427  1.34934520083  1.46252079278  1.46252079278  1.34934520083  1.1499684427  0.907217045955  0.66428952185  0.452775740675  0.288107906295  0.171631455643  0.0959760340112  0.050502808791  0.0250566079589  0.0117213473881  0.00510590658168  0.0018679182292  
0.000816073780753  0.00222800064147  0.00510590658168  0.0108920204478  0.0219000428631  0.0415041140703  0.0739923553137  0.123790689992  0.193854682352  0.283392682  0.385698011577  0.487429927441  0.57063929907  0.617739555963  0.617739555963  0.57063929907  0.487429927441  0.385698011577  0.283392682  0.193854682352  0.123790689992  0.0739923553137  0.0415041140703  0.0219000428631  0.0108920204478  0.00510590658168  0.00222800064147  0.000816073780753  
0.000299169982924  0.000816073780753  0.0018679182292  0.00397877933408  0.00798619156936  0.0151056737583  0.0268718602613  0.044852187765  0.0700659318101  0.102175711042  0.13873626016  0.174973560051  0.204532527005  0.221233566343  0.221233566343  0.204532527005  0.174973560051  0.13873626016  0.102175711042  0.0700659318101  0.044852187765  0.0268718602613  0.0151056737583  0.00798619156936  0.00397877933408  0.0018679182292  0.000816073780753  0.000299169982924  
