0.133300766251  0.283841883363  0.468418002133  0.702624511887  0.999558067253  1.36787619434  1.80933684795  2.31621042613  2.86923553816  3.43698574506  3.97750210507  4.44270070417  4.78533627498  4.96732005077  4.96732005077  4.78533627498  4.44270070417  3.97750210507  3.43698574506  2.86923553816  2.31621042613  1.80933684795  1.36787619434  0.999558067253  0.702624511887  0.468418002133  0.283841883363  0.133300766251  
0.283841883363  0.604859461147  0.999384130783  1.5013840182  2.13973751712  2.93406116103  3.88930794438  4.98994171061  6.19512793756  7.43687664324  8.62314843372  9.64727343835  10.4034435195  10.8057145032  10.8057145032  10.4034435195  9.64727343835  8.62314843372  7.43687664324  6.19512793756  4.98994171061  3.88930794438  2.93406116103  2.13973751712  1.5013840182  0.999384130783  0.604859461147  0.283841883363  
0.468418002133  0.999384130783  1.65433576914  2.49132994468  3.56067052991  4.89794358359  6.51469962785  8.38801253158  10.4512910435  12.5897470743  14.6443512745  16.4272820742  17.7492223512  18.4544053812  18.4544053812  17.7492223512  16.4272820742  14.6443512745  12.5897470743  10.4512910435  8.38801253158  6.51469962785  4.89794358359  3.56067052991  2.49132994468  1.65433576914  0.999384130783  0.468418002133  
0.702624511887  1.5013840182  2.49132994468  3.76353269431  5.39883485735  7.45733023475  9.9636668434  12.8897581751  16.1383679753  19.5329964848  22.8208342557  25.6950774066  27.839153983  28.9875503614  28.9875503614  27.839153983  25.6950774066  22.8208342557  19.5329964848  16.1383679753  12.8897581751  9.9636668434  7.45733023475  5.39883485735  3.76353269431  2.49132994468  1.5013840182  0.702624511887  
0.999558067253  2.13973751712  3.56067052991  5.39883485735  7.77884975408  10.7985889108  14.5072503471  18.8780462657  23.7800225097  28.9569925382  34.0248684504  38.4999207461  41.866516917  43.680157143  43.680157143  41.866516917  38.4999207461  34.0248684504  28.9569925382  23.7800225097  18.8780462657  14.5072503471  10.7985889108  7.77884975408  5.39883485735  3.56067052991  2.13973751712  0.999558067253  
1.36787619434  2.93406116103  4.89794358359  7.45733023475  10.7985889108  15.0768523058  20.3849281008  26.7119915782  33.8970192437  41.5875224368  49.221056488  56.0529899621  61.2533404571  64.0781195864  64.0781195864  61.2533404571  56.0529899621  49.221056488  41.5875224368  33.8970192437  26.7119915782  20.3849281008  15.0768523058  10.7985889108  7.45733023475  4.89794358359  2.93406116103  1.36787619434  
1.80933684795  3.88930794438  6.51469962785  9.9636668434  14.5072503471  20.3849281008  27.7630846762  36.6756463608  46.9506009561  58.1339679533  69.4352237227  79.7344924153  87.7044346587  92.0866313844  92.0866313844  87.7044346587  79.7344924153  69.4352237227  58.1339679533  46.9506009561  36.6756463608  27.7630846762  20.3849281008  14.5072503471  9.9636668434  6.51469962785  3.88930794438  1.80933684795  
2.31621042613  4.98994171061  8.38801253158  12.8897581751  18.8780462657  26.7119915782  36.6756463608  48.8982585843  63.2452445384  79.1875111685  95.6749760135  111.073859976  123.275169313  130.110096855  130.110096855  123.275169313  111.073859976  95.6749760135  79.1875111685  63.2452445384  48.8982585843  36.6756463608  26.7119915782  18.8780462657  12.8897581751  8.38801253158  4.98994171061  2.31621042613  
2.86923553816  6.19512793756  10.4512910435  16.1383679753  23.7800225097  33.8970192437  46.9506009561  63.2452445384  82.7805293743  105.045705683  128.76808797  151.678213215  170.470811331  181.317296978  181.317296978  170.470811331  151.678213215  128.76808797  105.045705683  82.7805293743  63.2452445384  46.9506009561  33.8970192437  23.7800225097  16.1383679753  10.4512910435  6.19512793756  2.86923553816  
3.43698574506  7.43687664324  12.5897470743  19.5329964848  28.9569925382  41.5875224368  58.1339679533  79.1875111685  105.045705683  135.428947809  169.049865274  203.035420475  232.388120371  250.201610799  250.201610799  232.388120371  203.035420475  169.049865274  135.428947809  105.045705683  79.1875111685  58.1339679533  41.5875224368  28.9569925382  19.5329964848  12.5897470743  7.43687664324  3.43698574506  
3.97750210507  8.62314843372  14.6443512745  22.8208342557  34.0248684504  49.221056488  69.4352237227  95.6749760135  128.76808797  169.049865274  215.766371448  265.980471111  312.827611058  343.858991338  343.858991338  312.827611058  265.980471111  215.766371448  169.049865274  128.76808797  95.6749760135  69.4352237227  49.221056488  34.0248684504  22.8208342557  14.6443512745  8.62314843372  3.97750210507  
4.44270070417  9.64727343835  16.4272820742  25.6950774066  38.4999207461  56.0529899621  79.7344924153  111.073859976  151.678213215  203.035420475  265.980471111  339.259647039  415.867806243  475.147912701  475.147912701  415.867806243  339.259647039  265.980471111  203.035420475  151.678213215  111.073859976  79.7344924153  56.0529899621  38.4999207461  25.6950774066  16.4272820742  9.64727343835  4.44270070417  
4.78533627498  10.4034435195  17.7492223512  27.839153983  41.866516917  61.2533404571  87.7044346587  123.275169313  170.470811331  232.388120371  312.827611058  415.867806243  542.34388776  671.295851706  671.295851706  542.34388776  415.867806243  312.827611058  232.388120371  170.470811331  123.275169313  87.7044346587  61.2533404571  41.866516917  27.839153983  17.7492223512  10.4034435195  4.78533627498  
4.96732005077  10.8057145032  18.4544053812  28.9875503614  43.680157143  64.0781195864  92.0866313844  130.110096855  181.317296978  250.201610799  343.858991338  475.147912701  671.295851706  1000.0  1000.0  671.295851706  475.147912701  343.858991338  250.201610799  181.317296978  130.110096855  92.0866313844  64.0781195864  43.680157143  28.9875503614  18.4544053812  10.8057145032  4.96732005077  
4.96732005077  10.8057145032  18.4544053812  28.9875503614  43.680157143  64.0781195864  92.0866313844  130.110096855  181.317296978  250.201610799  343.858991338  475.147912701  671.295851706  1000.0  1000.0  671.295851706  475.147912701  343.858991338  250.201610799  181.317296978  130.110096855  92.0866313844  64.0781195864  43.680157143  28.9875503614  18.4544053812  10.8057145032  4.96732005077  
4.78533627498  10.4034435195  17.7492223512  27.839153983  41.866516917  61.2533404571  87.7044346587  123.275169313  170.470811331  232.388120371  312.827611058  415.867806243  542.34388776  671.295851706  671.295851706  542.34388776  415.867806243  312.827611058  232.388120371  170.470811331  123.275169313  87.7044346587  61.2533404571  41.866516917  27.839153983  17.7492223512  10.4034435195  4.78533627498  
4.44270070417  9.64727343835  16.4272820742  25.6950774066  38.4999207461  56.0529899621  79.7344924153  111.073859976  151.678213215  203.035420475  265.980471111  339.259647039  415.867806243  475.147912701  475.147912701  415.867806243  339.259647039  265.980471111  203.035420475  151.678213215  111.073859976  79.7344924153  56.0529899621  38.4999207461  25.6950774066  16.4272820742  9.64727343835  4.44270070417  
3.97750210507  8.62314843372  14.6443512745  22.8208342557  34.0248684504  49.221056488  69.4352237227  95.6749760135  128.76808797  169.049865274  215.766371448  265.980471111  312.827611058  343.858991338  343.858991338  312.827611058  265.980471111  215.766371448  169.049865274  128.76808797  95.6749760135  69.4352237227  49.221056488  34.0248684504  22.8208342557  14.6443512745  8.62314843372  3.97750210507  
3.43698574506  7.43687664324  12.5897470743  19.5329964848  28.9569925382  41.5875224368  58.1339679533  79.1875111685  105.045705683  135.428947809  169.049865274  203.035420475  232.388120371  250.201610799  250.201610799  232.388120371  203.035420475  169.049865274  135.428947809  105.045705683  79.1875111685  58.1339679533  41.5875224368  28.9569925382  19.5329964848  12.5897470743  7.43687664324  3.43698574506  
2.86923553816  6.19512793756  10.4512910435  16.1383679753  23.7800225097  33.8970192437  46.9506009561  63.2452445384  82.7805293743  105.045705683  128.76808797  151.678213215  170.470811331  181.317296978  181.317296978  170.470811331  151.678213215  128.76808797  105.045705683  82.7805293743  63.2452445384  46.9506009561  33.8970192437  23.7800225097  16.1383679753  10.4512910435  6.19512793756  2.86923553816  
2.31621042613  4.98994171061  8.38801253158  12.8897581751  18.8780462657  26.7119915782  36.6756463608  48.8982585843  63.2452445384  79.1875111685  95.6749760135  111.073859976  123.275169313  130.110096855  130.110096855  123.275169313  111.073859976  95.6749760135  79.1875111685  63.2452445384  48.8982585843  36.6756463608  26.7119915782  18.8780462657  12.8897581751  8.38801253158  4.98994171061  2.31621042613  
1.80933684795  3.88930794438  6.51469962785  9.9636668434  14.5072503471  20.3849281008  27.7630846762  36.6756463608  46.9506009561  58.1339679533  69.4352237227  79.7344924153  87.7044346587  92.0866313844  92.0866313844  87.7044346587  79.7344924153  69.4352237227  58.1339679533  46.9506009561  36.6756463608  27.7630846762  20.3849281008  14.5072503471  9.9636668434  6.51469962785  3.88930794438  1.80933684795  
1.36787619434  2.93406116103  4.89794358359  7.45733023475  10.7985889108  15.0768523058  20.3849281008  26.7119915782  33.8970192437  41.5875224368  49.221056488  56.0529899621  61.2533404571  64.0781195864  64.0781195864  61.2533404571  56.0529899621  49.221056488  41.5875224368  33.8970192437  26.7119915782  20.3849281008  15.0768523058  10.7985889108  7.45733023475  4.89794358359  2.93406116103  1.36787619434  
0.999558067253  2.13973751712  3.56067052991  5.39883485735  7.77884975408  10.7985889108  14.5072503471  18.8780462657  23.7800225097  28.9569925382  34.0248684504  38.4999207461  41.866516917  43.680157143  43.680157143  41.866516917  38.4999207461  34.0248684504  28.9569925382  23.7800225097  18.8780462657  14.5072503471  10.7985889108  7.77884975408  5.39883485735  3.56067052991  2.13973751712  0.999558067253  
0.702624511887  1.5013840182  2.49132994468  3.76353269431  5.39883485735  7.45733023475  9.9636668434  12.8897581751  16.1383679753  19.5329964848  22.8208342557  25.6950774066  27.839153983  28.9875503614  28.9875503614  27.839153983  25.6950774066  22.8208342557  19.5329964848  16.1383679753  12.8897581751  9.9636668434  7.45733023475  5.39883485735  3.76353269431  2.49132994468  1.5013840182  0.702624511887  
0.468418002133  0.999384130783  1.65433576914  2.49132994468  3.56067052991  4.89794358359  6.51469962785  8.38801253158  10.4512910435  12.5897470743  14.6443512745  16.4272820742  17.7492223512  18.4544053812  18.4544053812  17.7492223512  16.4272820742  14.6443512745  12.5897470743  10.4512910435  8.38801253158  6.51469962785  4.89794358359  3.56067052991  2.49132994468  1.65433576914  0.999384130783  0.468418002133  
0.283841883363  0.604859461147  0.999384130783  1.5013840182  2.13973751712  2.93406116103  3.88930794438  4.98994171061  6.19512793756  7.43687664324  8.62314843372  9.64727343835  10.4034435195  10.8057145032  10.8057145032  10.4034435195  9.64727343835  8.62314843372  7.43687664324  6.19512793756  4.98994171061  3.88930794438  2.93406116103  2.13973751712  1.5013840182  0.999384130783  0.604859461147  0.283841883363  
0.133300766251  0.283841883363  0.468418002133  0.702624511887  0.999558067253  1.36787619434  1.80933684795  2.31621042613  2.86923553816  3.43698574506  3.97750210507  4.44270070417  4.78533627498  4.96732005077  4.96732005077  4.78533627498  4.44270070417  3.97750210507  3.43698574506  2.86923553816  2.31621042613  1.80933684795  1.36787619434  0.999558067253  0.702624511887  0.468418002133  0.283841883363  0.133300766251  
