0.0233138686219  0.0526671582367  0.0945246995691  0.155980592842  0.244525647684  0.367200830392  0.529064243433  0.73110104766  0.967995747021  1.22649021735  1.48522155697  1.71678786927  1.8922046019  1.98696403484  1.98696403484  1.8922046019  1.71678786927  1.48522155697  1.22649021735  0.967995747021  0.73110104766  0.529064243433  0.367200830392  0.244525647684  0.155980592842  0.0945246995691  0.0526671582367  0.0233138686219  
0.0526671582367  0.119094011315  0.214057112447  0.35386602882  0.555885976127  0.836645338371  1.20832943567  1.67391163267  2.22184467893  2.82197594469  3.42482672507  3.96613738655  4.3772683938  4.59974173678  4.59974173678  4.3772683938  3.96613738655  3.42482672507  2.82197594469  2.22184467893  1.67391163267  1.20832943567  0.836645338371  0.555885976127  0.35386602882  0.214057112447  0.119094011315  0.0526671582367  
0.0945246995691  0.214057112447  0.385584166531  0.63915486894  1.00716470209  1.52103016499  2.20479825519  3.06601701441  4.08543409488  5.20856426251  6.34328976976  7.36753356434  8.14879150742  8.5727491609  8.5727491609  8.14879150742  7.36753356434  6.34328976976  5.20856426251  4.08543409488  3.06601701441  2.20479825519  1.52103016499  1.00716470209  0.63915486894  0.385584166531  0.214057112447  0.0945246995691  
0.155980592842  0.35386602882  0.63915486894  1.06306768208  1.6816930069  2.55070237199  3.71466840603  5.19122801544  6.95241637878  8.90821120524  10.8997912398  12.7106243243  14.1002657616  14.8574531952  14.8574531952  14.1002657616  12.7106243243  10.8997912398  8.90821120524  6.95241637878  5.19122801544  3.71466840603  2.55070237199  1.6816930069  1.06306768208  0.63915486894  0.35386602882  0.155980592842  
0.244525647684  0.555885976127  1.00716470209  1.6816930069  2.67238965284  4.07398597376  5.96621346565  8.38770767975  11.3036087814  14.5745219561  17.9395680522  21.029172299  23.419926862  24.7300825928  24.7300825928  23.419926862  21.029172299  17.9395680522  14.5745219561  11.3036087814  8.38770767975  5.96621346565  4.07398597376  2.67238965284  1.6816930069  1.00716470209  0.555885976127  0.244525647684  
0.367200830392  0.836645338371  1.52103016499  2.55070237199  4.07398597376  6.24667874966  9.20713703938  13.0353712867  17.6990883652  22.9970704935  28.5199202396  33.6568392057  37.6775161849  39.898918632  39.898918632  37.6775161849  33.6568392057  28.5199202396  22.9970704935  17.6990883652  13.0353712867  9.20713703938  6.24667874966  4.07398597376  2.55070237199  1.52103016499  0.836645338371  0.367200830392  
0.529064243433  1.20832943567  2.20479825519  3.71466840603  5.96621346565  9.20713703938  13.6701902151  19.5126659216  26.7307818426  35.0604891177  43.8927434059  52.2518137795  58.9001281931  62.6175466827  62.6175466827  58.9001281931  52.2518137795  43.8927434059  35.0604891177  26.7307818426  19.5126659216  13.6701902151  9.20713703938  5.96621346565  3.71466840603  2.20479825519  1.20832943567  0.529064243433  
0.73110104766  1.67391163267  3.06601701441  5.19122801544  8.38770767975  13.0353712867  19.5126659216  28.1134184785  38.9191741658  51.6344942979  65.416595612  78.7711563146  89.6393332842  95.8287842599  95.8287842599  89.6393332842  78.7711563146  65.416595612  51.6344942979  38.9191741658  28.1134184785  19.5126659216  13.0353712867  8.38770767975  5.19122801544  3.06601701441  1.67391163267  0.73110104766  
0.967995747021  2.22184467893  4.08543409488  6.95241637878  11.3036087814  17.6990883652  26.7307818426  38.9191741658  54.5386542148  73.3640384105  94.355490733  115.360608416  133.040061088  143.409164712  143.409164712  133.040061088  115.360608416  94.355490733  73.3640384105  54.5386542148  38.9191741658  26.7307818426  17.6990883652  11.3036087814  6.95241637878  4.08543409488  2.22184467893  0.967995747021  
1.22649021735  2.82197594469  5.20856426251  8.90821120524  14.5745219561  22.9970704935  35.0604891177  51.6344942979  73.3640384105  100.322018367  131.48961022  164.079108303  192.919826198  210.69207507  210.69207507  192.919826198  164.079108303  131.48961022  100.322018367  73.3640384105  51.6344942979  35.0604891177  22.9970704935  14.5745219561  8.90821120524  5.20856426251  2.82197594469  1.22649021735  
1.48522155697  3.42482672507  6.34328976976  10.8997912398  17.9395680522  28.5199202396  43.8927434059  65.416595612  94.355490733  131.48961022  176.403116818  226.239272114  273.787491827  305.72540782  305.72540782  273.787491827  226.239272114  176.403116818  131.48961022  94.355490733  65.416595612  43.8927434059  28.5199202396  17.9395680522  10.8997912398  6.34328976976  3.42482672507  1.48522155697  
1.71678786927  3.96613738655  7.36753356434  12.7106243243  21.029172299  33.6568392057  52.2518137795  78.7711563146  115.360608416  164.079108303  226.239272114  300.777848888  380.27314657  442.515992156  442.515992156  380.27314657  300.777848888  226.239272114  164.079108303  115.360608416  78.7711563146  52.2518137795  33.6568392057  21.029172299  12.7106243243  7.36753356434  3.96613738655  1.71678786927  
1.8922046019  4.3772683938  8.14879150742  14.1002657616  23.419926862  37.6775161849  58.9001281931  89.6393332842  133.040061088  192.919826198  273.787491827  380.27314657  513.263768779  650.065616439  650.065616439  513.263768779  380.27314657  273.787491827  192.919826198  133.040061088  89.6393332842  58.9001281931  37.6775161849  23.419926862  14.1002657616  8.14879150742  4.3772683938  1.8922046019  
1.98696403484  4.59974173678  8.5727491609  14.8574531952  24.7300825928  39.898918632  62.6175466827  95.8287842599  143.409164712  210.69207507  305.72540782  442.515992156  650.065616439  1000.0  1000.0  650.065616439  442.515992156  305.72540782  210.69207507  143.409164712  95.8287842599  62.6175466827  39.898918632  24.7300825928  14.8574531952  8.5727491609  4.59974173678  1.98696403484  
1.98696403484  4.59974173678  8.5727491609  14.8574531952  24.7300825928  39.898918632  62.6175466827  95.8287842599  143.409164712  210.69207507  305.72540782  442.515992156  650.065616439  1000.0  1000.0  650.065616439  442.515992156  305.72540782  210.69207507  143.409164712  95.8287842599  62.6175466827  39.898918632  24.7300825928  14.8574531952  8.5727491609  4.59974173678  1.98696403484  
1.8922046019  4.3772683938  8.14879150742  14.1002657616  23.419926862  37.6775161849  58.9001281931  89.6393332842  133.040061088  192.919826198  273.787491827  380.27314657  513.263768779  650.065616439  650.065616439  513.263768779  380.27314657  273.787491827  192.919826198  133.040061088  89.6393332842  58.9001281931  37.6775161849  23.419926862  14.1002657616  8.14879150742  4.3772683938  1.8922046019  
1.71678786927  3.96613738655  7.36753356434  12.7106243243  21.029172299  33.6568392057  52.2518137795  78.7711563146  115.360608416  164.079108303  226.239272114  300.777848888  380.27314657  442.515992156  442.515992156  380.27314657  300.777848888  226.239272114  164.079108303  115.360608416  78.7711563146  52.2518137795  33.6568392057  21.029172299  12.7106243243  7.36753356434  3.96613738655  1.71678786927  
1.48522155697  3.42482672507  6.34328976976  10.8997912398  17.9395680522  28.5199202396  43.8927434059  65.416595612  94.355490733  131.48961022  176.403116818  226.239272114  273.787491827  305.72540782  305.72540782  273.787491827  226.239272114  176.403116818  131.48961022  94.355490733  65.416595612  43.8927434059  28.5199202396  17.9395680522  10.8997912398  6.34328976976  3.42482672507  1.48522155697  
1.22649021735  2.82197594469  5.20856426251  8.90821120524  14.5745219561  22.9970704935  35.0604891177  51.6344942979  73.3640384105  100.322018367  131.48961022  164.079108303  192.919826198  210.69207507  210.69207507  192.919826198  164.079108303  131.48961022  100.322018367  73.3640384105  51.6344942979  35.0604891177  22.9970704935  14.5745219561  8.90821120524  5.20856426251  2.82197594469  1.22649021735  
0.967995747021  2.22184467893  4.08543409488  6.95241637878  11.3036087814  17.6990883652  26.7307818426  38.9191741658  54.5386542148  73.3640384105  94.355490733  115.360608416  133.040061088  143.409164712  143.409164712  133.040061088  115.360608416  94.355490733  73.3640384105  54.5386542148  38.9191741658  26.7307818426  17.6990883652  11.3036087814  6.95241637878  4.08543409488  2.22184467893  0.967995747021  
0.73110104766  1.67391163267  3.06601701441  5.19122801544  8.38770767975  13.0353712867  19.5126659216  28.1134184785  38.9191741658  51.6344942979  65.416595612  78.7711563146  89.6393332842  95.8287842599  95.8287842599  89.6393332842  78.7711563146  65.416595612  51.6344942979  38.9191741658  28.1134184785  19.5126659216  13.0353712867  8.38770767975  5.19122801544  3.06601701441  1.67391163267  0.73110104766  
0.529064243433  1.20832943567  2.20479825519  3.71466840603  5.96621346565  9.20713703938  13.6701902151  19.5126659216  26.7307818426  35.0604891177  43.8927434059  52.2518137795  58.9001281931  62.6175466827  62.6175466827  58.9001281931  52.2518137795  43.8927434059  35.0604891177  26.7307818426  19.5126659216  13.6701902151  9.20713703938  5.96621346565  3.71466840603  2.20479825519  1.20832943567  0.529064243433  
0.367200830392  0.836645338371  1.52103016499  2.55070237199  4.07398597376  6.24667874966  9.20713703938  13.0353712867  17.6990883652  22.9970704935  28.5199202396  33.6568392057  37.6775161849  39.898918632  39.898918632  37.6775161849  33.6568392057  28.5199202396  22.9970704935  17.6990883652  13.0353712867  9.20713703938  6.24667874966  4.07398597376  2.55070237199  1.52103016499  0.836645338371  0.367200830392  
0.244525647684  0.555885976127  1.00716470209  1.6816930069  2.67238965284  4.07398597376  5.96621346565  8.38770767975  11.3036087814  14.5745219561  17.9395680522  21.029172299  23.419926862  24.7300825928  24.7300825928  23.419926862  21.029172299  17.9395680522  14.5745219561  11.3036087814  8.38770767975  5.96621346565  4.07398597376  2.67238965284  1.6816930069  1.00716470209  0.555885976127  0.244525647684  
0.155980592842  0.35386602882  0.63915486894  1.06306768208  1.6816930069  2.55070237199  3.71466840603  5.19122801544  6.95241637878  8.90821120524  10.8997912398  12.7106243243  14.1002657616  14.8574531952  14.8574531952  14.1002657616  12.7106243243  10.8997912398  8.90821120524  6.95241637878  5.19122801544  3.71466840603  2.55070237199  1.6816930069  1.06306768208  0.63915486894  0.35386602882  0.155980592842  
0.0945246995691  0.214057112447  0.385584166531  0.63915486894  1.00716470209  1.52103016499  2.20479825519  3.06601701441  4.08543409488  5.20856426251  6.34328976976  7.36753356434  8.14879150742  8.5727491609  8.5727491609  8.14879150742  7.36753356434  6.34328976976  5.20856426251  4.08543409488  3.06601701441  2.20479825519  1.52103016499  1.00716470209  0.63915486894  0.385584166531  0.214057112447  0.0945246995691  
0.0526671582367  0.119094011315  0.214057112447  0.35386602882  0.555885976127  0.836645338371  1.20832943567  1.67391163267  2.22184467893  2.82197594469  3.42482672507  3.96613738655  4.3772683938  4.59974173678  4.59974173678  4.3772683938  3.96613738655  3.42482672507  2.82197594469  2.22184467893  1.67391163267  1.20832943567  0.836645338371  0.555885976127  0.35386602882  0.214057112447  0.119094011315  0.0526671582367  
0.0233138686219  0.0526671582367  0.0945246995691  0.155980592842  0.244525647684  0.367200830392  0.529064243433  0.73110104766  0.967995747021  1.22649021735  1.48522155697  1.71678786927  1.8922046019  1.98696403484  1.98696403484  1.8922046019  1.71678786927  1.48522155697  1.22649021735  0.967995747021  0.73110104766  0.529064243433  0.367200830392  0.244525647684  0.155980592842  0.0945246995691  0.0526671582367  0.0233138686219  
