0.0178011410863  0.040626355066  0.073943930307  0.123915875406  0.197255596938  0.300516997869  0.438721860573  0.613414259875  0.820510171559  1.04862015911  1.27871765537  1.48591548172  1.64356331765  1.72895023819  1.72895023819  1.64356331765  1.48591548172  1.27871765537  1.04862015911  0.820510171559  0.613414259875  0.438721860573  0.300516997869  0.197255596938  0.123915875406  0.073943930307  0.040626355066  0.0178011410863  
0.040626355066  0.0928113118919  0.169176006212  0.284023565126  0.453060184021  0.691796468045  1.01238383472  1.41904779936  1.90293074787  2.43791308822  2.97951314028  3.46880712147  3.84207306619  4.04459587102  4.04459587102  3.84207306619  3.46880712147  2.97951314028  2.43791308822  1.90293074787  1.41904779936  1.01238383472  0.691796468045  0.453060184021  0.284023565126  0.169176006212  0.0928113118919  0.040626355066  
0.073943930307  0.169176006212  0.309053702621  0.520272824016  0.832494967868  1.27551840813  1.87345366122  2.63607568282  3.54873491107  4.56371767108  5.59717107196  6.53572194537  7.25478451528  7.6460361106  7.6460361106  7.25478451528  6.53572194537  5.59717107196  4.56371767108  3.54873491107  2.63607568282  1.87345366122  1.27551840813  0.832494967868  0.520272824016  0.309053702621  0.169176006212  0.073943930307  
0.123915875406  0.284023565126  0.520272824016  0.87880894289  1.41166193678  2.1722250084  3.20541790577  4.53253259839  6.13280479925  7.92653770065  9.76724415884  11.4511096972  12.7490179634  13.4581140588  13.4581140588  12.7490179634  11.4511096972  9.76724415884  7.92653770065  6.13280479925  4.53253259839  3.20541790577  2.1722250084  1.41166193678  0.87880894289  0.520272824016  0.284023565126  0.123915875406  
0.197255596938  0.453060184021  0.832494967868  1.41166193678  2.27784228193  3.52283402838  5.22732734722  7.4357005088  10.123805897  13.1671269483  16.322045805  19.2362360785  21.5011326359  22.7456230192  22.7456230192  21.5011326359  19.2362360785  16.322045805  13.1671269483  10.123805897  7.4357005088  5.22732734722  3.52283402838  2.27784228193  1.41166193678  0.832494967868  0.453060184021  0.197255596938  
0.300516997869  0.691796468045  1.27551840813  2.1722250084  3.52283402838  5.4796933779  8.18325977148  11.7222799345  16.0798291311  21.075236789  26.3220384106  31.2312964703  35.090418589  37.2281983329  37.2281983329  35.090418589  31.2312964703  26.3220384106  21.075236789  16.0798291311  11.7222799345  8.18325977148  5.4796933779  3.52283402838  2.1722250084  1.27551840813  0.691796468045  0.300516997869  
0.438721860573  1.01238383472  1.87345366122  3.20541790577  5.22732734722  8.18325977148  12.3099971907  17.7777541004  24.6041606534  32.5525794642  41.0430593228  49.1256608376  55.5814476351  59.200647792  59.200647792  55.5814476351  49.1256608376  41.0430593228  32.5525794642  24.6041606534  17.7777541004  12.3099971907  8.18325977148  5.22732734722  3.20541790577  1.87345366122  1.01238383472  0.438721860573  
0.613414259875  1.41904779936  2.63607568282  4.53253259839  7.4357005088  11.7222799345  17.7777541004  25.9145574421  36.2433609791  48.504331534  61.8901864685  74.9346866795  85.5946065244  91.6810565236  91.6810565236  85.5946065244  74.9346866795  61.8901864685  48.504331534  36.2433609791  25.9145574421  17.7777541004  11.7222799345  7.4357005088  4.53253259839  2.63607568282  1.41904779936  0.613414259875  
0.820510171559  1.90293074787  3.54873491107  6.13280479925  10.123805897  16.0798291311  24.6041606534  36.2433609791  51.3106694289  69.6263943837  90.1930047884  110.886166479  128.372764355  138.654410636  138.654410636  128.372764355  110.886166479  90.1930047884  69.6263943837  51.3106694289  36.2433609791  24.6041606534  16.0798291311  10.123805897  6.13280479925  3.54873491107  1.90293074787  0.820510171559  
1.04862015911  2.43791308822  4.56371767108  7.92653770065  13.1671269483  21.075236789  32.5525794642  48.504331534  69.6263943837  96.0495222876  126.805591693  159.133466978  187.851032339  205.589575615  205.589575615  187.851032339  159.133466978  126.805591693  96.0495222876  69.6263943837  48.504331534  32.5525794642  21.075236789  13.1671269483  7.92653770065  4.56371767108  2.43791308822  1.04862015911  
1.27871765537  2.97951314028  5.59717107196  9.76724415884  16.322045805  26.3220384106  41.0430593228  61.8901864685  90.1930047884  126.805591693  171.375797816  221.075177821  268.658431531  300.689487281  300.689487281  268.658431531  221.075177821  171.375797816  126.805591693  90.1930047884  61.8901864685  41.0430593228  26.3220384106  16.322045805  9.76724415884  5.59717107196  2.97951314028  1.27871765537  
1.48591548172  3.46880712147  6.53572194537  11.4511096972  19.2362360785  31.2312964703  49.1256608376  74.9346866795  110.886166479  159.133466978  221.075177821  295.693298613  375.521146831  438.139535425  438.139535425  375.521146831  295.693298613  221.075177821  159.133466978  110.886166479  74.9346866795  49.1256608376  31.2312964703  19.2362360785  11.4511096972  6.53572194537  3.46880712147  1.48591548172  
1.64356331765  3.84207306619  7.25478451528  12.7490179634  21.5011326359  35.090418589  55.5814476351  85.5946065244  128.372764355  187.851032339  268.658431531  375.521146831  509.344007714  647.193256983  647.193256983  509.344007714  375.521146831  268.658431531  187.851032339  128.372764355  85.5946065244  55.5814476351  35.090418589  21.5011326359  12.7490179634  7.25478451528  3.84207306619  1.64356331765  
1.72895023819  4.04459587102  7.6460361106  13.4581140588  22.7456230192  37.2281983329  59.200647792  91.6810565236  138.654410636  205.589575615  300.689487281  438.139535425  647.193256983  1000.0  1000.0  647.193256983  438.139535425  300.689487281  205.589575615  138.654410636  91.6810565236  59.200647792  37.2281983329  22.7456230192  13.4581140588  7.6460361106  4.04459587102  1.72895023819  
1.72895023819  4.04459587102  7.6460361106  13.4581140588  22.7456230192  37.2281983329  59.200647792  91.6810565236  138.654410636  205.589575615  300.689487281  438.139535425  647.193256983  1000.0  1000.0  647.193256983  438.139535425  300.689487281  205.589575615  138.654410636  91.6810565236  59.200647792  37.2281983329  22.7456230192  13.4581140588  7.6460361106  4.04459587102  1.72895023819  
1.64356331765  3.84207306619  7.25478451528  12.7490179634  21.5011326359  35.090418589  55.5814476351  85.5946065244  128.372764355  187.851032339  268.658431531  375.521146831  509.344007714  647.193256983  647.193256983  509.344007714  375.521146831  268.658431531  187.851032339  128.372764355  85.5946065244  55.5814476351  35.090418589  21.5011326359  12.7490179634  7.25478451528  3.84207306619  1.64356331765  
1.48591548172  3.46880712147  6.53572194537  11.4511096972  19.2362360785  31.2312964703  49.1256608376  74.9346866795  110.886166479  159.133466978  221.075177821  295.693298613  375.521146831  438.139535425  438.139535425  375.521146831  295.693298613  221.075177821  159.133466978  110.886166479  74.9346866795  49.1256608376  31.2312964703  19.2362360785  11.4511096972  6.53572194537  3.46880712147  1.48591548172  
1.27871765537  2.97951314028  5.59717107196  9.76724415884  16.322045805  26.3220384106  41.0430593228  61.8901864685  90.1930047884  126.805591693  171.375797816  221.075177821  268.658431531  300.689487281  300.689487281  268.658431531  221.075177821  171.375797816  126.805591693  90.1930047884  61.8901864685  41.0430593228  26.3220384106  16.322045805  9.76724415884  5.59717107196  2.97951314028  1.27871765537  
1.04862015911  2.43791308822  4.56371767108  7.92653770065  13.1671269483  21.075236789  32.5525794642  48.504331534  69.6263943837  96.0495222876  126.805591693  159.133466978  187.851032339  205.589575615  205.589575615  187.851032339  159.133466978  126.805591693  96.0495222876  69.6263943837  48.504331534  32.5525794642  21.075236789  13.1671269483  7.92653770065  4.56371767108  2.43791308822  1.04862015911  
0.820510171559  1.90293074787  3.54873491107  6.13280479925  10.123805897  16.0798291311  24.6041606534  36.2433609791  51.3106694289  69.6263943837  90.1930047884  110.886166479  128.372764355  138.654410636  138.654410636  128.372764355  110.886166479  90.1930047884  69.6263943837  51.3106694289  36.2433609791  24.6041606534  16.0798291311  10.123805897  6.13280479925  3.54873491107  1.90293074787  0.820510171559  
0.613414259875  1.41904779936  2.63607568282  4.53253259839  7.4357005088  11.7222799345  17.7777541004  25.9145574421  36.2433609791  48.504331534  61.8901864685  74.9346866795  85.5946065244  91.6810565236  91.6810565236  85.5946065244  74.9346866795  61.8901864685  48.504331534  36.2433609791  25.9145574421  17.7777541004  11.7222799345  7.4357005088  4.53253259839  2.63607568282  1.41904779936  0.613414259875  
0.438721860573  1.01238383472  1.87345366122  3.20541790577  5.22732734722  8.18325977148  12.3099971907  17.7777541004  24.6041606534  32.5525794642  41.0430593228  49.1256608376  55.5814476351  59.200647792  59.200647792  55.5814476351  49.1256608376  41.0430593228  32.5525794642  24.6041606534  17.7777541004  12.3099971907  8.18325977148  5.22732734722  3.20541790577  1.87345366122  1.01238383472  0.438721860573  
0.300516997869  0.691796468045  1.27551840813  2.1722250084  3.52283402838  5.4796933779  8.18325977148  11.7222799345  16.0798291311  21.075236789  26.3220384106  31.2312964703  35.090418589  37.2281983329  37.2281983329  35.090418589  31.2312964703  26.3220384106  21.075236789  16.0798291311  11.7222799345  8.18325977148  5.4796933779  3.52283402838  2.1722250084  1.27551840813  0.691796468045  0.300516997869  
0.197255596938  0.453060184021  0.832494967868  1.41166193678  2.27784228193  3.52283402838  5.22732734722  7.4357005088  10.123805897  13.1671269483  16.322045805  19.2362360785  21.5011326359  22.7456230192  22.7456230192  21.5011326359  19.2362360785  16.322045805  13.1671269483  10.123805897  7.4357005088  5.22732734722  3.52283402838  2.27784228193  1.41166193678  0.832494967868  0.453060184021  0.197255596938  
0.123915875406  0.284023565126  0.520272824016  0.87880894289  1.41166193678  2.1722250084  3.20541790577  4.53253259839  6.13280479925  7.92653770065  9.76724415884  11.4511096972  12.7490179634  13.4581140588  13.4581140588  12.7490179634  11.4511096972  9.76724415884  7.92653770065  6.13280479925  4.53253259839  3.20541790577  2.1722250084  1.41166193678  0.87880894289  0.520272824016  0.284023565126  0.123915875406  
0.073943930307  0.169176006212  0.309053702621  0.520272824016  0.832494967868  1.27551840813  1.87345366122  2.63607568282  3.54873491107  4.56371767108  5.59717107196  6.53572194537  7.25478451528  7.6460361106  7.6460361106  7.25478451528  6.53572194537  5.59717107196  4.56371767108  3.54873491107  2.63607568282  1.87345366122  1.27551840813  0.832494967868  0.520272824016  0.309053702621  0.169176006212  0.073943930307  
0.040626355066  0.0928113118919  0.169176006212  0.284023565126  0.453060184021  0.691796468045  1.01238383472  1.41904779936  1.90293074787  2.43791308822  2.97951314028  3.46880712147  3.84207306619  4.04459587102  4.04459587102  3.84207306619  3.46880712147  2.97951314028  2.43791308822  1.90293074787  1.41904779936  1.01238383472  0.691796468045  0.453060184021  0.284023565126  0.169176006212  0.0928113118919  0.040626355066  
0.0178011410863  0.040626355066  0.073943930307  0.123915875406  0.197255596938  0.300516997869  0.438721860573  0.613414259875  0.820510171559  1.04862015911  1.27871765537  1.48591548172  1.64356331765  1.72895023819  1.72895023819  1.64356331765  1.48591548172  1.27871765537  1.04862015911  0.820510171559  0.613414259875  0.438721860573  0.300516997869  0.197255596938  0.123915875406  0.073943930307  0.040626355066  0.0178011410863  
