0.290607696167  0.605415258334  0.967213769478  1.39574711542  1.90568947746  2.50423127752  3.18847413671  3.94307837821  4.73883389861  5.53295526018  6.27182753387  6.89654832905  7.35089099477  7.59038139104  7.59038139104  7.35089099477  6.89654832905  6.27182753387  5.53295526018  4.73883389861  3.94307837821  3.18847413671  2.50423127752  1.90568947746  1.39574711542  0.967213769478  0.605415258334  0.290607696167  
0.605415258334  1.26205029599  2.01830172001  2.9164113358  3.98826975934  5.25030008244  6.69780158924  8.29965961347  9.99485059651  11.6925250971  13.2773953295  14.621421614  15.6012308336  16.1185040474  16.1185040474  15.6012308336  14.621421614  13.2773953295  11.6925250971  9.99485059651  8.29965961347  6.69780158924  5.25030008244  3.98826975934  2.9164113358  2.01830172001  1.26205029599  0.605415258334  
0.967213769478  2.01830172001  3.23293058268  4.68146680419  6.41834202922  8.47368271591  10.8437005331  13.4812211298  16.2886855431  19.1167477326  21.7717987233  24.0348127328  25.6913306891  26.5682082256  26.5682082256  25.6913306891  24.0348127328  21.7717987233  19.1167477326  16.2886855431  13.4812211298  10.8437005331  8.47368271591  6.41834202922  4.68146680419  3.23293058268  2.01830172001  0.967213769478  
1.39574711542  2.9164113358  4.68146680419  6.79809658799  9.35183093427  12.3941776817  15.9277115587  19.8904025885  24.142550864  28.4612865639  32.5485885124  36.0581317873  38.6426712829  40.0163062419  40.0163062419  38.6426712829  36.0581317873  32.5485885124  28.4612865639  24.142550864  19.8904025885  15.9277115587  12.3941776817  9.35183093427  6.79809658799  4.68146680419  2.9164113358  1.39574711542  
1.90568947746  3.98826975934  6.41834202922  9.35183093427  12.9177384261  17.2009943258  22.2205491055  27.9046249463  34.0674574924  40.3947827134  46.4480882973  51.6986080572  55.598259974  57.6828598213  57.6828598213  55.598259974  51.6986080572  46.4480882973  40.3947827134  34.0674574924  27.9046249463  22.2205491055  17.2009943258  12.9177384261  9.35183093427  6.41834202922  3.98826975934  1.90568947746  
2.50423127752  5.25030008244  8.47368271591  12.3941776817  17.2009943258  23.0303132378  29.9346446797  37.8453984273  46.5333646682  55.5766114478  64.3513976234  72.0671590342  77.8660975224  80.9918534506  80.9918534506  77.8660975224  72.0671590342  64.3513976234  55.5766114478  46.5333646682  37.8453984273  29.9346446797  23.0303132378  17.2009943258  12.3941776817  8.47368271591  5.25030008244  2.50423127752  
3.18847413671  6.69780158924  10.8437005331  15.9277115587  22.2205491055  29.9346446797  39.1836730756  49.9287857048  61.9149765791  74.6077724372  87.1516365885  98.3867034593  106.972777225  111.657917945  111.657917945  106.972777225  98.3867034593  87.1516365885  74.6077724372  61.9149765791  49.9287857048  39.1836730756  29.9346446797  22.2205491055  15.9277115587  10.8437005331  6.69780158924  3.18847413671  
3.94307837821  8.29965961347  13.4812211298  19.8904025885  27.9046249463  37.8453984273  49.9287857048  64.1933157058  80.4042950475  97.9406125967  115.686610652  131.983339917  144.739649728  151.832214346  151.832214346  144.739649728  131.983339917  115.686610652  97.9406125967  80.4042950475  64.1933157058  49.9287857048  37.8453984273  27.9046249463  19.8904025885  13.4812211298  8.29965961347  3.94307837821  
4.73883389861  9.99485059651  16.2886855431  24.142550864  34.0674574924  46.5333646682  61.9149765791  80.4042950475  101.879771762  125.724346566  150.600157209  174.23645525  193.398729107  204.378533328  204.378533328  193.398729107  174.23645525  150.600157209  125.724346566  101.879771762  80.4042950475  61.9149765791  46.5333646682  34.0674574924  24.142550864  16.2886855431  9.99485059651  4.73883389861  
5.53295526018  11.6925250971  19.1167477326  28.4612865639  40.3947827134  55.5766114478  74.6077724372  97.9406125967  125.724346566  157.55147469  192.064152416  226.415239013  255.757208067  273.441722938  273.441722938  255.757208067  226.415239013  192.064152416  157.55147469  125.724346566  97.9406125967  74.6077724372  55.5766114478  40.3947827134  28.4612865639  19.1167477326  11.6925250971  5.53295526018  
6.27182753387  13.2773953295  21.7717987233  32.5485885124  46.4480882973  64.3513976234  87.1516365885  115.686610652  150.600157209  192.064152416  239.229435325  289.194848879  335.338840902  365.713046788  365.713046788  335.338840902  289.194848879  239.229435325  192.064152416  150.600157209  115.686610652  87.1516365885  64.3513976234  46.4480882973  32.5485885124  21.7717987233  13.2773953295  6.27182753387  
6.89654832905  14.621421614  24.0348127328  36.0581317873  51.6986080572  72.0671590342  98.3867034593  131.983339917  174.23645525  226.415239013  289.194848879  361.30240397  436.008607948  493.511814312  493.511814312  436.008607948  361.30240397  289.194848879  226.415239013  174.23645525  131.983339917  98.3867034593  72.0671590342  51.6986080572  36.0581317873  24.0348127328  14.621421614  6.89654832905  
7.35089099477  15.6012308336  25.6913306891  38.6426712829  55.598259974  77.8660975224  106.972777225  144.739649728  193.398729107  255.757208067  335.338840902  436.008607948  558.612326181  683.120062457  683.120062457  558.612326181  436.008607948  335.338840902  255.757208067  193.398729107  144.739649728  106.972777225  77.8660975224  55.598259974  38.6426712829  25.6913306891  15.6012308336  7.35089099477  
7.59038139104  16.1185040474  26.5682082256  40.0163062419  57.6828598213  80.9918534506  111.657917945  151.832214346  204.378533328  273.441722938  365.713046788  493.511814312  683.120062457  1000.0  1000.0  683.120062457  493.511814312  365.713046788  273.441722938  204.378533328  151.832214346  111.657917945  80.9918534506  57.6828598213  40.0163062419  26.5682082256  16.1185040474  7.59038139104  
7.59038139104  16.1185040474  26.5682082256  40.0163062419  57.6828598213  80.9918534506  111.657917945  151.832214346  204.378533328  273.441722938  365.713046788  493.511814312  683.120062457  1000.0  1000.0  683.120062457  493.511814312  365.713046788  273.441722938  204.378533328  151.832214346  111.657917945  80.9918534506  57.6828598213  40.0163062419  26.5682082256  16.1185040474  7.59038139104  
7.35089099477  15.6012308336  25.6913306891  38.6426712829  55.598259974  77.8660975224  106.972777225  144.739649728  193.398729107  255.757208067  335.338840902  436.008607948  558.612326181  683.120062457  683.120062457  558.612326181  436.008607948  335.338840902  255.757208067  193.398729107  144.739649728  106.972777225  77.8660975224  55.598259974  38.6426712829  25.6913306891  15.6012308336  7.35089099477  
6.89654832905  14.621421614  24.0348127328  36.0581317873  51.6986080572  72.0671590342  98.3867034593  131.983339917  174.23645525  226.415239013  289.194848879  361.30240397  436.008607948  493.511814312  493.511814312  436.008607948  361.30240397  289.194848879  226.415239013  174.23645525  131.983339917  98.3867034593  72.0671590342  51.6986080572  36.0581317873  24.0348127328  14.621421614  6.89654832905  
6.27182753387  13.2773953295  21.7717987233  32.5485885124  46.4480882973  64.3513976234  87.1516365885  115.686610652  150.600157209  192.064152416  239.229435325  289.194848879  335.338840902  365.713046788  365.713046788  335.338840902  289.194848879  239.229435325  192.064152416  150.600157209  115.686610652  87.1516365885  64.3513976234  46.4480882973  32.5485885124  21.7717987233  13.2773953295  6.27182753387  
5.53295526018  11.6925250971  19.1167477326  28.4612865639  40.3947827134  55.5766114478  74.6077724372  97.9406125967  125.724346566  157.55147469  192.064152416  226.415239013  255.757208067  273.441722938  273.441722938  255.757208067  226.415239013  192.064152416  157.55147469  125.724346566  97.9406125967  74.6077724372  55.5766114478  40.3947827134  28.4612865639  19.1167477326  11.6925250971  5.53295526018  
4.73883389861  9.99485059651  16.2886855431  24.142550864  34.0674574924  46.5333646682  61.9149765791  80.4042950475  101.879771762  125.724346566  150.600157209  174.23645525  193.398729107  204.378533328  204.378533328  193.398729107  174.23645525  150.600157209  125.724346566  101.879771762  80.4042950475  61.9149765791  46.5333646682  34.0674574924  24.142550864  16.2886855431  9.99485059651  4.73883389861  
3.94307837821  8.29965961347  13.4812211298  19.8904025885  27.9046249463  37.8453984273  49.9287857048  64.1933157058  80.4042950475  97.9406125967  115.686610652  131.983339917  144.739649728  151.832214346  151.832214346  144.739649728  131.983339917  115.686610652  97.9406125967  80.4042950475  64.1933157058  49.9287857048  37.8453984273  27.9046249463  19.8904025885  13.4812211298  8.29965961347  3.94307837821  
3.18847413671  6.69780158924  10.8437005331  15.9277115587  22.2205491055  29.9346446797  39.1836730756  49.9287857048  61.9149765791  74.6077724372  87.1516365885  98.3867034593  106.972777225  111.657917945  111.657917945  106.972777225  98.3867034593  87.1516365885  74.6077724372  61.9149765791  49.9287857048  39.1836730756  29.9346446797  22.2205491055  15.9277115587  10.8437005331  6.69780158924  3.18847413671  
2.50423127752  5.25030008244  8.47368271591  12.3941776817  17.2009943258  23.0303132378  29.9346446797  37.8453984273  46.5333646682  55.5766114478  64.3513976234  72.0671590342  77.8660975224  80.9918534506  80.9918534506  77.8660975224  72.0671590342  64.3513976234  55.5766114478  46.5333646682  37.8453984273  29.9346446797  23.0303132378  17.2009943258  12.3941776817  8.47368271591  5.25030008244  2.50423127752  
1.90568947746  3.98826975934  6.41834202922  9.35183093427  12.9177384261  17.2009943258  22.2205491055  27.9046249463  34.0674574924  40.3947827134  46.4480882973  51.6986080572  55.598259974  57.6828598213  57.6828598213  55.598259974  51.6986080572  46.4480882973  40.3947827134  34.0674574924  27.9046249463  22.2205491055  17.2009943258  12.9177384261  9.35183093427  6.41834202922  3.98826975934  1.90568947746  
1.39574711542  2.9164113358  4.68146680419  6.79809658799  9.35183093427  12.3941776817  15.9277115587  19.8904025885  24.142550864  28.4612865639  32.5485885124  36.0581317873  38.6426712829  40.0163062419  40.0163062419  38.6426712829  36.0581317873  32.5485885124  28.4612865639  24.142550864  19.8904025885  15.9277115587  12.3941776817  9.35183093427  6.79809658799  4.68146680419  2.9164113358  1.39574711542  
0.967213769478  2.01830172001  3.23293058268  4.68146680419  6.41834202922  8.47368271591  10.8437005331  13.4812211298  16.2886855431  19.1167477326  21.7717987233  24.0348127328  25.6913306891  26.5682082256  26.5682082256  25.6913306891  24.0348127328  21.7717987233  19.1167477326  16.2886855431  13.4812211298  10.8437005331  8.47368271591  6.41834202922  4.68146680419  3.23293058268  2.01830172001  0.967213769478  
0.605415258334  1.26205029599  2.01830172001  2.9164113358  3.98826975934  5.25030008244  6.69780158924  8.29965961347  9.99485059651  11.6925250971  13.2773953295  14.621421614  15.6012308336  16.1185040474  16.1185040474  15.6012308336  14.621421614  13.2773953295  11.6925250971  9.99485059651  8.29965961347  6.69780158924  5.25030008244  3.98826975934  2.9164113358  2.01830172001  1.26205029599  0.605415258334  
0.290607696167  0.605415258334  0.967213769478  1.39574711542  1.90568947746  2.50423127752  3.18847413671  3.94307837821  4.73883389861  5.53295526018  6.27182753387  6.89654832905  7.35089099477  7.59038139104  7.59038139104  7.35089099477  6.89654832905  6.27182753387  5.53295526018  4.73883389861  3.94307837821  3.18847413671  2.50423127752  1.90568947746  1.39574711542  0.967213769478  0.605415258334  0.290607696167  
