0.0396518835357  0.0878604534033  0.153502872951  0.245826628132  0.373985280972  0.545890395735  0.766357811847  1.03476349359  1.3427264286  1.67261884284  1.99782118113  2.2854229311  2.50142282421  2.61750136228  2.61750136228  2.50142282421  2.2854229311  1.99782118113  1.67261884284  1.3427264286  1.03476349359  0.766357811847  0.545890395735  0.373985280972  0.245826628132  0.153502872951  0.0878604534033  0.0396518835357  
0.0878604534033  0.194861611827  0.340925436875  0.546932415935  0.833743259336  1.2196634322  1.71626352792  2.32299171456  3.0217083204  3.77296212031  4.51618422589  5.17558481265  5.6720996972  5.9393783074  5.9393783074  5.6720996972  5.17558481265  4.51618422589  3.77296212031  3.0217083204  2.32299171456  1.71626352792  1.2196634322  0.833743259336  0.546932415935  0.340925436875  0.194861611827  0.0878604534033  
0.153502872951  0.340925436875  0.597746762438  0.961501321256  1.47021820702  2.15803384116  3.04771708918  4.14074478123  5.40683246976  6.77619816591  8.13874425215  9.35395953112  10.2728941863  10.768958392  10.768958392  10.2728941863  9.35395953112  8.13874425215  6.77619816591  5.40683246976  4.14074478123  3.04771708918  2.15803384116  1.47021820702  0.961501321256  0.597746762438  0.340925436875  0.153502872951  
0.245826628132  0.546932415935  0.961501321256  1.55181818096  2.38211354437  3.51168817738  4.98266196166  6.80307005072  8.9281322486  11.245051057  13.5687980339  15.6565483328  17.2449152321  18.1058628156  18.1058628156  17.2449152321  15.6565483328  13.5687980339  11.245051057  8.9281322486  6.80307005072  4.98266196166  3.51168817738  2.38211354437  1.55181818096  0.961501321256  0.546932415935  0.245826628132  
0.373985280972  0.833743259336  1.47021820702  2.38211354437  3.67332834385  5.44292782391  7.766201096  10.667268586  14.0869249157  17.8537687285  21.6711558944  25.1347895443  27.7920689924  29.240705503  29.240705503  27.7920689924  25.1347895443  21.6711558944  17.8537687285  14.0869249157  10.667268586  7.766201096  5.44292782391  3.67332834385  2.38211354437  1.47021820702  0.833743259336  0.373985280972  
0.545890395735  1.2196634322  2.15803384116  3.51168817738  5.44292782391  8.1120941612  11.6498972365  16.115084815  21.4413575107  27.3843750588  33.4884235929  39.0999492621  43.4549981447  45.8487125413  45.8487125413  43.4549981447  39.0999492621  33.4884235929  27.3843750588  21.4413575107  16.115084815  11.6498972365  8.1120941612  5.44292782391  3.51168817738  2.15803384116  1.2196634322  0.545890395735  
0.766357811847  1.71626352792  3.04771708918  4.98266196166  7.766201096  11.6498972365  16.8539553375  23.5053176539  31.5540024613  40.6797654739  50.2162773656  59.1389700461  66.1766149731  70.0916336485  70.0916336485  66.1766149731  59.1389700461  50.2162773656  40.6797654739  31.5540024613  23.5053176539  16.8539553375  11.6498972365  7.766201096  4.98266196166  3.04771708918  1.71626352792  0.766357811847  
1.03476349359  2.32299171456  4.14074478123  6.80307005072  10.667268586  16.115084815  23.5053176539  33.0894743642  44.8876817867  58.5330434575  73.1145708446  87.0868152333  98.3655415638  104.75655131  104.75655131  98.3655415638  87.0868152333  73.1145708446  58.5330434575  44.8876817867  33.0894743642  23.5053176539  16.115084815  10.667268586  6.80307005072  4.14074478123  2.32299171456  1.03476349359  
1.3427264286  3.0217083204  5.40683246976  8.9281322486  14.0869249157  21.4413575107  31.5540024613  44.8876817867  61.6364629819  81.4854838333  103.315404586  124.925331819  142.971774249  153.504409404  153.504409404  142.971774249  124.925331819  103.315404586  81.4854838333  61.6364629819  44.8876817867  31.5540024613  21.4413575107  14.0869249157  8.9281322486  5.40683246976  3.0217083204  1.3427264286  
1.67261884284  3.77296212031  6.77619816591  11.245051057  17.8537687285  27.3843750588  40.6797654739  58.5330434575  81.4854838333  109.497406519  141.456166732  174.531163171  203.585171896  221.40551524  221.40551524  203.585171896  174.531163171  141.456166732  109.497406519  81.4854838333  58.5330434575  40.6797654739  27.3843750588  17.8537687285  11.245051057  6.77619816591  3.77296212031  1.67261884284  
1.99782118113  4.51618422589  8.13874425215  13.5687980339  21.6711558944  33.4884235929  50.2162773656  73.1145708446  103.315404586  141.456166732  187.003482494  237.056377321  284.48611458  316.208984315  316.208984315  284.48611458  237.056377321  187.003482494  141.456166732  103.315404586  73.1145708446  50.2162773656  33.4884235929  21.6711558944  13.5687980339  8.13874425215  4.51618422589  1.99782118113  
2.2854229311  5.17558481265  9.35395953112  15.6565483328  25.1347895443  39.0999492621  59.1389700461  87.0868152333  124.925331819  174.531163171  237.056377321  311.360447788  390.124359835  451.572733465  451.572733465  390.124359835  311.360447788  237.056377321  174.531163171  124.925331819  87.0868152333  59.1389700461  39.0999492621  25.1347895443  15.6565483328  9.35395953112  5.17558481265  2.2854229311  
2.50142282421  5.6720996972  10.2728941863  17.2449152321  27.7920689924  43.4549981447  66.1766149731  98.3655415638  142.971774249  203.585171896  284.48611458  390.124359835  521.359685031  655.989696627  655.989696627  521.359685031  390.124359835  284.48611458  203.585171896  142.971774249  98.3655415638  66.1766149731  43.4549981447  27.7920689924  17.2449152321  10.2728941863  5.6720996972  2.50142282421  
2.61750136228  5.9393783074  10.768958392  18.1058628156  29.240705503  45.8487125413  70.0916336485  104.75655131  153.504409404  221.40551524  316.208984315  451.572733465  655.989696627  1000.0  1000.0  655.989696627  451.572733465  316.208984315  221.40551524  153.504409404  104.75655131  70.0916336485  45.8487125413  29.240705503  18.1058628156  10.768958392  5.9393783074  2.61750136228  
2.61750136228  5.9393783074  10.768958392  18.1058628156  29.240705503  45.8487125413  70.0916336485  104.75655131  153.504409404  221.40551524  316.208984315  451.572733465  655.989696627  1000.0  1000.0  655.989696627  451.572733465  316.208984315  221.40551524  153.504409404  104.75655131  70.0916336485  45.8487125413  29.240705503  18.1058628156  10.768958392  5.9393783074  2.61750136228  
2.50142282421  5.6720996972  10.2728941863  17.2449152321  27.7920689924  43.4549981447  66.1766149731  98.3655415638  142.971774249  203.585171896  284.48611458  390.124359835  521.359685031  655.989696627  655.989696627  521.359685031  390.124359835  284.48611458  203.585171896  142.971774249  98.3655415638  66.1766149731  43.4549981447  27.7920689924  17.2449152321  10.2728941863  5.6720996972  2.50142282421  
2.2854229311  5.17558481265  9.35395953112  15.6565483328  25.1347895443  39.0999492621  59.1389700461  87.0868152333  124.925331819  174.531163171  237.056377321  311.360447788  390.124359835  451.572733465  451.572733465  390.124359835  311.360447788  237.056377321  174.531163171  124.925331819  87.0868152333  59.1389700461  39.0999492621  25.1347895443  15.6565483328  9.35395953112  5.17558481265  2.2854229311  
1.99782118113  4.51618422589  8.13874425215  13.5687980339  21.6711558944  33.4884235929  50.2162773656  73.1145708446  103.315404586  141.456166732  187.003482494  237.056377321  284.48611458  316.208984315  316.208984315  284.48611458  237.056377321  187.003482494  141.456166732  103.315404586  73.1145708446  50.2162773656  33.4884235929  21.6711558944  13.5687980339  8.13874425215  4.51618422589  1.99782118113  
1.67261884284  3.77296212031  6.77619816591  11.245051057  17.8537687285  27.3843750588  40.6797654739  58.5330434575  81.4854838333  109.497406519  141.456166732  174.531163171  203.585171896  221.40551524  221.40551524  203.585171896  174.531163171  141.456166732  109.497406519  81.4854838333  58.5330434575  40.6797654739  27.3843750588  17.8537687285  11.245051057  6.77619816591  3.77296212031  1.67261884284  
1.3427264286  3.0217083204  5.40683246976  8.9281322486  14.0869249157  21.4413575107  31.5540024613  44.8876817867  61.6364629819  81.4854838333  103.315404586  124.925331819  142.971774249  153.504409404  153.504409404  142.971774249  124.925331819  103.315404586  81.4854838333  61.6364629819  44.8876817867  31.5540024613  21.4413575107  14.0869249157  8.9281322486  5.40683246976  3.0217083204  1.3427264286  
1.03476349359  2.32299171456  4.14074478123  6.80307005072  10.667268586  16.115084815  23.5053176539  33.0894743642  44.8876817867  58.5330434575  73.1145708446  87.0868152333  98.3655415638  104.75655131  104.75655131  98.3655415638  87.0868152333  73.1145708446  58.5330434575  44.8876817867  33.0894743642  23.5053176539  16.115084815  10.667268586  6.80307005072  4.14074478123  2.32299171456  1.03476349359  
0.766357811847  1.71626352792  3.04771708918  4.98266196166  7.766201096  11.6498972365  16.8539553375  23.5053176539  31.5540024613  40.6797654739  50.2162773656  59.1389700461  66.1766149731  70.0916336485  70.0916336485  66.1766149731  59.1389700461  50.2162773656  40.6797654739  31.5540024613  23.5053176539  16.8539553375  11.6498972365  7.766201096  4.98266196166  3.04771708918  1.71626352792  0.766357811847  
0.545890395735  1.2196634322  2.15803384116  3.51168817738  5.44292782391  8.1120941612  11.6498972365  16.115084815  21.4413575107  27.3843750588  33.4884235929  39.0999492621  43.4549981447  45.8487125413  45.8487125413  43.4549981447  39.0999492621  33.4884235929  27.3843750588  21.4413575107  16.115084815  11.6498972365  8.1120941612  5.44292782391  3.51168817738  2.15803384116  1.2196634322  0.545890395735  
0.373985280972  0.833743259336  1.47021820702  2.38211354437  3.67332834385  5.44292782391  7.766201096  10.667268586  14.0869249157  17.8537687285  21.6711558944  25.1347895443  27.7920689924  29.240705503  29.240705503  27.7920689924  25.1347895443  21.6711558944  17.8537687285  14.0869249157  10.667268586  7.766201096  5.44292782391  3.67332834385  2.38211354437  1.47021820702  0.833743259336  0.373985280972  
0.245826628132  0.546932415935  0.961501321256  1.55181818096  2.38211354437  3.51168817738  4.98266196166  6.80307005072  8.9281322486  11.245051057  13.5687980339  15.6565483328  17.2449152321  18.1058628156  18.1058628156  17.2449152321  15.6565483328  13.5687980339  11.245051057  8.9281322486  6.80307005072  4.98266196166  3.51168817738  2.38211354437  1.55181818096  0.961501321256  0.546932415935  0.245826628132  
0.153502872951  0.340925436875  0.597746762438  0.961501321256  1.47021820702  2.15803384116  3.04771708918  4.14074478123  5.40683246976  6.77619816591  8.13874425215  9.35395953112  10.2728941863  10.768958392  10.768958392  10.2728941863  9.35395953112  8.13874425215  6.77619816591  5.40683246976  4.14074478123  3.04771708918  2.15803384116  1.47021820702  0.961501321256  0.597746762438  0.340925436875  0.153502872951  
0.0878604534033  0.194861611827  0.340925436875  0.546932415935  0.833743259336  1.2196634322  1.71626352792  2.32299171456  3.0217083204  3.77296212031  4.51618422589  5.17558481265  5.6720996972  5.9393783074  5.9393783074  5.6720996972  5.17558481265  4.51618422589  3.77296212031  3.0217083204  2.32299171456  1.71626352792  1.2196634322  0.833743259336  0.546932415935  0.340925436875  0.194861611827  0.0878604534033  
0.0396518835357  0.0878604534033  0.153502872951  0.245826628132  0.373985280972  0.545890395735  0.766357811847  1.03476349359  1.3427264286  1.67261884284  1.99782118113  2.2854229311  2.50142282421  2.61750136228  2.61750136228  2.50142282421  2.2854229311  1.99782118113  1.67261884284  1.3427264286  1.03476349359  0.766357811847  0.545890395735  0.373985280972  0.245826628132  0.153502872951  0.0878604534033  0.0396518835357  
