0.137642406041  0.292805141327  0.482530171737  0.72259629082  1.02619191794  1.401953581  1.85149468308  2.36682046046  2.92830220737  3.50407704506  4.05172405388  4.52271959193  4.86944588243  5.05354528717  5.05354528717  4.86944588243  4.52271959193  4.05172405388  3.50407704506  2.92830220737  2.36682046046  1.85149468308  1.401953581  1.02619191794  0.72259629082  0.482530171737  0.292805141327  0.137642406041  
0.292805141327  0.623357415977  1.02849173449  1.54254706491  2.19458298332  3.00416485727  3.97594152531  5.0938279643  6.31623653145  7.57428985045  8.77501716614  9.81086994497  10.5753022798  10.9818416884  10.9818416884  10.5753022798  9.81086994497  8.77501716614  7.57428985045  6.31623653145  5.0938279643  3.97594152531  3.00416485727  2.19458298332  1.54254706491  1.02849173449  0.623357415977  0.292805141327  
0.482530171737  1.02849173449  1.70009708329  2.55596739914  3.64667068503  5.00769214024  6.65008804049  8.55006331462  10.6398530054  12.8033057614  14.8799830173  16.6807556101  18.0152274015  18.7268714186  18.7268714186  18.0152274015  16.6807556101  14.8799830173  12.8033057614  10.6398530054  8.55006331462  6.65008804049  5.00769214024  3.64667068503  2.55596739914  1.70009708329  1.02849173449  0.482530171737  
0.72259629082  1.54254706491  2.55596739914  3.85468883143  5.51988718411  7.61147362153  10.15336508  13.116232874  16.4011989927  19.829896371  23.1476305452  26.0458965664  28.2067622947  29.3637857451  29.3637857451  28.2067622947  26.0458965664  23.1476305452  19.829896371  16.4011989927  13.116232874  10.15336508  7.61147362153  5.51988718411  3.85468883143  2.55596739914  1.54254706491  0.72259629082  
1.02619191794  2.19458298332  3.64667068503  5.51988718411  7.93922874794  11.0022571962  14.7571383035  19.175399452  24.1239198411  29.3441178297  34.4495715317  38.9545403177  42.3418761734  44.1661135985  44.1661135985  42.3418761734  38.9545403177  34.4495715317  29.3441178297  24.1239198411  19.175399452  14.7571383035  11.0022571962  7.93922874794  5.51988718411  3.64667068503  2.19458298332  1.02619191794  
1.401953581  3.00416485727  5.00769214024  7.61147362153  11.0022571962  15.3346689417  20.70009947  27.0855099686  34.3271195627  42.0695012805  49.7474909559  56.6142926228  61.8384858153  64.6753262396  64.6753262396  61.8384858153  56.6142926228  49.7474909559  42.0695012805  34.3271195627  27.0855099686  20.70009947  15.3346689417  11.0022571962  7.61147362153  5.00769214024  3.00416485727  1.401953581  
1.85149468308  3.97594152531  6.65008804049  10.15336508  14.7571383035  20.70009947  28.1467266972  37.1280956346  47.4687650771  58.7112593218  70.0620499932  80.3991934294  88.3943826381  92.7890979765  92.7890979765  88.3943826381  80.3991934294  70.0620499932  58.7112593218  47.4687650771  37.1280956346  28.1467266972  20.70009947  14.7571383035  10.15336508  6.65008804049  3.97594152531  1.85149468308  
2.36682046046  5.0938279643  8.55006331462  13.116232874  19.175399452  27.0855099686  37.1280956346  49.4287837613  63.8487785605  79.8548967572  96.3938751768  111.830304021  124.055307164  130.901421492  130.901421492  124.055307164  111.830304021  96.3938751768  79.8548967572  63.8487785605  49.4287837613  37.1280956346  27.0855099686  19.175399452  13.116232874  8.55006331462  5.0938279643  2.36682046046  
2.92830220737  6.31623653145  10.6398530054  16.4011989927  24.1239198411  34.3271195627  47.4687650771  63.8487785605  83.4615774357  105.791608982  129.562867075  152.505056358  171.314988581  182.168266365  182.168266365  171.314988581  152.505056358  129.562867075  105.791608982  83.4615774357  63.8487785605  47.4687650771  34.3271195627  24.1239198411  16.4011989927  10.6398530054  6.31623653145  2.92830220737  
3.50407704506  7.57428985045  12.8033057614  19.829896371  29.3441178297  42.0695012805  58.7112593218  79.8548967572  105.791608982  136.235995101  169.89701372  203.901745193  233.257791707  251.068300925  251.068300925  233.257791707  203.901745193  169.89701372  136.235995101  105.791608982  79.8548967572  58.7112593218  42.0695012805  29.3441178297  19.829896371  12.8033057614  7.57428985045  3.50407704506  
4.05172405388  8.77501716614  14.8799830173  23.1476305452  34.4495715317  49.7474909559  70.0620499932  96.3938751768  129.562867075  169.89701372  216.637633378  266.848035987  313.672356444  344.680671168  344.680671168  313.672356444  266.848035987  216.637633378  169.89701372  129.562867075  96.3938751768  70.0620499932  49.7474909559  34.4495715317  23.1476305452  14.8799830173  8.77501716614  4.05172405388  
4.52271959193  9.81086994497  16.6807556101  26.0458965664  38.9545403177  56.6142926228  80.3991934294  111.830304021  152.505056358  203.901745193  266.848035987  340.088518924  416.62808093  475.842305091  475.842305091  416.62808093  340.088518924  266.848035987  203.901745193  152.505056358  111.830304021  80.3991934294  56.6142926228  38.9545403177  26.0458965664  16.6807556101  9.81086994497  4.52271959193  
4.86944588243  10.5753022798  18.0152274015  28.2067622947  42.3418761734  61.8384858153  88.3943826381  124.055307164  171.314988581  233.257791707  313.672356444  416.62808093  542.960178224  671.74440819  671.74440819  542.960178224  416.62808093  313.672356444  233.257791707  171.314988581  124.055307164  88.3943826381  61.8384858153  42.3418761734  28.2067622947  18.0152274015  10.5753022798  4.86944588243  
5.05354528717  10.9818416884  18.7268714186  29.3637857451  44.1661135985  64.6753262396  92.7890979765  130.901421492  182.168266365  251.068300925  344.680671168  475.842305091  671.74440819  1000.0  1000.0  671.74440819  475.842305091  344.680671168  251.068300925  182.168266365  130.901421492  92.7890979765  64.6753262396  44.1661135985  29.3637857451  18.7268714186  10.9818416884  5.05354528717  
5.05354528717  10.9818416884  18.7268714186  29.3637857451  44.1661135985  64.6753262396  92.7890979765  130.901421492  182.168266365  251.068300925  344.680671168  475.842305091  671.74440819  1000.0  1000.0  671.74440819  475.842305091  344.680671168  251.068300925  182.168266365  130.901421492  92.7890979765  64.6753262396  44.1661135985  29.3637857451  18.7268714186  10.9818416884  5.05354528717  
4.86944588243  10.5753022798  18.0152274015  28.2067622947  42.3418761734  61.8384858153  88.3943826381  124.055307164  171.314988581  233.257791707  313.672356444  416.62808093  542.960178224  671.74440819  671.74440819  542.960178224  416.62808093  313.672356444  233.257791707  171.314988581  124.055307164  88.3943826381  61.8384858153  42.3418761734  28.2067622947  18.0152274015  10.5753022798  4.86944588243  
4.52271959193  9.81086994497  16.6807556101  26.0458965664  38.9545403177  56.6142926228  80.3991934294  111.830304021  152.505056358  203.901745193  266.848035987  340.088518924  416.62808093  475.842305091  475.842305091  416.62808093  340.088518924  266.848035987  203.901745193  152.505056358  111.830304021  80.3991934294  56.6142926228  38.9545403177  26.0458965664  16.6807556101  9.81086994497  4.52271959193  
4.05172405388  8.77501716614  14.8799830173  23.1476305452  34.4495715317  49.7474909559  70.0620499932  96.3938751768  129.562867075  169.89701372  216.637633378  266.848035987  313.672356444  344.680671168  344.680671168  313.672356444  266.848035987  216.637633378  169.89701372  129.562867075  96.3938751768  70.0620499932  49.7474909559  34.4495715317  23.1476305452  14.8799830173  8.77501716614  4.05172405388  
3.50407704506  7.57428985045  12.8033057614  19.829896371  29.3441178297  42.0695012805  58.7112593218  79.8548967572  105.791608982  136.235995101  169.89701372  203.901745193  233.257791707  251.068300925  251.068300925  233.257791707  203.901745193  169.89701372  136.235995101  105.791608982  79.8548967572  58.7112593218  42.0695012805  29.3441178297  19.829896371  12.8033057614  7.57428985045  3.50407704506  
2.92830220737  6.31623653145  10.6398530054  16.4011989927  24.1239198411  34.3271195627  47.4687650771  63.8487785605  83.4615774357  105.791608982  129.562867075  152.505056358  171.314988581  182.168266365  182.168266365  171.314988581  152.505056358  129.562867075  105.791608982  83.4615774357  63.8487785605  47.4687650771  34.3271195627  24.1239198411  16.4011989927  10.6398530054  6.31623653145  2.92830220737  
2.36682046046  5.0938279643  8.55006331462  13.116232874  19.175399452  27.0855099686  37.1280956346  49.4287837613  63.8487785605  79.8548967572  96.3938751768  111.830304021  124.055307164  130.901421492  130.901421492  124.055307164  111.830304021  96.3938751768  79.8548967572  63.8487785605  49.4287837613  37.1280956346  27.0855099686  19.175399452  13.116232874  8.55006331462  5.0938279643  2.36682046046  
1.85149468308  3.97594152531  6.65008804049  10.15336508  14.7571383035  20.70009947  28.1467266972  37.1280956346  47.4687650771  58.7112593218  70.0620499932  80.3991934294  88.3943826381  92.7890979765  92.7890979765  88.3943826381  80.3991934294  70.0620499932  58.7112593218  47.4687650771  37.1280956346  28.1467266972  20.70009947  14.7571383035  10.15336508  6.65008804049  3.97594152531  1.85149468308  
1.401953581  3.00416485727  5.00769214024  7.61147362153  11.0022571962  15.3346689417  20.70009947  27.0855099686  34.3271195627  42.0695012805  49.7474909559  56.6142926228  61.8384858153  64.6753262396  64.6753262396  61.8384858153  56.6142926228  49.7474909559  42.0695012805  34.3271195627  27.0855099686  20.70009947  15.3346689417  11.0022571962  7.61147362153  5.00769214024  3.00416485727  1.401953581  
1.02619191794  2.19458298332  3.64667068503  5.51988718411  7.93922874794  11.0022571962  14.7571383035  19.175399452  24.1239198411  29.3441178297  34.4495715317  38.9545403177  42.3418761734  44.1661135985  44.1661135985  42.3418761734  38.9545403177  34.4495715317  29.3441178297  24.1239198411  19.175399452  14.7571383035  11.0022571962  7.93922874794  5.51988718411  3.64667068503  2.19458298332  1.02619191794  
0.72259629082  1.54254706491  2.55596739914  3.85468883143  5.51988718411  7.61147362153  10.15336508  13.116232874  16.4011989927  19.829896371  23.1476305452  26.0458965664  28.2067622947  29.3637857451  29.3637857451  28.2067622947  26.0458965664  23.1476305452  19.829896371  16.4011989927  13.116232874  10.15336508  7.61147362153  5.51988718411  3.85468883143  2.55596739914  1.54254706491  0.72259629082  
0.482530171737  1.02849173449  1.70009708329  2.55596739914  3.64667068503  5.00769214024  6.65008804049  8.55006331462  10.6398530054  12.8033057614  14.8799830173  16.6807556101  18.0152274015  18.7268714186  18.7268714186  18.0152274015  16.6807556101  14.8799830173  12.8033057614  10.6398530054  8.55006331462  6.65008804049  5.00769214024  3.64667068503  2.55596739914  1.70009708329  1.02849173449  0.482530171737  
0.292805141327  0.623357415977  1.02849173449  1.54254706491  2.19458298332  3.00416485727  3.97594152531  5.0938279643  6.31623653145  7.57428985045  8.77501716614  9.81086994497  10.5753022798  10.9818416884  10.9818416884  10.5753022798  9.81086994497  8.77501716614  7.57428985045  6.31623653145  5.0938279643  3.97594152531  3.00416485727  2.19458298332  1.54254706491  1.02849173449  0.623357415977  0.292805141327  
0.137642406041  0.292805141327  0.482530171737  0.72259629082  1.02619191794  1.401953581  1.85149468308  2.36682046046  2.92830220737  3.50407704506  4.05172405388  4.52271959193  4.86944588243  5.05354528717  5.05354528717  4.86944588243  4.52271959193  4.05172405388  3.50407704506  2.92830220737  2.36682046046  1.85149468308  1.401953581  1.02619191794  0.72259629082  0.482530171737  0.292805141327  0.137642406041  
