0.00235093705211  0.00583344460639  0.0118607759086  0.0223707740215  0.0399611164393  0.0678035475877  0.109198477171  0.166673068694  0.240677277108  0.328191266123  0.421834504807  0.510177059771  0.579694268511  0.618122260745  0.618122260745  0.579694268511  0.510177059771  0.421834504807  0.328191266123  0.240677277108  0.166673068694  0.109198477171  0.0678035475877  0.0399611164393  0.0223707740215  0.0118607759086  0.00583344460639  0.00235093705211  
0.00583344460639  0.0144895900296  0.0295041963787  0.0557470927512  0.0997819624322  0.169679489482  0.273925553917  0.419157670275  0.606833208403  0.829592620634  1.06882036119  1.29525771627  1.47392794032  1.57287253638  1.57287253638  1.47392794032  1.29525771627  1.06882036119  0.829592620634  0.606833208403  0.419157670275  0.273925553917  0.169679489482  0.0997819624322  0.0557470927512  0.0295041963787  0.0144895900296  0.00583344460639  
0.0118607759086  0.0295041963787  0.0602044873393  0.114044944094  0.20472365917  0.349256313484  0.565805731862  0.869014803449  1.26295011101  1.73314795945  2.24091548528  2.72401207699  3.1068276215  3.31943216245  3.31943216245  3.1068276215  2.72401207699  2.24091548528  1.73314795945  1.26295011101  0.869014803449  0.565805731862  0.349256313484  0.20472365917  0.114044944094  0.0602044873393  0.0295041963787  0.0118607759086  
0.0223707740215  0.0557470927512  0.114044944094  0.216705689253  0.390397084307  0.66866533703  1.08799146138  1.67888004723  2.4519102548  3.38135939134  4.39250766711  5.3612559559  6.13344930622  6.56403380297  6.56403380297  6.13344930622  5.3612559559  4.39250766711  3.38135939134  2.4519102548  1.67888004723  1.08799146138  0.66866533703  0.390397084307  0.216705689253  0.114044944094  0.0557470927512  0.0223707740215  
0.0399611164393  0.0997819624322  0.20472365917  0.390397084307  0.706202489905  1.21520647058  1.98751023939  3.08423485638  4.53134450923  6.28736030093  8.2159869814  10.0808381545  11.5792514254  12.4194815046  12.4194815046  11.5792514254  10.0808381545  8.2159869814  6.28736030093  4.53134450923  3.08423485638  1.98751023939  1.21520647058  0.706202489905  0.390397084307  0.20472365917  0.0997819624322  0.0399611164393  
0.0678035475877  0.169679489482  0.349256313484  0.66866533703  1.21520647058  2.10223750308  3.45897545124  5.40349844329  7.99617521718  11.1787303844  14.7171400948  18.1806115424  20.9942389231  22.5845966835  22.5845966835  20.9942389231  18.1806115424  14.7171400948  11.1787303844  7.99617521718  5.40349844329  3.45897545124  2.10223750308  1.21520647058  0.66866533703  0.349256313484  0.169679489482  0.0678035475877  
0.109198477171  0.273925553917  0.565805731862  1.08799146138  1.98751023939  3.45897545124  5.73066362318  9.0222852087  13.4670231985  19.0020820199  25.2540512007  31.4748103706  36.6067574873  39.541725808  39.541725808  36.6067574873  31.4748103706  25.2540512007  19.0020820199  13.4670231985  9.0222852087  5.73066362318  3.45897545124  1.98751023939  1.08799146138  0.565805731862  0.273925553917  0.109198477171  
0.166673068694  0.419157670275  0.869014803449  1.67888004723  3.08423485638  5.40349844329  9.0222852087  14.3333082502  21.6151988164  30.847468328  41.4913231257  52.3205306483  61.4537804076  66.7718497838  66.7718497838  61.4537804076  52.3205306483  41.4913231257  30.847468328  21.6151988164  14.3333082502  9.0222852087  5.40349844329  3.08423485638  1.67888004723  0.869014803449  0.419157670275  0.166673068694  
0.240677277108  0.606833208403  1.26295011101  2.4519102548  4.53134450923  7.99617521718  13.4670231985  21.6151988164  32.9918076664  47.7390328122  65.1981905323  83.5113382373  99.464955018  109.026177396  109.026177396  99.464955018  83.5113382373  65.1981905323  47.7390328122  32.9918076664  21.6151988164  13.4670231985  7.99617521718  4.53134450923  2.4519102548  1.26295011101  0.606833208403  0.240677277108  
0.328191266123  0.829592620634  1.73314795945  3.38135939134  6.28736030093  11.1787303844  19.0020820199  30.847468328  47.7390328122  70.2339624772  97.7884266235  127.925079211  155.479274478  172.812219698  172.812219698  155.479274478  127.925079211  97.7884266235  70.2339624772  47.7390328122  30.847468328  19.0020820199  11.1787303844  6.28736030093  3.38135939134  1.73314795945  0.829592620634  0.328191266123  
0.421834504807  1.06882036119  2.24091548528  4.39250766711  8.2159869814  14.7171400948  25.2540512007  41.4913231257  65.1981905323  97.7884266235  139.452928347  187.684715933  235.108033124  267.568059787  267.568059787  235.108033124  187.684715933  139.452928347  97.7884266235  65.1981905323  41.4913231257  25.2540512007  14.7171400948  8.2159869814  4.39250766711  2.24091548528  1.06882036119  0.421834504807  
0.510177059771  1.29525771627  2.72401207699  5.3612559559  10.0808381545  18.1806115424  31.4748103706  52.3205306483  83.5113382373  127.925079211  187.684715933  262.231759376  343.901531119  408.876301299  408.876301299  343.901531119  262.231759376  187.684715933  127.925079211  83.5113382373  52.3205306483  31.4748103706  18.1806115424  10.0808381545  5.3612559559  2.72401207699  1.29525771627  0.510177059771  
0.579694268511  1.47392794032  3.1068276215  6.13344930622  11.5792514254  20.9942389231  36.6067574873  61.4537804076  99.464955018  155.479274478  235.108033124  343.901531119  482.99184665  627.805154645  627.805154645  482.99184665  343.901531119  235.108033124  155.479274478  99.464955018  61.4537804076  36.6067574873  20.9942389231  11.5792514254  6.13344930622  3.1068276215  1.47392794032  0.579694268511  
0.618122260745  1.57287253638  3.31943216245  6.56403380297  12.4194815046  22.5845966835  39.541725808  66.7718497838  109.026177396  172.812219698  267.568059787  408.876301299  627.805154645  1000.0  1000.0  627.805154645  408.876301299  267.568059787  172.812219698  109.026177396  66.7718497838  39.541725808  22.5845966835  12.4194815046  6.56403380297  3.31943216245  1.57287253638  0.618122260745  
0.618122260745  1.57287253638  3.31943216245  6.56403380297  12.4194815046  22.5845966835  39.541725808  66.7718497838  109.026177396  172.812219698  267.568059787  408.876301299  627.805154645  1000.0  1000.0  627.805154645  408.876301299  267.568059787  172.812219698  109.026177396  66.7718497838  39.541725808  22.5845966835  12.4194815046  6.56403380297  3.31943216245  1.57287253638  0.618122260745  
0.579694268511  1.47392794032  3.1068276215  6.13344930622  11.5792514254  20.9942389231  36.6067574873  61.4537804076  99.464955018  155.479274478  235.108033124  343.901531119  482.99184665  627.805154645  627.805154645  482.99184665  343.901531119  235.108033124  155.479274478  99.464955018  61.4537804076  36.6067574873  20.9942389231  11.5792514254  6.13344930622  3.1068276215  1.47392794032  0.579694268511  
0.510177059771  1.29525771627  2.72401207699  5.3612559559  10.0808381545  18.1806115424  31.4748103706  52.3205306483  83.5113382373  127.925079211  187.684715933  262.231759376  343.901531119  408.876301299  408.876301299  343.901531119  262.231759376  187.684715933  127.925079211  83.5113382373  52.3205306483  31.4748103706  18.1806115424  10.0808381545  5.3612559559  2.72401207699  1.29525771627  0.510177059771  
0.421834504807  1.06882036119  2.24091548528  4.39250766711  8.2159869814  14.7171400948  25.2540512007  41.4913231257  65.1981905323  97.7884266235  139.452928347  187.684715933  235.108033124  267.568059787  267.568059787  235.108033124  187.684715933  139.452928347  97.7884266235  65.1981905323  41.4913231257  25.2540512007  14.7171400948  8.2159869814  4.39250766711  2.24091548528  1.06882036119  0.421834504807  
0.328191266123  0.829592620634  1.73314795945  3.38135939134  6.28736030093  11.1787303844  19.0020820199  30.847468328  47.7390328122  70.2339624772  97.7884266235  127.925079211  155.479274478  172.812219698  172.812219698  155.479274478  127.925079211  97.7884266235  70.2339624772  47.7390328122  30.847468328  19.0020820199  11.1787303844  6.28736030093  3.38135939134  1.73314795945  0.829592620634  0.328191266123  
0.240677277108  0.606833208403  1.26295011101  2.4519102548  4.53134450923  7.99617521718  13.4670231985  21.6151988164  32.9918076664  47.7390328122  65.1981905323  83.5113382373  99.464955018  109.026177396  109.026177396  99.464955018  83.5113382373  65.1981905323  47.7390328122  32.9918076664  21.6151988164  13.4670231985  7.99617521718  4.53134450923  2.4519102548  1.26295011101  0.606833208403  0.240677277108  
0.166673068694  0.419157670275  0.869014803449  1.67888004723  3.08423485638  5.40349844329  9.0222852087  14.3333082502  21.6151988164  30.847468328  41.4913231257  52.3205306483  61.4537804076  66.7718497838  66.7718497838  61.4537804076  52.3205306483  41.4913231257  30.847468328  21.6151988164  14.3333082502  9.0222852087  5.40349844329  3.08423485638  1.67888004723  0.869014803449  0.419157670275  0.166673068694  
0.109198477171  0.273925553917  0.565805731862  1.08799146138  1.98751023939  3.45897545124  5.73066362318  9.0222852087  13.4670231985  19.0020820199  25.2540512007  31.4748103706  36.6067574873  39.541725808  39.541725808  36.6067574873  31.4748103706  25.2540512007  19.0020820199  13.4670231985  9.0222852087  5.73066362318  3.45897545124  1.98751023939  1.08799146138  0.565805731862  0.273925553917  0.109198477171  
0.0678035475877  0.169679489482  0.349256313484  0.66866533703  1.21520647058  2.10223750308  3.45897545124  5.40349844329  7.99617521718  11.1787303844  14.7171400948  18.1806115424  20.9942389231  22.5845966835  22.5845966835  20.9942389231  18.1806115424  14.7171400948  11.1787303844  7.99617521718  5.40349844329  3.45897545124  2.10223750308  1.21520647058  0.66866533703  0.349256313484  0.169679489482  0.0678035475877  
0.0399611164393  0.0997819624322  0.20472365917  0.390397084307  0.706202489905  1.21520647058  1.98751023939  3.08423485638  4.53134450923  6.28736030093  8.2159869814  10.0808381545  11.5792514254  12.4194815046  12.4194815046  11.5792514254  10.0808381545  8.2159869814  6.28736030093  4.53134450923  3.08423485638  1.98751023939  1.21520647058  0.706202489905  0.390397084307  0.20472365917  0.0997819624322  0.0399611164393  
0.0223707740215  0.0557470927512  0.114044944094  0.216705689253  0.390397084307  0.66866533703  1.08799146138  1.67888004723  2.4519102548  3.38135939134  4.39250766711  5.3612559559  6.13344930622  6.56403380297  6.56403380297  6.13344930622  5.3612559559  4.39250766711  3.38135939134  2.4519102548  1.67888004723  1.08799146138  0.66866533703  0.390397084307  0.216705689253  0.114044944094  0.0557470927512  0.0223707740215  
0.0118607759086  0.0295041963787  0.0602044873393  0.114044944094  0.20472365917  0.349256313484  0.565805731862  0.869014803449  1.26295011101  1.73314795945  2.24091548528  2.72401207699  3.1068276215  3.31943216245  3.31943216245  3.1068276215  2.72401207699  2.24091548528  1.73314795945  1.26295011101  0.869014803449  0.565805731862  0.349256313484  0.20472365917  0.114044944094  0.0602044873393  0.0295041963787  0.0118607759086  
0.00583344460639  0.0144895900296  0.0295041963787  0.0557470927512  0.0997819624322  0.169679489482  0.273925553917  0.419157670275  0.606833208403  0.829592620634  1.06882036119  1.29525771627  1.47392794032  1.57287253638  1.57287253638  1.47392794032  1.29525771627  1.06882036119  0.829592620634  0.606833208403  0.419157670275  0.273925553917  0.169679489482  0.0997819624322  0.0557470927512  0.0295041963787  0.0144895900296  0.00583344460639  
0.00235093705211  0.00583344460639  0.0118607759086  0.0223707740215  0.0399611164393  0.0678035475877  0.109198477171  0.166673068694  0.240677277108  0.328191266123  0.421834504807  0.510177059771  0.579694268511  0.618122260745  0.618122260745  0.579694268511  0.510177059771  0.421834504807  0.328191266123  0.240677277108  0.166673068694  0.109198477171  0.0678035475877  0.0399611164393  0.0223707740215  0.0118607759086  0.00583344460639  0.00235093705211  
