0.00961073942112  0.0224719029697  0.0422647497427  0.073396652028  0.121006875433  0.190517411244  0.286602500864  0.411585197663  0.563516053244  0.734499318534  0.910070586221  1.07039907375  1.19362524757  1.26077740461  
0.0224719029697  0.0525980401882  0.0990747276783  0.172368971411  0.28477171415  0.449376124802  0.677658518016  0.975643594516  1.33921841114  1.74992375919  2.17318702249  2.56097922104  2.85982832844  3.02297313864  
0.0422647497427  0.0990747276783  0.187033090981  0.326280919045  0.540715232295  0.856159296109  1.29580202833  1.87275827296  2.58070431745  3.38508306219  4.21879799394  4.98664787396  5.58092957406  5.90628156933  
0.073396652028  0.172368971411  0.326280919045  0.571100535489  0.950054697287  1.51069006995  2.29698527029  3.33598698096  4.62033795283  6.09093398391  7.62694730468  9.05182264844  10.1612643011  10.7711283277  
0.121006875433  0.28477171415  0.540715232295  0.950054697287  1.58746581972  2.536797185  3.87828042605  5.66579726655  7.89575538335  10.4741280169  13.1941951081  15.7416671521  17.7415139891  18.8471042893  
0.190517411244  0.449376124802  0.856159296109  1.51069006995  2.536797185  4.07679648571  6.27211024157  9.226659032  12.9538964809  17.3164004786  21.9780830199  26.3996860447  29.9100935213  31.866529094  
0.286602500864  0.677658518016  1.29580202833  2.29698527029  3.87828042605  6.27211024157  9.71919543542  14.4132323475  20.4153889564  27.5482078984  35.2973789039  42.7735118068  48.8033724679  52.2041246772  
0.411585197663  0.975643594516  1.87275827296  3.33598698096  5.66579726655  9.226659032  14.4132323475  21.573177996  30.8779461812  42.1463783199  54.6533679194  67.0011172663  77.1880577868  83.0388613382  
0.563516053244  1.33921841114  2.58070431745  4.62033795283  7.89575538335  12.9538964809  20.4153889564  30.8779461812  44.7377535196  61.9176631205  81.520350373  101.493121818  118.526429465  128.599232645  
0.734499318534  1.74992375919  3.38508306219  6.09093398391  10.4741280169  17.3164004786  27.5482078984  42.1463783199  61.9176631205  87.1252400882  116.9231259  148.621783882  177.025955595  194.667245373  
0.910070586221  2.17318702249  4.21879799394  7.62694730468  13.1941951081  21.9780830199  35.2973789039  54.6533679194  81.520350373  116.9231259  160.663825632  209.992320397  257.600133315  289.80853268  
1.07039907375  2.56097922104  4.98664787396  9.05182264844  15.7416671521  26.3996860447  42.7735118068  67.0011172663  101.493121818  148.621783882  209.992320397  284.704689753  365.2065038  428.621759001  
1.19362524757  2.85982832844  5.58092957406  10.1612643011  17.7415139891  29.9100935213  48.8033724679  77.1880577868  118.526429465  177.025955595  257.600133315  365.2065038  500.801265449  640.923365705  
1.26077740461  3.02297313864  5.90628156933  10.7711283277  18.8471042893  31.866529094  52.2041246772  83.0388613382  128.599232645  194.667245373  289.80853268  428.621759001  640.923365705  1000.0  
