0.0154153683941  0.0353771742448  0.0648789566255  0.109628028644  0.175944530644  0.270117680022  0.397116578065  0.558723856753  0.751433194852  0.964763125194  1.18084584883  1.37605892085  1.52493752346  1.60568934002  
0.0353771742448  0.0812698249769  0.149264665835  0.252678769759  0.406372490894  0.625297468957  0.921512800829  1.29978585254  1.75253137936  2.25560417271  2.7670190532  3.23055526065  3.58500652947  3.77759566176  
0.0648789566255  0.149264665835  0.274754410872  0.466378531127  0.752388796102  1.16168001142  1.71826643603  2.43290558202  3.29315154801  4.25464161942  5.23769555714  6.13339596662  6.82125134201  7.19605853086  
0.109628028644  0.252678769759  0.466378531127  0.794320854749  1.28641440986  1.99475244914  2.96423232804  4.2177946825  5.73817052609  7.45083668814  9.21560970281  10.8352671441  12.0866261195  12.7712682239  
0.175944530644  0.406372490894  0.752388796102  1.28641440986  2.09274063649  3.26144478046  4.87341716064  6.97568569887  9.54937781006  12.4775288229  15.5254571569  18.349898379  20.5501758971  21.7608808142  
0.270117680022  0.625297468957  1.16168001142  1.99475244914  3.26144478046  5.11200505325  7.68756750563  11.0809992486  15.2830506546  20.1236138448  25.2282515809  30.0196772144  33.7948768717  35.8891207033  
0.397116578065  0.921512800829  1.71826643603  2.96423232804  4.87341716064  7.68756750563  11.645015673  16.9221968286  23.5475779407  31.2987834055  39.6113150962  47.5491953623  53.9037936107  57.4712408332  
0.558723856753  1.29978585254  2.43290558202  4.2177946825  6.97568569887  11.0809992486  16.9221968286  24.8208382891  34.9025153395  46.9261233435  60.1034669543  72.9837874369  83.5328703173  89.5643082152  
0.751433194852  1.75253137936  3.29315154801  5.73817052609  9.54937781006  15.2830506546  23.5475779407  34.9025153395  49.6812167044  67.7281430886  88.0687584017  108.594557711  125.976794985  136.210743401  
0.964763125194  2.25560417271  4.25464161942  7.45083668814  12.4775288229  20.1236138448  31.2987834055  46.9261233435  67.7281430886  93.8665309832  124.400939809  156.585632892  185.233847749  202.952104202  
1.18084584883  2.7670190532  5.23769555714  9.21560970281  15.5254571569  25.2282515809  39.6113150962  60.1034669543  88.0687584017  124.400939809  168.782831712  218.402604637  265.998238872  298.074941979  
1.37605892085  3.23055526065  6.13339596662  10.8352671441  18.349898379  30.0196772144  47.5491953623  72.9837874369  108.594557711  156.585632892  218.402604637  293.053215804  373.048680832  435.860402226  
1.52493752346  3.58500652947  6.82125134201  12.0866261195  20.5501758971  33.7948768717  53.9037936107  83.5328703173  125.976794985  185.233847749  265.998238872  373.048680832  507.300663808  645.694807346  
1.60568934002  3.77759566176  7.19605853086  12.7712682239  21.7608808142  35.8891207033  57.4712408332  89.5643082152  136.210743401  202.952104202  298.074941979  435.860402226  645.694807346  1000.0  
