0.00674777460013  0.0160069458171  0.0306901389289  0.0544070366863  0.0915250692855  0.14684036731  0.224722066074  0.327701496024  0.454702014736  0.599408608848  0.749532636095  0.887737911474  0.994583871563  1.05301617555  
0.0160069458171  0.0380108112219  0.0729884053243  0.129630385373  0.218521000337  0.351386769889  0.539065724984  0.788094309404  1.09634318662  1.44888561024  1.81596140487  2.15501377374  2.41783950662  2.56182976617  
0.0306901389289  0.0729884053243  0.140461874109  0.250137143562  0.422951782941  0.682406997448  1.05068604402  1.54193442019  2.15341931395  2.85681472913  3.59337354512  4.27725741833  4.8096670535  5.10218535672  
0.0544070366863  0.129630385373  0.250137143562  0.446917227816  0.758536054825  1.22898506176  1.9008772301  2.80319501253  3.93457099422  5.24595290114  6.62967749498  7.92365322239  8.93707436461  9.49613766313  
0.0915250692855  0.218521000337  0.422951782941  0.758536054825  1.2930553981  2.10529547268  3.27388925658  4.8561915339  6.85813162658  9.2010327094  11.6976844305  14.0546148311  15.9156279889  16.9481069662  
0.14684036731  0.351386769889  0.682406997448  1.22898506176  2.10529547268  3.44691206077  5.39377878253  8.05579965371  11.4610059568  15.494412117  19.8473701966  24.0086914112  27.3314141562  29.1897504263  
0.224722066074  0.539065724984  1.05068604402  1.9008772301  3.27388925658  5.39377878253  8.50060843123  12.7979826559  18.3686716706  25.0667990716  32.4148483278  39.5587967618  45.3532386717  48.6325657861  
0.327701496024  0.788094309404  1.54193442019  2.80319501253  4.8561915339  8.05579965371  12.7979826559  19.4461633547  28.202888046  38.9300761625  50.9499443991  62.9061555735  72.824371835  78.5402953473  
0.454702014736  1.09634318662  2.15341931395  3.93457099422  6.85813162658  11.4610059568  18.3686716706  28.202888046  41.4034420027  57.9505956663  77.0061365317  96.5626336577  113.32947648  123.277689611  
0.599408608848  1.44888561024  2.85681472913  5.24595290114  9.2010327094  15.494412117  25.0667990716  38.9300761625  57.9505956663  82.4669807666  111.706617698  143.027326157  171.233951977  188.808133086  
0.749532636095  1.81596140487  3.59337354512  6.62967749498  11.6976844305  19.8473701966  32.4148483278  50.9499443991  77.0061365317  111.706617698  154.946910588  204.029918321  251.62052835  283.910709466  
0.887737911474  2.15501377374  4.27725741833  7.92365322239  14.0546148311  24.0086914112  39.5587967618  62.9061555735  96.5626336577  143.027326157  204.029918321  278.746931359  359.587105721  423.425429563  
0.994583871563  2.41783950662  4.8096670535  8.93707436461  15.9156279889  27.3314141562  45.3532386717  72.824371835  113.32947648  171.233951977  251.62052835  359.587105721  496.12621971  637.486156242  
1.05301617555  2.56182976617  5.10218535672  9.49613766313  16.9481069662  29.1897504263  48.6325657861  78.5402953473  123.277689611  188.808133086  283.910709466  423.425429563  637.486156242  1000.0  
