0.0487861436125  0.107319014484  0.185593381725  0.29381352473  0.44181715646  0.637798990663  0.886334893125  1.18595593323  1.52682515535  1.8893411062  2.24458690659  2.55730101394  2.79137772656  2.91691757348  
0.107319014484  0.23629266302  0.40919861152  0.648923832446  0.977747798585  1.41453698836  1.970313044  2.64270322765  3.41047659082  4.23003194333  5.03601053826  5.74775975223  6.2818950544  6.56884279874  
0.185593381725  0.40919861152  0.710115771179  1.12910696959  1.70644113614  2.4770696873  3.46275571296  4.66191396998  6.03918292961  7.5180730455  8.9808561168  10.279384048  11.2580158442  11.7852311068  
0.29381352473  0.648923832446  1.12910696959  1.8013178177  2.7329418445  3.98428053745  5.59574557394  7.57066387386  9.85668628903  12.3312358782  14.7983944904  17.0046816779  18.6775919537  19.5825182083  
0.44181715646  0.977747798585  1.70644113614  2.7329418445  4.16528011571  6.10355933025  8.62028862671  11.7326803161  15.3708252661  19.3498834274  23.3586882452  26.9792183264  29.7475918789  31.2537291401  
0.637798990663  1.41453698836  2.4770696873  3.98428053745  6.10355933025  8.99605507353  12.7881042884  17.5286317337  23.136732558  29.3503631975  35.6954486316  41.5020026406  45.9935285912  48.4572821545  
0.886334893125  1.970313044  3.46275571296  5.59574557394  8.62028862671  12.7881042884  18.3127332811  25.3074879004  33.7029802636  43.1563883652  52.9792201454  62.1287466077  69.3218712685  73.3154111344  
1.18595593323  2.64270322765  4.66191396998  7.57066387386  11.7326803161  17.5286317337  25.3074879004  35.3022373159  47.5077233859  61.5288991305  76.4290170994  90.644413177  102.083076251  108.552020286  
1.52682515535  3.41047659082  6.03918292961  9.85668628903  15.3708252661  23.136732558  33.7029802636  47.5077233859  64.712530666  84.9677866555  107.124777528  128.966387634  147.150644557  157.743498188  
1.8893411062  4.23003194333  7.5180730455  12.3312358782  19.3498834274  29.3503631975  43.1563883652  61.5288991305  84.9677866555  113.390240586  145.649462424  178.901769341  208.027215292  225.858969339  
2.24458690659  5.03601053826  8.9808561168  14.7983944904  23.3586882452  35.6954486316  52.9792201454  76.4290170994  107.124777528  145.649462424  191.426925474  241.543295015  288.906949159  320.533161557  
2.55730101394  5.74775975223  10.279384048  17.0046816779  26.9792183264  41.5020026406  62.1287466077  90.644413177  128.966387634  178.901769341  241.543295015  315.724661402  394.172283891  455.288242715  
2.79137772656  6.2818950544  11.2580158442  18.6775919537  29.7475918789  45.9935285912  69.3218712685  102.083076251  147.150644557  208.027215292  288.906949159  394.172283891  524.675161343  658.412576056  
2.91691757348  6.56884279874  11.7852311068  19.5825182083  31.2537291401  48.4572821545  73.3154111344  108.552020286  157.743498188  225.858969339  320.533161557  455.288242715  658.412576056  1000.0  
