0.155698949422  0.330010292264  0.54093626081  0.804959200182  1.13560551274  1.54140370234  2.02337519421  2.57246596808  3.16759753097  3.77519843179  4.35105060161  4.84492846946  5.20777828428  5.40020902509  
0.330010292264  0.699991497058  1.14872892061  1.71198033691  2.41946933117  3.29050837956  4.32850471036  5.51518584364  6.80599800543  8.12859729155  9.38639783623  10.4684582696  11.2653958441  11.6887130801  
0.54093626081  1.14872892061  1.88858137649  2.82126410522  3.99830469326  5.45471260521  7.19953629835  9.20552997517  11.4003214214  13.6624515217  15.8260308684  17.6969003529  19.080532334  19.8174994717  
0.804959200182  1.71198033691  2.82126410522  4.22752561563  6.01313496678  8.23717768208  10.920618337  14.0292170402  17.4576778704  21.0203942251  24.4554137791  27.4477222621  29.6742116836  30.8649243999  
1.13560551274  2.41946933117  3.99830469326  6.01313496678  8.59027917829  11.8259373011  15.7641333307  20.3697655506  25.501282256  30.8908608359  36.143142652  40.7647446099  44.2328054519  46.098249302  
1.54140370234  3.29050837956  5.45471260521  8.23717768208  11.8259373011  16.3734643736  21.9655003595  28.5803374732  36.0435157224  43.9883297744  51.8392702498  58.8413949467  64.1579526438  67.0414638051  
2.02337519421  4.32850471036  7.19953629835  10.920618337  15.7641333307  21.9655003595  29.6816437829  38.9325295736  49.5294957191  61.0017200389  72.5443303604  83.0277201669  91.1201704814  95.5630370833  
2.57246596808  5.51518584364  9.20552997517  14.0292170402  20.3697655506  28.5803374732  38.9325295736  51.5379159376  66.2415238717  82.4946251257  99.2320520843  114.812544566  127.128122092  134.016871444  
3.16759753097  6.80599800543  11.4003214214  17.4576778704  25.501282256  36.0435157224  49.5294957191  66.2415238717  86.1542502592  108.733931797  132.692240912  155.756243261  174.631358711  185.509841743  
3.77519843179  8.12859729155  13.6624515217  21.0203942251  30.8908608359  43.9883297744  61.0017200389  82.4946251257  108.733931797  139.412309982  173.225161197  207.300711108  236.66693836  254.464331847  
4.35105060161  9.38639783623  15.8260308684  24.4554137791  36.143142652  51.8392702498  72.5443303604  99.2320520843  132.692240912  173.225161197  220.054489411  270.246011882  316.978226384  347.895019495  
4.84492846946  10.4684582696  17.6969003529  27.4477222621  40.7647446099  58.8413949467  83.0277201669  114.812544566  155.756243261  207.300711108  270.246011882  343.330910867  419.599823693  478.555589067  
5.20777828428  11.2653958441  19.080532334  29.6742116836  44.2328054519  64.1579526438  91.1201704814  127.128122092  174.631358711  236.66693836  316.978226384  419.599823693  545.367385383  673.495959467  
5.40020902509  11.6887130801  19.8174994717  30.8649243999  46.098249302  67.0414638051  95.5630370833  134.016871444  185.509841743  254.464331847  347.895019495  478.555589067  673.495959467  1000.0  
