2.06147990552e-05  6.41381314861e-05  0.000171581580759  0.000427221311579  0.000995301035746  0.00216470468545  0.00438103146342  0.00822148625449  0.0142527175255  0.0227371643692  0.0332482720254  0.0443975585918  0.0539567405615  0.0595252434954  
6.41381314861e-05  0.000199631041712  0.000534389621332  0.00133173303341  0.0031060055495  0.00676457876573  0.0137127147187  0.025781316432  0.0447860749241  0.0716008881939  0.104924296098  0.14037759505  0.170853753129  0.188639081739  
0.000171581580759  0.000534389621332  0.00143187845012  0.0035729006064  0.00834653263029  0.0182136312369  0.0370070888832  0.0697618220459  0.121542418375  0.194916071373  0.286511030015  0.384391760914  0.468857024329  0.518283374441  
0.000427221311579  0.00133173303341  0.0035729006064  0.00893013183164  0.0209045551822  0.0457316422599  0.0931932634093  0.176272806421  0.308266635156  0.496345974313  0.732527835015  0.986413136082  1.20665703126  1.33602342644  
0.000995301035746  0.0031060055495  0.00834653263029  0.0209045551822  0.0490605642893  0.107657935843  0.220188300605  0.418234090011  0.734863522167  1.18924585616  1.76425320529  2.387230928  2.93154701621  3.25295611606  
0.00216470468545  0.00676457876573  0.0182136312369  0.0457316422599  0.107657935843  0.237125172147  0.487135330402  0.930072946279  1.64380972438  2.67737165203  3.99851772066  5.44500670228  6.72143937707  7.48086671833  
0.00438103146342  0.0137127147187  0.0370070888832  0.0931932634093  0.220188300605  0.487135330402  1.00607705155  1.93297570323  3.44121822645  5.65060433838  8.51212989606  11.6900569246  14.5338421526  16.2448079604  
0.00822148625449  0.025781316432  0.0697618220459  0.176272806421  0.418234090011  0.930072946279  1.93297570323  3.74195220062  6.7212455274  11.1498407083  16.985558862  23.5940584084  29.6280096405  33.321286809  
0.0142527175255  0.0447860749241  0.121542418375  0.308266635156  0.734863522167  1.64380972438  3.44121822645  6.7212455274  12.2034016677  20.5041020158  31.6931976037  44.7094833941  56.9516709701  64.6544274193  
0.0227371643692  0.0716008881939  0.194916071373  0.496345974313  1.18924585616  2.67737165203  5.65060433838  11.1498407083  20.5041020158  34.9959542837  55.1170114427  79.4125749332  103.301204912  119.043052375  
0.0332482720254  0.104924296098  0.286511030015  0.732527835015  1.76425320529  3.99851772066  8.51212989606  16.985558862  31.6931976037  55.1170114427  88.8931022403  131.8214464  176.966227676  209.211123626  
0.0443975585918  0.14037759505  0.384391760914  0.986413136082  2.387230928  5.44500670228  11.6900569246  23.5940584084  44.7094833941  79.4125749332  131.8214464  203.160308888  286.169320386  354.645614857  
0.0539567405615  0.170853753129  0.468857024329  1.20665703126  2.93154701621  6.72143937707  14.5338421526  29.6280096405  56.9516709701  103.301204912  176.966227676  286.169320386  433.328859023  590.815077133  
0.0595252434954  0.188639081739  0.518283374441  1.33602342644  3.25295611606  7.48086671833  16.2448079604  33.321286809  64.6544274193  119.043052375  209.211123626  354.645614857  590.815077133  1000.0  
