0.453159670554  0.9337699839  1.4672361848  2.07472221202  2.77072135228  3.56044160985  4.43723709621  5.38052689801  6.35483329434  7.31066750455  8.18789573041  8.92183743941  9.45165262494  9.72968641455  
0.9337699839  1.92517269484  3.02773037177  4.28639914487  5.73255948751  7.3785118061  9.21191935826  11.1910977683  13.2424953372  15.2619901269  17.1215283849  18.6818981835  19.8109291267  20.4043169747  
1.4672361848  3.02773037177  4.7685678386  6.76386045651  9.06689401805  11.7012086098  14.6512043989  17.8536345158  21.1921755556  24.4979354666  27.5588879722  30.1402893317  32.0156584352  33.0039104272  
2.07472221202  4.28639914487  6.76386045651  9.61864610332  12.9340234985  16.751946446  21.0585566851  25.7699796709  30.7215629616  35.6651123697  40.2795475554  44.1997475629  47.0649185699  48.5808008233  
2.77072135228  5.73255948751  9.06689401805  12.9340234985  17.458896364  22.7132158369  28.6942465313  35.3021990216  42.3202173632  49.4036424719  56.0877767824  61.8242809029  66.052772994  68.3028996982  
3.56044160985  7.3785118061  11.7012086098  16.751946446  22.7132158369  29.70337219  37.7471272311  46.7411185453  56.4188621261  66.3238068136  75.8049497012  84.0547451422  90.2087014332  93.5108350783  
4.43723709621  9.21191935826  14.6512043989  21.0585566851  28.6942465313  37.7471272311  48.2958188032  60.259018172  73.3379133554  86.9599174589  100.243571813  112.019212599  120.952209179  125.804874118  
5.38052689801  11.1910977683  17.8536345158  25.7699796709  35.3021990216  46.7411185453  60.259018172  75.8428600266  93.2065836043  111.687513043  130.147588504  146.930867182  159.973868578  167.19403263  
6.35483329434  13.2424953372  21.1921755556  30.7215629616  42.3202173632  56.4188621261  73.3379133554  93.2065836043  115.842163204  140.580912348  166.066575083  190.049645113  209.359098463  220.376178953  
7.31066750455  15.2619901269  24.4979354666  35.6651123697  49.4036424719  66.3238068136  86.9599174589  111.687513043  140.580912348  173.175975943  208.096387673  242.53589833  271.76236507  289.306185986  
8.18789573041  17.1215283849  27.5588879722  40.2795475554  56.0877767824  75.8049497012  100.243571813  130.147588504  166.066575083  208.096387673  255.356073271  304.992974269  350.560592236  380.445365465  
8.92183743941  18.6818981835  30.1402893317  44.1997475629  61.8242809029  84.0547451422  112.019212599  146.930867182  190.049645113  242.53589833  304.992974269  376.16056444  449.503350996  505.782812497  
9.45165262494  19.8109291267  32.0156584352  47.0649185699  66.052772994  90.2087014332  120.952209179  159.973868578  209.359098463  271.76236507  350.560592236  449.503350996  569.452193941  690.981474852  
9.72968641455  20.4043169747  33.0039104272  48.5808008233  68.3028996982  93.5108350783  125.804874118  167.19403263  220.376178953  289.306185986  380.445365465  505.782812497  690.981474852  1000.0  
