8.20911471058e-16  8.73172707992e-15  8.45378410029e-14  7.45617842019e-13  5.94870558819e-12  4.25693994398e-11  2.70472991421e-10  1.50696947058e-09  7.24981062644e-09  2.95306211238e-08  9.92877630567e-08  2.66423719353e-07  5.45452390456e-07  8.0395575276e-07  
8.73172707992e-15  9.20301593051e-14  8.82952756939e-13  7.71885960007e-12  6.10540208085e-11  4.33272365366e-10  2.73081407299e-09  1.50984573739e-08  7.21107533779e-08  2.91755392409e-07  9.7499780166e-07  2.60268590464e-06  5.30719971228e-06  7.80429666773e-06  
8.45378410029e-14  8.82952756939e-13  8.39526012229e-12  7.27508975556e-11  5.70556704627e-10  4.01577933786e-09  2.51112857165e-08  1.37798949295e-07  6.53509623482e-07  2.62698444411e-06  8.72852112126e-06  2.3187749027e-05  4.71117926496e-05  6.9138959631e-05  
7.45617842019e-13  7.71885960007e-12  7.27508975556e-11  6.25080890482e-10  4.86193216099e-09  3.39490042174e-08  2.10683054055e-07  1.147875197e-06  5.40768229873e-06  2.16072593761e-05  7.1417626312e-05  0.000188917808299  0.000382672598001  0.00056071639464  
5.94870558819e-12  6.10540208085e-11  5.70556704627e-10  4.86193216099e-09  3.75165023426e-08  2.5997351565e-07  1.6017449457e-06  8.66814859034e-06  4.05845403249e-05  0.000161277537694  0.000530620728976  0.00139869536092  0.00282682927931  0.00413815488204  
4.25693994398e-11  4.33272365366e-10  4.01577933786e-09  3.39490042174e-08  2.5997351565e-07  1.78850132765e-06  1.09446582178e-05  5.88598662597e-05  0.000274047351003  0.00108384386301  0.00355258401332  0.00934072209356  0.0188556213264  0.0276005981014  
2.70472991421e-10  2.73081407299e-09  2.51112857165e-08  2.10683054055e-07  1.6017449457e-06  1.09446582178e-05  6.65562410727e-05  0.000355921890196  0.00164911591815  0.00649693962702  0.0212389096085  0.0557757745879  0.112627217305  0.165063613688  
1.50696947058e-09  1.50984573739e-08  1.37798949295e-07  1.147875197e-06  8.66814859034e-06  5.88598662597e-05  0.000355921890196  0.00189408463432  0.00874161048026  0.0343458814936  0.112147840466  0.294711171449  0.596611895016  0.87720096499  
7.24981062644e-09  7.21107533779e-08  6.53509623482e-07  5.40768229873e-06  4.05845403249e-05  0.000274047351003  0.00164911591815  0.00874161048026  0.0402349804889  0.157903423568  0.516055500156  1.36073823538  2.77100447609  4.10081893839  
2.95306211238e-08  2.91755392409e-07  2.62698444411e-06  2.16072593761e-05  0.000161277537694  0.00108384386301  0.00649693962702  0.0343458814936  0.157903423568  0.620297343987  2.03496043819  5.40585250926  11.1337485718  16.6802688669  
9.92877630567e-08  9.7499780166e-07  8.72852112126e-06  7.1417626312e-05  0.000530620728976  0.00355258401332  0.0212389096085  0.112147840466  0.516055500156  2.03496043819  6.7290223434  18.1200759767  38.0854266006  58.396174047  
2.66423719353e-07  2.60268590464e-06  2.3187749027e-05  0.000188917808299  0.00139869536092  0.00934072209356  0.0557757745879  0.294711171449  1.36073823538  5.40585250926  18.1200759767  49.9234879453  108.751936354  174.554872491  
5.45452390456e-07  5.30719971228e-06  4.71117926496e-05  0.000382672598001  0.00282682927931  0.0188556213264  0.112627217305  0.596611895016  2.77100447609  11.1337485718  38.0854266006  108.751936354  252.075250535  446.16268415  
8.0395575276e-07  7.80429666773e-06  6.9138959631e-05  0.00056071639464  0.00413815488204  0.0276005981014  0.165063613688  0.87720096499  4.10081893839  16.6802688669  58.396174047  174.554872491  446.16268415  1000.0  
