0.487719756718  1.00327951086  1.57237159732  2.21625684554  2.94927412963  3.7762003831  4.6896961949  5.66827614238  6.67542720993  7.66058990021  8.56261878996  9.31595981692  9.85909177117  10.1438992517  
1.00327951086  2.06494521646  3.23906734711  4.57076843622  6.09109263299  7.81145335302  9.7181091205  11.7675617982  13.8842032421  15.9618074133  17.8703582135  19.4689754828  20.6242106439  21.2309103497  
1.57237159732  3.23906734711  5.08792809997  7.19324591788  9.60773228905  12.3535334512  15.4128969116  18.7198422537  22.1549968956  25.5464086562  28.6792667758  31.3165338737  33.2300374967  34.2376143173  
2.21625684554  4.57076843622  7.19324591788  10.195337787  13.659412763  17.6254444454  22.076615005  26.9253768177  32.0030763485  37.0576233978  41.7645385665  45.7560642402  48.6696180655  50.209913334  
2.94927412963  6.09109263299  9.60773228905  13.659412763  18.3697410109  23.8077421407  29.9668270162  36.7425563644  43.9131662067  51.1294255678  57.9229201862  63.7427580891  68.027173897  70.3053047331  
3.7762003831  7.81145335302  12.3535334512  17.6254444454  23.8077421407  31.0152585774  39.2678325736  48.4564041599  58.3087023155  68.3631092635  77.9649725688  86.3048847544  92.5181468634  95.8495486898  
4.6896961949  9.7181091205  15.4128969116  22.076615005  29.9668270162  39.2678325736  50.0521849518  62.2317046877  75.5008825098  89.281722064  102.689619863  114.554548894  123.54400868  128.423645621  
5.66827614238  11.7675617982  18.7198422537  26.9253768177  36.7425563644  48.4564041599  62.2317046877  78.0471381246  95.6088756827  114.248507206  132.825712791  149.686656729  162.774032915  170.013375704  
6.67542720993  13.8842032421  22.1549968956  32.0030763485  43.9131662067  58.3087023155  75.5008825098  95.6088756827  118.440747065  143.326399242  168.908265199  192.942335503  212.270176991  223.289803727  
7.66058990021  15.9618074133  25.5464086562  37.0576233978  51.1294255678  68.3631092635  89.281722064  114.248507206  143.326399242  176.043401532  211.022075643  245.465252137  274.662571989  292.176925457  
8.56261878996  17.8703582135  28.6792667758  41.7645385665  57.9229201862  77.9649725688  102.689619863  132.825712791  168.908265199  211.022075643  258.28286407  307.848433832  353.304557467  383.097711644  
9.31595981692  19.4689754828  31.3165338737  45.7560642402  63.7427580891  86.3048847544  114.554548894  149.686656729  192.942335503  245.465252137  307.848433832  378.835616126  451.926901293  507.984109029  
9.85909177117  20.6242106439  33.2300374967  48.6696180655  68.027173897  92.5181468634  123.54400868  162.774032915  212.270176991  274.662571989  353.304557467  451.926901293  571.394511473  692.388828479  
10.1438992517  21.2309103497  34.2376143173  50.209913334  70.3053047331  95.8495486898  128.423645621  170.013375704  223.289803727  292.176925457  383.097711644  507.984109029  692.388828479  1000.0  
