0.00411938569235  0.00997638614414  0.0196561638736  0.0358692397601  0.062060816749  0.102215361654  0.160213901377  0.238676125849  0.337409808347  0.451876369029  0.572353069193  0.684534641539  0.771978981544  0.820040022156  
0.00997638614414  0.0241861073808  0.0477247698236  0.0872480119571  0.151266465665  0.249700959627  0.392333700305  0.585959600142  0.830501279207  1.11506962909  1.41567238674  1.69650840487  1.91601038964  2.03686899685  
0.0196561638736  0.0477247698236  0.0943768365928  0.172990188291  0.300821793579  0.498221723546  0.785616095617  1.17777800868  1.67579717707  2.25863921933  2.87779205783  3.45923772263  3.91564617051  4.16766683985  
0.0358692397601  0.0872480119571  0.172990188291  0.318106705257  0.555210999512  0.923315481824  1.46244689655  2.20297491289  3.15011647622  4.26689548986  5.46219993136  6.59266778858  7.4853259861  7.98023508872  
0.062060816749  0.151266465665  0.300821793579  0.555210999512  0.97317153208  1.62614894307  2.58934497426  3.92295920672  5.64373756287  7.69194390578  9.90553912854  12.0187298068  13.7009162387  14.6388303654  
0.102215361654  0.249700959627  0.498221723546  0.923315481824  1.62614894307  2.73214644771  4.37722923092  6.67676380111  9.67588348098  13.2880152924  17.2408218088  21.0614449767  24.1367406728  25.8651920013  
0.160213901377  0.392333700305  0.785616095617  1.46244689655  2.58934497426  4.37722923092  7.06226358455  10.8579286261  15.873126259  22.0029639378  28.8198087969  35.5192721959  40.9962897418  44.1111170158  
0.238676125849  0.585959600142  1.17777800868  2.20297491289  3.92295920672  6.67676380111  10.8579286261  16.8467407671  24.8844449069  34.8901342572  46.2516627471  57.6725867772  67.220083401  72.7488112686  
0.337409808347  0.830501279207  1.67579717707  3.15011647622  5.64373756287  9.67588348098  15.873126259  24.8844449069  37.2052777319  52.8935978781  71.194866826  90.1691561308  106.558288989  116.327932235  
0.451876369029  1.11506962909  2.25863921933  4.26689548986  7.69194390578  13.2880152924  22.0029639378  34.8901342572  52.8935978781  76.4557433679  104.909468454  135.685586935  163.597793807  181.066221413  
0.572353069193  1.41567238674  2.87779205783  5.46219993136  9.90553912854  17.2408218088  28.8198087969  46.2516627471  71.194866826  104.909468454  147.4263859  196.131756671  243.664405667  276.047050119  
0.684534641539  1.69650840487  3.45923772263  6.59266778858  12.0187298068  21.0614449767  35.5192721959  57.6725867772  90.1691561308  135.685586935  196.131756671  270.801490517  352.061378631  416.453379493  
0.771978981544  1.91601038964  3.91564617051  7.4853259861  13.7009162387  24.1367406728  40.9962897418  67.220083401  106.558288989  163.597793807  243.664405667  352.061378631  489.840624654  632.857805037  
0.820040022156  2.03686899685  4.16766683985  7.98023508872  14.6388303654  25.8651920013  44.1111170158  72.7488112686  116.327932235  181.066221413  276.047050119  416.453379493  632.857805037  1000.0  
