0.17976672611  0.379441986376  0.618158449658  0.913208438497  1.27847697478  1.72230809774  2.24495892032  2.8360615923  3.4727751861  4.11947986946  4.72982622991  5.25158794894  5.63403500754  5.83657638504  
0.379441986376  0.801483751255  1.30719719758  1.93396582473  2.71221069773  3.66082958049  4.78163487962  6.05365148292  7.42873292975  8.83039443169  10.1577789336  11.2959726341  12.1322957783  12.5759106101  
0.618158449658  1.30719719758  2.13580364295  3.16719236825  4.4538807748  6.03013733153  7.90245162328  10.0393397623  12.3628802614  14.7453095831  17.0143368966  18.9699527697  20.4128635443  21.1803179272  
0.913208438497  1.93396582473  3.16719236825  4.71084897449  6.64850190415  9.03801482392  11.8966257125  15.1841072634  18.7874875369  22.5126232099  26.0891061609  29.1944209684  31.4995551702  32.7305759955  
1.27847697478  2.71221069773  4.4538807748  6.64850190415  9.42365456852  12.8736123479  17.0372259954  21.8713775719  27.2245105779  32.8179965214  38.2461664153  43.0069399875  46.5710501546  48.485436893  
1.72230809774  3.66082958049  6.03013733153  9.03801482392  12.8736123479  17.6864692811  23.555345494  30.4481364835  38.1778114787  46.3645953436  54.4211819976  61.5835236273  67.0090839249  69.9475604607  
2.24495892032  4.78163487962  7.90245162328  11.8966257125  17.0372259954  23.555345494  31.5986663508  41.1739341832  52.0770435151  63.8218460986  75.5907127544  86.2457242204  94.451838658  98.9508188465  
2.8360615923  6.05365148292  10.0393397623  15.1841072634  21.8713775719  30.4481364835  41.1739341832  54.1437354038  69.1837958053  85.7276842497  102.69706068  118.444734522  130.864700393  137.80231389  
3.4727751861  7.42873292975  12.3628802614  18.7874875369  27.2245105779  38.1778114787  52.0770435151  69.1837958053  89.4498915454  112.320996043  136.495369307  159.698178939  178.646139657  189.552064015  
4.11947986946  8.83039443169  14.7453095831  22.5126232099  32.8179965214  46.3645953436  63.8218460986  85.7276842497  112.320996043  143.269671188  177.254467639  211.406388998  240.778803744  258.557417706  
4.72982622991  10.1577789336  17.0143368966  26.0891061609  38.2461664153  54.4211819976  75.5907127544  102.69706068  136.495369307  177.254467639  224.178727382  274.338407118  320.954056244  351.758187009  
5.25158794894  11.2959726341  18.9699527697  29.1944209684  43.0069399875  61.5835236273  86.2457242204  118.444734522  159.698178939  211.406388998  274.338407118  347.227606729  423.166495614  481.810123604  
5.63403500754  12.1322957783  20.4128635443  31.4995551702  46.5710501546  67.0090839249  94.451838658  130.864700393  178.646139657  240.778803744  320.954056244  423.166495614  548.252938559  675.59455379  
5.83657638504  12.5759106101  21.1803179272  32.7305759955  48.485436893  69.9475604607  98.9508188465  137.80231389  189.552064015  258.557417706  351.758187009  481.810123604  675.59455379  1000.0  
