0.000690139747591  0.00181000391624  0.00394715513201  0.00800345022206  0.01532527983  0.0277414280374  0.047400689305  0.0762947923551  0.115427554329  0.163776055295  0.217441876194  0.26956427098  0.311455915095  0.334912384948  
0.00181000391624  0.00475155322702  0.0103758859138  0.0210728678602  0.0404261715338  0.0733307017164  0.125582861458  0.202627383945  0.307333633863  0.437163475209  0.581786368021  0.72271414079  0.836289883583  0.9000009753  
0.00394715513201  0.0103758859138  0.0227008859434  0.0462106525399  0.0888855486649  0.161713273838  0.277851250291  0.449895414043  0.684896565651  0.977839299605  1.30590863139  1.62720129935  1.88722562228  2.03350383356  
0.00800345022206  0.0210728678602  0.0462106525399  0.0943313229996  0.182032343085  0.332391885619  0.573430309922  0.932606418804  1.42640065331  2.04620620963  2.74524259405  3.43446601984  3.99548093235  4.31234044443  
0.01532527983  0.0404261715338  0.0888855486649  0.182032343085  0.352594720625  0.646612466178  1.12091229968  1.83274209956  2.81920970852  4.06821954471  5.4897346027  6.90380550315  8.06384789175  8.72266790081  
0.0277414280374  0.0733307017164  0.161713273838  0.332391885619  0.646612466178  1.19170432158  2.0775557832  3.41848803351  5.29504422483  7.69706558205  10.4629873146  13.2470936137  15.5556691802  16.8771313273  
0.047400689305  0.125582861458  0.277851250291  0.573430309922  1.12091229968  2.0775557832  3.64570636479  6.04380284734  9.44007367276  13.8471561899  18.9993063905  24.2682603421  28.703488642  31.2718795267  
0.0762947923551  0.202627383945  0.449895414043  0.932606418804  1.83274209956  3.41848803351  6.04380284734  10.1071405441  15.945541997  23.6522059878  32.8407819958  42.4425920423  50.7015582112  55.5700410265  
0.115427554329  0.307333633863  0.684896565651  1.42640065331  2.81920970852  5.29504422483  9.44007367276  15.945541997  25.4558577828  38.2787955003  53.9632224075  70.8452091622  85.8339771722  94.9252315161  
0.163776055295  0.437163475209  0.977839299605  2.04620620963  4.06821954471  7.69706558205  13.8471561899  23.6522059878  38.2787955003  58.5184553252  84.1033881775  112.784953494  139.485184843  156.474162657  
0.217441876194  0.581786368021  1.30590863139  2.74524259405  5.4897346027  10.4629873146  18.9993063905  32.8407819958  53.9632224075  84.1033881775  123.818280064  170.875714829  217.920601142  250.460720006  
0.26956427098  0.72271414079  1.62720129935  3.43446601984  6.90380550315  13.2470936137  24.2682603421  42.4425920423  70.8452091622  112.784953494  170.875714829  244.932409453  327.281727003  393.382543806  
0.311455915095  0.836289883583  1.88722562228  3.99548093235  8.06384789175  15.5556691802  28.703488642  50.7015582112  85.8339771722  139.485184843  217.920601142  327.281727003  468.925261269  617.393954308  
0.334912384948  0.9000009753  2.03350383356  4.31234044443  8.72266790081  16.8771313273  31.2718795267  55.5700410265  94.9252315161  156.474162657  250.460720006  393.382543806  617.393954308  1000.0  
