0.39902706585  0.824709646004  1.30183903871  1.85130332925  2.48776924803  3.21711726419  4.03385373816  4.91894434787  5.8387141893  6.74556540035  7.58117265742  8.28243457169  8.78975521834  9.05632806607  
0.824709646004  1.70549878414  2.69470135204  3.83676518216  5.16346364815  6.68848627758  8.4018354487  10.2649347602  12.2078222983  14.130103298  15.9072459531  17.4030701395  18.4877564159  19.0585790151  
1.30183903871  2.69470135204  4.26399119895  6.08316882082  8.20622657148  10.658900814  13.4291888584  16.4585438112  19.6359860271  22.7980716558  25.7378068687  28.2246582142  30.0353006432  30.9906945515  
1.85130332925  3.83676518216  6.08316882082  8.70139757276  11.7758851235  15.351729695  19.4200406439  23.9032862327  28.6438627602  33.4005622908  37.8585145971  41.6575245658  44.4402356362  45.9144315293  
2.48776924803  5.16346364815  8.20622657148  11.7758851235  15.9992152065  20.9522099061  26.6386348353  32.9667693046  39.7284572979  46.5873149368  53.0855484935  58.6797511973  62.8124190461  65.0144570922  
3.21711726419  6.68848627758  10.658900814  15.351729695  20.9522099061  27.5843918222  35.2812495052  43.9493556827  53.3325515705  62.9835629137  72.258347959  80.3532830874  86.4048942511  89.6563776018  
4.03385373816  8.4018354487  13.4291888584  19.4200406439  26.6386348353  35.2812495052  45.436840056  57.0361451321  69.7923735577  83.1429733601  96.212771262  107.833649084  116.668166318  121.473571241  
4.91894434787  10.2649347602  16.4585438112  23.9032862327  32.9667693046  43.9493556827  57.0361451321  72.2286453438  89.2547944443  107.462683262  125.719215413  142.365964311  155.329914005  162.515468262  
5.8387141893  12.2078222983  19.6359860271  28.6438627602  39.7284572979  53.3325515705  69.7923735577  89.2547944443  111.553734521  136.037449989  161.353201685  185.243393604  204.516711249  215.526766724  
6.74556540035  14.130103298  22.7980716558  33.4005622908  46.5873149368  62.9835629137  83.1429733601  107.462683262  136.037449989  168.41782058  203.230803137  237.656089695  266.925773159  284.516129503  
7.58117265742  15.9072459531  25.7378068687  37.8585145971  53.0855484935  72.258347959  96.212771262  125.719215413  161.353201685  203.230803137  250.478194253  300.226349268  345.975300635  376.010949158  
8.28243457169  17.4030701395  28.2246582142  41.6575245658  58.6797511973  80.3532830874  107.833649084  142.365964311  185.243393604  237.656089695  300.226349268  371.688251028  445.447571442  502.097346694  
8.78975521834  18.4877564159  30.0353006432  44.4402356362  62.8124190461  86.4048942511  116.668166318  155.329914005  204.516711249  266.925773159  345.975300635  445.447571442  566.198855141  688.623353276  
9.05632806607  19.0585790151  30.9906945515  45.9144315293  65.0144570922  89.6563776018  121.473571241  162.515468262  215.526766724  284.516129503  376.010949158  502.097346694  688.623353276  1000.0  
