0.0355266621899  0.0790283314119  0.138831021891  0.223701505721  0.342437295019  0.502784369986  0.709649372637  0.962803406937  1.25457532609  1.56832059573  1.8785806202  2.15364534239  2.36059618793  2.47193080196  
0.0790283314119  0.175962176448  0.309555729317  0.499676041962  0.766441067278  1.12782343156  1.59560794321  2.1701003875  2.83467669623  3.55196382453  4.26382583134  4.8969686382  5.37456242566  5.63193245687  
0.138831021891  0.309555729317  0.545744556325  0.88328898073  1.35903483836  2.00662236059  2.84922900064  3.8897887096  5.10052667477  6.41504570304  7.72715356954  8.90028896692  9.78899027479  10.2692526007  
0.223701505721  0.499676041962  0.88328898073  1.43442559444  2.21563074873  3.285569316  4.68708453279  6.43047941664  8.47475152707  10.7120836014  12.963072025  14.9904560515  16.5356512785  17.3741046107  
0.342437295019  0.766441067278  1.35903483836  2.21563074873  3.43789145721  5.12416988841  7.35097843349  10.1458080903  13.4548509319  17.1136165138  20.8330376836  24.2160628607  26.8161064248  28.2350683997  
0.502784369986  1.12782343156  2.00662236059  3.285569316  5.12416988841  7.68210238448  11.0920671109  15.4176661525  20.6000404013  26.4040432838  32.3836417083  37.8940644638  42.178153263  44.5353848495  
0.709649372637  1.59560794321  2.84922900064  4.68708453279  7.35097843349  11.0920671109  16.1336758249  22.6095643921  30.4797325922  39.4357718467  48.8231635147  57.6271898294  64.5832186084  68.4569285812  
0.962803406937  2.1701003875  3.8897887096  6.43047941664  10.1458080903  15.4176661525  22.6095643921  31.9823753814  43.5693438973  57.0184569109  71.4325994415  85.276396917  96.4702423995  102.819752105  
1.25457532609  2.83467669623  5.10052667477  8.47475152707  13.4548509319  20.6000404013  30.4797325922  43.5693438973  60.0799279087  79.7151267272  101.371574698  122.857618304  140.829701226  151.32954995  
1.56832059573  3.55196382453  6.41504570304  10.7120836014  17.1136165138  26.4040432838  39.4357718467  57.0184569109  79.7151267272  107.509176159  139.306652609  172.28474872  201.298072607  219.110610557  
1.8785806202  4.26382583134  7.72715356954  12.963072025  20.8330376836  32.3836417083  48.8231635147  71.4325994415  101.371574698  139.306652609  184.727860086  234.742076914  282.202106942  313.973165147  
2.15364534239  4.8969686382  8.90028896692  14.9904560515  24.2160628607  37.8940644638  57.6271898294  85.276396917  122.857618304  172.28474872  234.742076914  309.103748913  388.027923039  449.647116578  
2.36059618793  5.37456242566  9.78899027479  16.5356512785  26.8161064248  42.178153263  64.5832186084  96.4702423995  140.829701226  201.298072607  282.202106942  388.027923039  519.640076648  654.732329418  
2.47193080196  5.63193245687  10.2692526007  17.3741046107  28.2350683997  44.5353848495  68.4569285812  102.819752105  151.32954995  219.110610557  313.973165147  449.647116578  654.732329418  1000.0  
