0.501672040901  1.03131787464  1.61472505347  2.27317799869  3.0209448306  3.86262836216  4.79061773407  5.78307883435  6.80310345966  7.79972654279  8.71142205803  9.47230935827  10.0206140366  10.3080503742  
1.03131787464  2.12127915054  3.32413384736  4.68504077327  6.23489187605  7.98474295281  9.92030330587  11.9973763364  14.1395699072  16.2398622586  18.1675005988  19.7809829372  20.9463875636  21.5582487999  
1.61472505347  3.32413384736  5.21631003112  7.36557250092  9.82437732975  12.6143104005  15.7167790096  19.0647518476  22.5376962251  25.9625058204  29.1233285768  31.7822770695  33.7105581171  34.7256164961  
2.27317799869  4.68504077327  7.36557250092  10.4264053323  13.9495158975  17.9740846383  22.4821410737  27.3847285272  32.5116752815  37.6094274134  42.3522421658  46.3713948735  49.3036586618  50.8533851129  
3.0209448306  6.23489187605  9.82437732975  13.9495158975  18.7333400591  24.2438066856  30.4728293959  37.3141894656  44.544266538  51.8121207608  58.6479696884  64.5000045604  68.805987598  71.0949058254  
3.86262836216  7.98474295281  12.6143104005  17.9740846383  24.2438066856  31.5369092925  39.8713427682  49.13587198  59.0560444722  69.1683607853  78.8168463835  87.1914637342  93.4275135063  96.770144331  
4.79061773407  9.92030330587  15.7167790096  22.4821410737  30.4728293959  39.8713427682  50.7478886566  63.0116677634  76.3546539634  90.1968566994  103.652567011  115.551728295  124.562762283  129.452679015  
5.78307883435  11.9973763364  19.0647518476  27.3847285272  37.3141894656  49.13587198  63.0116677634  78.9171058432  96.5554437113  115.256171736  133.878228208  150.768724513  163.872861091  171.119394689  
6.80310345966  14.1395699072  22.5376962251  32.5116752815  44.544266538  59.0560444722  76.3546539634  96.5554437113  119.463018376  144.404958781  170.023342697  194.076439132  213.410825451  224.431117961  
7.79972654279  16.2398622586  25.9625058204  37.6094274134  51.8121207608  69.1683607853  90.1968566994  115.256171736  144.404958781  177.168334096  212.168591456  246.612241964  275.797517365  293.300030538  
8.71142205803  18.1675005988  29.1233285768  42.3522421658  58.6479696884  78.8168463835  103.652567011  133.878228208  170.023342697  212.168591456  259.428577888  308.965325019  354.3772744  384.134348911  
9.47230935827  19.7809829372  31.7822770695  46.3713948735  64.5000045604  87.1914637342  115.551728295  150.768724513  194.076439132  246.612241964  308.965325019  379.881138151  452.873663038  508.843856097  
10.0206140366  20.9463875636  33.7105581171  49.3036586618  68.805987598  93.4275135063  124.562762283  163.872861091  213.410825451  275.797517365  354.3772744  452.873663038  572.152940041  692.938268465  
10.3080503742  21.5582487999  34.7256164961  50.8533851129  71.0949058254  96.770144331  129.452679015  171.119394689  224.431117961  293.300030538  384.134348911  508.843856097  692.938268465  1000.0  
