0.0  0.0  0.0  0.0  0.0  2.20624300079e-32  1.34654364482e-29  3.5979377238e-27  5.49865048377e-25  5.25962017867e-23  3.22740922486e-21  1.243301825e-19  2.76621147618e-18  2.80227609384e-17  
0.0  0.0  0.0  0.0  3.18679544559e-32  2.18789266218e-29  6.67970703749e-27  1.19050470141e-24  1.36546099987e-22  1.04575726348e-20  5.35354400438e-19  1.770713606e-17  3.4573726718e-16  3.13644260022e-15  
0.0  0.0  0.0  3.8241545347e-32  2.91701044829e-29  1.00175749375e-26  2.03992727149e-24  2.72835503316e-22  2.50521859925e-20  1.60031392696e-18  7.03059774643e-17  2.03834477213e-15  3.54857935404e-14  2.9191869472e-13  
0.0  0.0  3.8241545347e-32  3.20864775721e-29  1.22425554551e-26  2.80418873671e-24  4.28503148049e-22  4.58781727233e-20  3.51321748878e-18  1.9254909616e-16  7.41143239483e-15  1.91363204078e-13  3.00799695649e-12  2.26695265728e-11  
0.0  3.18679544559e-32  2.91701044829e-29  1.22425554551e-26  3.11551237045e-24  5.35489894699e-22  6.55010324034e-20  5.84824573474e-18  3.84192814325e-16  1.84442392981e-14  6.31957461631e-13  1.47155910299e-11  2.11004179006e-10  1.46932992982e-09  
2.20624300079e-32  2.18789266218e-29  1.00175749375e-26  2.80418873671e-24  5.35489894699e-22  7.36746824639e-20  7.51497946583e-18  5.75577925289e-16  3.31171817009e-14  1.41493055204e-12  4.37011714905e-11  9.27193332583e-10  1.22320380184e-08  7.92787576726e-08  
1.34654364482e-29  6.67970703749e-27  2.03992727149e-24  4.28503148049e-22  6.55010324034e-20  7.51497946583e-18  6.57549320868e-16  4.41071713729e-14  2.25831138915e-12  8.69569926546e-11  2.44596900381e-09  4.76914598463e-08  5.83139810582e-07  3.54030535952e-06  
3.5979377238e-27  1.19050470141e-24  2.72835503316e-22  4.58781727233e-20  5.84824573474e-18  5.75577925289e-16  4.41071713729e-14  2.63270490323e-12  1.21472658483e-10  4.25895686161e-09  1.10045067636e-07  1.98641476619e-06  2.26578235797e-05  0.00012960676247  
5.49865048377e-25  1.36546099987e-22  2.50521859925e-20  3.51321748878e-18  3.84192814325e-16  3.31171817009e-14  2.25831138915e-12  1.21472658483e-10  5.10310992974e-09  1.64327104179e-07  3.92923583208e-06  6.60916177698e-05  0.000707444525848  0.00383426776198  
5.25962017867e-23  1.04575726348e-20  1.60031392696e-18  1.9254909616e-16  1.84442392981e-14  1.41493055204e-12  8.69569926546e-11  4.25895686161e-09  1.64327104179e-07  4.89629688553e-06  0.000109056682668  0.00171965685536  0.0173742873915  0.0897564594346  
3.22740922486e-21  5.35354400438e-19  7.03059774643e-17  7.41143239483e-15  6.31957461631e-13  4.37011714905e-11  2.44596900381e-09  1.10045067636e-07  3.92923583208e-06  0.000109056682668  0.0022765820079  0.0338535326344  0.324878762344  1.6116994518  
1.243301825e-19  1.770713606e-17  2.03834477213e-15  1.91363204078e-13  1.47155910299e-11  9.27193332583e-10  4.76914598463e-08  1.98641476619e-06  6.60916177698e-05  0.00171965685536  0.0338535326344  0.47786792099  4.39125031906  21.1723231777  
2.76621147618e-18  3.4573726718e-16  3.54857935404e-14  3.00799695649e-12  2.11004179006e-10  1.22320380184e-08  5.83139810582e-07  2.26578235797e-05  0.000707444525848  0.0173742873915  0.324878762344  4.39125031906  39.1558640633  188.557233023  
2.80227609384e-17  3.13644260022e-15  2.9191869472e-13  2.26695265728e-11  1.46932992982e-09  7.92787576726e-08  3.54030535952e-06  0.00012960676247  0.00383426776198  0.0897564594346  1.6116994518  21.1723231777  188.557233023  1000.0  
