1.26392564286e-10  7.31501537311e-10  3.82342615561e-09  1.8387154452e-08  8.09296534938e-08  3.23820598145e-07  1.16871749296e-06  3.77025482763e-06  1.07564261034e-05  2.68038040215e-05  5.75006865867e-05  0.000104459748739  0.000157875262658  0.000195187762018  
7.31501537311e-10  4.21917383375e-09  2.19777068449e-08  1.05352712422e-07  4.62318280991e-07  1.84482804838e-06  6.64220380292e-06  2.13834153788e-05  6.09046670897e-05  0.000151581238097  0.00032492865661  0.000590091233362  0.000891831554367  0.00110273668939  
3.82342615561e-09  2.19777068449e-08  1.14094183953e-07  5.45192900731e-07  2.3855335963e-06  9.49457431717e-06  3.41085426193e-05  0.000109607154739  0.000311764306862  0.000775278839998  0.00166136944459  0.00301764958416  0.00456281068247  0.00564421057088  
1.8387154452e-08  1.05352712422e-07  5.45192900731e-07  2.59758617318e-06  1.1336276668e-05  4.50173154141e-05  0.000161423140817  0.000518020913336  0.0014722302961  0.00366020575083  0.00784643842795  0.0142644633284  0.0215925343713  0.0267326448845  
8.09296534938e-08  4.62318280991e-07  2.3855335963e-06  1.1336276668e-05  4.93613656086e-05  0.000195654828386  0.000700616204089  0.00224651309353  0.00638356989971  0.0158790996534  0.0340826942692  0.0620739460188  0.0941525600437  0.116734631409  
3.23820598145e-07  1.84482804838e-06  9.49457431717e-06  4.50173154141e-05  0.000195654828386  0.000774456107506  0.0027710058247  0.0088840374322  0.0252609041111  0.0629321393272  0.135401913087  0.247372940826  0.376440958836  0.467815128191  
1.16871749296e-06  6.64220380292e-06  3.41085426193e-05  0.000161423140817  0.000700616204089  0.0027710058247  0.00991353106252  0.0318061599174  0.0905908501904  0.226320739361  0.488869340771  0.897524203845  1.37278336652  1.71223597614  
3.77025482763e-06  2.13834153788e-05  0.000109607154739  0.000518020913336  0.00224651309353  0.0088840374322  0.0318061599174  0.102224070254  0.292031130875  0.732837611673  1.59257340793  2.94557693204  4.54055909671  5.69587698801  
1.07564261034e-05  6.09046670897e-05  0.000311764306862  0.0014722302961  0.00638356989971  0.0252609041111  0.0905908501904  0.292031130875  0.838142870725  2.1172517639  4.64215209297  8.68105670727  13.5421765984  17.1447188903  
2.68038040215e-05  0.000151581238097  0.000775278839998  0.00366020575083  0.0158790996534  0.0629321393272  0.226320739361  0.732837611673  2.1172517639  5.39880760823  11.9884696239  22.7857976462  36.2063398678  46.5431590197  
5.75006865867e-05  0.00032492865661  0.00166136944459  0.00784643842795  0.0340826942692  0.135401913087  0.488869340771  1.59257340793  4.64215209297  11.9884696239  27.0975149779  52.7395267012  86.2633703032  113.892160119  
0.000104459748739  0.000590091233362  0.00301764958416  0.0142644633284  0.0620739460188  0.247372940826  0.897524203845  2.94557693204  8.68105670727  22.7857976462  52.7395267012  106.202007036  181.892732328  252.4623286  
0.000157875262658  0.000891831554367  0.00456281068247  0.0215925343713  0.0941525600437  0.376440958836  1.37278336652  4.54055909671  13.5421765984  36.2063398678  86.2633703032  181.892732328  334.969742148  514.888023746  
0.000195187762018  0.00110273668939  0.00564421057088  0.0267326448845  0.116734631409  0.467815128191  1.71223597614  5.69587698801  17.1447188903  46.5431590197  113.892160119  252.4623286  514.888023746  1000.0  
