0.00107595526006  0.00276486472009  0.0058774326497  0.0116089735424  0.0216777660735  0.0383327869656  0.0641096865069  0.101221095263  0.150567944723  0.210571171587  0.276288983298  0.33944196494  0.389808039196  0.417877230952  
0.00276486472009  0.00711185158346  0.0151392793049  0.0299532651731  0.0560402397952  0.0993079053815  0.1664744112  0.263493397379  0.39295320084  0.55094329285  0.724603028303  0.892038938775  1.02593837692  1.10069713732  
0.0058774326497  0.0151392793049  0.0322918268646  0.064043589118  0.120150623384  0.213571810743  0.359226994  0.570632806997  0.85419455325  1.20212995836  1.58665365197  1.95927791291  2.25852986015  2.42608584255  
0.0116089735424  0.0299532651731  0.064043589118  0.12738694088  0.239791114129  0.427850220766  0.722654519169  1.15314081906  1.7344041741  2.45267254969  3.25218753783  4.03226606221  4.66239250344  5.01662317749  
0.0216777660735  0.0560402397952  0.120150623384  0.239791114129  0.453141384588  0.812113473876  1.37850555335  2.21168318783  3.34593417472  4.76003062648  6.34868711497  7.91274620788  9.18613795932  9.90597401623  
0.0383327869656  0.0993079053815  0.213571810743  0.427850220766  0.812113473876  1.46289995827  2.49758428158  4.03310166693  6.14453653322  8.80635123811  11.832513469  14.8476573647  17.3291536115  18.7430544945  
0.0641096865069  0.1664744112  0.359226994  0.722654519169  1.37850555335  2.49758428158  4.29266250308  6.98466951014  10.7317794572  15.5218819863  21.0520529681  26.651298265  31.3299788771  34.0270012374  
0.101221095263  0.263493397379  0.570632806997  1.15314081906  2.21168318783  4.03310166693  6.98466951014  11.4658090542  17.7959413431  26.0300637993  35.728091589  45.7639261599  54.3343957694  59.3638329503  
0.150567944723  0.39295320084  0.85419455325  1.7344041741  3.34593417472  6.14453653322  10.7317794572  17.7959413431  27.9520812122  41.4511361208  57.7674721636  75.1649135057  90.5045412615  99.7679104382  
0.210571171587  0.55094329285  1.20212995836  2.45267254969  4.76003062648  8.80635123811  15.5218819863  26.0300637993  41.4511361208  62.4947402268  88.7925141829  118.008942912  145.02872324  162.149222989  
0.276288983298  0.724603028303  1.58665365197  3.25218753783  6.34868711497  11.832513469  21.0520529681  35.728091589  57.7674721636  88.7925141829  129.225500983  176.728530896  223.930952454  256.45509757  
0.33944196494  0.892038938775  1.95927791291  4.03226606221  7.91274620788  14.8476573647  26.651298265  45.7639261599  75.1649135057  118.008942912  176.728530896  250.995504718  333.130351966  398.844638266  
0.389808039196  1.02593837692  2.25852986015  4.66239250344  9.18613795932  17.3291536115  31.3299788771  54.3343957694  90.5045412615  145.02872324  223.930952454  333.130351966  473.894172806  621.077007824  
0.417877230952  1.10069713732  2.42608584255  5.01662317749  9.90597401623  18.7430544945  34.0270012374  59.3638329503  99.7679104382  162.149222989  256.45509757  398.844638266  621.077007824  1000.0  
