0.315142060344  0.655159647051  1.04340415042  1.49996209331  2.03955551534  2.66908615907  3.38503056543  4.17113086755  4.99704685959  5.81875845176  6.58142863139  7.22505493577  7.69252056192  7.93873099349  
0.655159647051  1.36288297057  2.17267614994  3.1274489978  4.25916366042  5.58363662357  7.0948873176  8.75994148347  10.5155065909  12.2682764351  13.9005559334  15.2821630619  16.2880121522  16.8186043285  
1.04340415042  2.17267614994  3.46911612769  5.00404649746  6.83194347956  8.98194898395  11.4482800644  14.1809156984  17.0788744782  19.989162904  22.7146642035  25.0332995647  26.7282298129  27.6247111007  
1.49996209331  3.1274489978  5.00404649746  7.23811911698  9.91513373415  13.0851420132  16.7479172749  20.8375276915  25.2096804286  29.6367274016  33.8161908299  37.3980181587  40.0321985334  41.4310714604  
2.03955551534  4.25916366042  6.83194347956  9.91513373415  13.6374493521  18.0817611701  23.2632836305  29.1051879469  35.4159259379  41.8754190931  48.0399891258  53.3768504237  57.3352422294  59.4495096379  
2.66908615907  5.58363662357  8.98194898395  13.0851420132  18.0817611701  24.105152939  31.2029869498  39.3003428068  48.1609993318  57.3562946801  66.2569493547  74.0686637662  79.931804501  83.0895915784  
3.38503056543  7.0948873176  11.4482800644  16.7479172749  23.2632836305  31.2029869498  40.6745365251  51.6312881678  63.8099104363  76.668391281  89.345693158  100.679299503  109.329192017  114.045352139  
4.17113086755  8.75994148347  14.1809156984  20.8375276915  29.1051879469  39.3003428068  51.6312881678  66.1270208425  82.5430092217  100.249790475  118.126624142  134.513988801  147.324665879  154.441823104  
4.99704685959  10.5155065909  17.0788744782  25.2096804286  35.4159259379  48.1609993318  63.8099104363  82.5430092217  104.226996697  128.235357252  153.225662272  176.929645799  196.122914451  207.112036257  
5.81875845176  12.2682764351  19.989162904  29.6367274016  41.8754190931  57.3562946801  76.668391281  100.249790475  128.235357252  160.206198415  194.799731261  229.174639274  258.502556656  276.165723621  
6.58142863139  13.9005559334  22.7146642035  33.8161908299  48.0399891258  66.2569493547  89.345693158  118.126624142  153.225662272  194.799731261  241.992484636  291.909880984  337.959988353  368.252309899  
7.22505493577  15.2821630619  25.0332995647  37.3980181587  53.3768504237  74.0686637662  100.679299503  134.513988801  176.929645799  229.174639274  291.909880984  363.863367029  438.338862082  495.632514813  
7.69252056192  16.2880121522  26.7282298129  40.0321985334  57.3352422294  79.931804501  109.329192017  147.324665879  196.122914451  258.502556656  337.959988353  438.338862082  560.487312175  684.480772067  
7.93873099349  16.8186043285  27.6247111007  41.4310714604  59.4495096379  83.0895915784  114.045352139  154.441823104  207.112036257  276.165723621  368.252309899  495.632514813  684.480772067  1000.0  
