0.120700472717  0.257786236101  0.427293805691  0.644250855385  0.921461030541  1.26762941205  1.68493780719  2.16645122695  2.69402041067  3.23754955247  3.75649573483  4.20412862001  4.53435345989  4.70991396951  
0.257786236101  0.550999591861  0.914424895175  1.38087982931  1.97866203881  2.72751040817  3.63327227279  4.68205956926  5.83532222609  7.02778071127  8.1702557189  9.15878742657  9.88985116037  10.2791422019  
0.427293805691  0.914424895175  1.52044281115  2.30164834112  3.30749309257  4.5738186206  6.1136348849  7.90663291257  9.8897917357  11.952498955  13.9400654964  15.6687156284  16.9524836211  17.6379711284  
0.644250855385  1.38087982931  2.30164834112  3.49524649946  5.04143075227  7.00078017875  9.40011272236  12.2150972821  15.3535092041  18.6445887492  21.841354522  24.6422888748  26.7350661393  27.8570822015  
0.921461030541  1.97866203881  3.30749309257  5.04143075227  7.30384656943  10.1934734233  13.7625903222  17.9895241497  22.7499603984  27.7951049411  32.7481194164  37.131559815  40.4345605647  42.2156792469  
1.26762941205  2.72751040817  4.5738186206  7.00078017875  10.1934734233  14.3084646025  19.4428147807  25.5924487914  32.6048268272  40.1365685326  47.6337216164  54.3584723922  59.4854217742  62.2730344607  
1.68493780719  3.63327227279  6.1136348849  9.40011272236  13.7625903222  19.4428147807  26.6129233727  35.3155668607  45.3893232632  56.3910935715  67.5397954329  77.7221454006  85.6140031222  89.9574326656  
2.16645122695  4.68205956926  7.90663291257  12.2150972821  17.9895241497  25.5924487914  35.3155668607  47.2992463686  61.4219554557  77.167385365  93.495517606  108.777899303  120.905463128  127.705488384  
2.69402041067  5.83532222609  9.8897917357  15.3535092041  22.7499603984  32.6048268272  45.3893232632  61.4219554557  80.7183384425  102.782778689  126.353169646  149.162995834  167.900933758  178.725782548  
3.23754955247  7.02778071127  11.952498955  18.6445887492  27.7951049411  40.1365685326  56.3910935715  77.167385365  102.782778689  132.975864067  166.470999057  200.395236917  229.735814181  247.557463634  
3.75649573483  8.1702557189  13.9400654964  21.841354522  32.7481194164  47.6337216164  67.5397954329  93.495517606  126.353169646  166.470999057  213.110171599  263.332678357  310.247675808  341.348677675  
4.20412862001  9.15878742657  15.6687156284  24.6422888748  37.131559815  54.3584723922  77.7221454006  108.777899303  149.162995834  200.395236917  263.332678357  336.72729822  413.543516782  473.024419089  
4.53435345989  9.88985116037  16.9524836211  26.7350661393  40.4345605647  59.4854217742  85.6140031222  120.905463128  167.900933758  229.735814181  310.247675808  413.543516782  540.458641605  669.923382661  
4.70991396951  10.2791422019  17.6379711284  27.8570822015  42.2156792469  62.2730344607  89.9574326656  127.705488384  178.725782548  247.557463634  341.348677675  473.024419089  669.923382661  1000.0  
