0.194967452417  0.410581033439  0.666612007686  0.980800880255  1.36721493788  1.83406402048  2.38113755539  2.99728886299  3.65864932806  4.32841842948  4.95902942429  5.49712179231  5.89102100245  6.09946296087  
0.410581033439  0.865252791206  1.40637432819  2.07222491442  2.89357627102  3.88903076902  5.05942886472  6.38219838979  7.80710421649  9.25528194881  10.6234427608  11.7944286754  12.6537092479  13.1091395451  
0.666612007686  1.40637432819  2.2899245691  3.38181478918  4.73505004301  6.38338593972  8.33176215666  10.5462025207  12.9455742888  15.3985081691  17.7290872881  19.7340159533  21.2113426304  21.996473178  
0.980800880255  2.07222491442  3.38181478918  5.00929096562  7.03878887463  9.52735206012  12.4899784207  15.8829408456  19.5888512874  23.4087137405  27.0673630741  30.2381043839  32.5886652071  33.842935891  
1.36721493788  2.89357627102  4.73505004301  7.03878887463  9.93293641661  13.5105101385  17.807277016  22.7754646341  28.2577982518  33.9695504767  39.4993013429  44.34017901  47.959435866  49.9018802911  
1.83406402048  3.88903076902  6.38338593972  9.52735206012  13.5105101385  18.4805348097  24.5120592857  31.5669832894  39.4511397858  47.7774340635  55.9520481106  63.2060006643  68.6937115446  71.6634717397  
2.38113755539  5.05942886472  8.33176215666  12.4899784207  17.807277016  24.5120592857  32.7465881749  42.5100338523  53.5895802712  65.4905636914  77.3884016532  88.1408016865  96.411178722  100.941804138  
2.99728886299  6.38219838979  10.5462025207  15.8829408456  22.7754646341  31.5669832894  42.5100338523  55.6901165225  70.9229575403  87.6323604946  104.732913988  120.574530832  133.052789137  140.017549233  
3.65864932806  7.80710421649  12.9455742888  19.5888512874  28.2577982518  39.4511397858  53.5895802712  70.9229575403  91.3903408362  114.426094338  138.721390366  162.000917023  180.988396685  191.90882338  
4.32841842948  9.25528194881  15.3985081691  23.4087137405  33.9695504767  47.7774340635  65.4905636914  87.6323604946  114.426094338  145.526069897  179.60536186  213.797262465  243.170293003  260.936536771  
4.95902942429  10.6234427608  17.7290872881  27.0673630741  39.4993013429  55.9520481106  77.3884016532  104.732913988  138.721390366  179.60536186  226.578929163  276.715662705  323.260851032  353.998349411  
5.49712179231  11.7944286754  19.7340159533  30.2381043839  44.34017901  63.2060006643  88.1408016865  120.574530832  162.000917023  213.797262465  276.715662705  349.487133403  425.232340129  483.694232813  
5.89102100245  12.6537092479  21.2113426304  32.5886652071  47.959435866  68.6937115446  96.411178722  133.052789137  180.988396685  243.170293003  323.260851032  425.232340129  549.922541495  676.808322949  
6.09946296087  13.1091395451  21.996473178  33.842935891  49.9018802911  71.6634717397  100.941804138  140.017549233  191.90882338  260.936536771  353.998349411  483.694232813  676.808322949  1000.0  
