0.0298768803751  0.0668779179874  0.118516497926  0.19283896073  0.298093252387  0.441746906977  0.628804007776  0.859589983501  1.1274703471  1.41726515013  1.70526752174  1.96159548497  2.15499027155  2.25920802887  
0.0668779179874  0.149846130301  0.265929006692  0.433467590844  0.671427340815  0.997215169464  1.42285627616  1.9498674782  2.56384922024  3.23053856884  3.89548749251  4.48922008596  4.93834798214  5.18078979614  
0.118516497926  0.265929006692  0.472961397058  0.773013887956  1.20108170095  1.78994601538  2.56326835361  3.52605999986  4.6542568866  5.88656236919  7.12274455316  8.23232688211  9.07525875498  9.53156497879  
0.19283896073  0.433467590844  0.773013887956  1.2676944638  1.97739174702  2.95963775423  4.25817827154  5.88658596624  7.8094929313  9.92664814126  12.0673029749  14.002841093  15.482194798  16.2862926071  
0.298093252387  0.671427340815  1.20108170095  1.97739174702  3.09844812943  4.66127486231  6.74398054066  9.37897349818  12.5205703884  16.0148717907  19.5845734468  22.843988503  25.3560480449  26.7293261812  
0.441746906977  0.997215169464  1.78994601538  2.95963775423  4.66127486231  7.05318455682  10.2707623228  14.3847758224  19.3476679419  24.9385044115  30.7264200515  36.0805679746  40.2546885484  42.555291743  
0.628804007776  1.42285627616  2.56326835361  4.25817827154  6.74398054066  10.2707623228  15.0662037609  21.274240913  28.8701670751  37.5640227951  46.7199675615  55.3390967797  62.1675796982  65.9766117879  
0.859589983501  1.9498674782  3.52605999986  5.88658596624  9.37897349818  14.3847758224  21.274240913  30.3223631615  41.5826441263  54.7264464804  68.8787978401  82.5207575154  93.5806933368  99.8645452422  
1.1274703471  2.56384922024  4.6542568866  7.8094929313  12.5205703884  19.3476679419  28.8701670751  41.5826441263  57.7225585358  77.0227986602  98.4057069595  119.695056641  137.548188605  147.995203419  
1.41726515013  3.23053856884  5.88656236919  9.92664814126  16.0148717907  24.9385044115  37.5640227951  54.7264464804  77.0227986602  104.473105514  136.013666805  168.83512837  197.780562784  215.578460615  
1.70526752174  3.89548749251  7.12274455316  12.0673029749  19.5845734468  30.7264200515  46.7199675615  68.8787978401  98.4057069595  136.013666805  181.230587503  231.177124598  278.678623459  310.521623736  
1.96159548497  4.48922008596  8.23232688211  14.002841093  22.843988503  36.0805679746  55.3390967797  82.5207575154  119.695056641  168.83512837  231.177124598  305.61972512  384.786803836  446.668247197  
2.15499027155  4.93834798214  9.07525875498  15.482194798  25.3560480449  40.2546885484  62.1675796982  93.5806933368  137.548188605  197.780562784  278.678623459  384.786803836  516.978085875  652.784915053  
2.25920802887  5.18078979614  9.53156497879  16.2862926071  26.7293261812  42.555291743  65.9766117879  99.8645452422  147.995203419  215.578460615  310.521623736  446.668247197  652.784915053  1000.0  
