0.432675475169  0.892528928377  1.40475833817  1.9904422522  2.66415015648  3.43134510413  4.28580731602  5.20752139952  6.16166416617  7.09942960618  7.96133384518  8.68326141985  9.20481576134  9.47864338797  
0.892528928377  1.84215972605  2.90201536826  4.11689759947  5.51835627938  7.11921782571  8.90800972621  10.84418306  12.8554881549  14.8391472623  16.6683703856  18.2050282642  19.3177862124  19.90289885  
1.40475833817  2.90201536826  4.5782964144  6.50752350194  8.74327971425  11.3099347094  14.193215778  17.3315907537  20.6106713611  23.8635264882  26.8799307328  29.4266381247  31.278283377  32.2545003924  
1.9904422522  4.11689759947  6.50752350194  9.27368638868  12.4991325524  16.2269997387  20.4452590897  25.0723460418  29.9461553614  34.8210003057  39.3780135758  43.2538149259  46.0888125672  47.5894524328  
2.66415015648  5.51835627938  8.74327971425  12.4991325524  16.9115975374  22.0539873699  27.9259558531  34.4306462765  41.3543388425  48.3553336922  54.9713780362  60.6558539029  64.8493578308  67.0819408766  
3.43134510413  7.11921782571  11.3099347094  16.2269997387  22.0539873699  28.9113817983  36.8269248982  45.7008581409  55.2704098153  65.0823313775  74.4880606155  82.6813792675  88.7980723901  92.0817847369  
4.28580731602  8.90800972621  14.193215778  20.4452590897  27.9259558531  36.8269248982  47.2305692884  59.0599463214  72.0205555457  85.5433645459  98.7490810882  110.468473326  119.365764315  124.201324799  
5.20752139952  10.84418306  17.3315907537  25.0723460418  34.4306462765  45.7008581409  59.0599463214  74.5001334317  91.7403716178  110.12178095  128.507957025  145.241888378  158.256463376  165.464243225  
6.16166416617  12.8554881549  20.6106713611  29.9461553614  41.3543388425  55.2704098153  72.0205555457  91.7403716178  114.253101651  138.899226724  164.323591809  188.273545947  207.570473262  218.585371903  
7.09942960618  14.8391472623  23.8635264882  34.8210003057  48.3553336922  65.0823313775  85.5433645459  110.12178095  138.899226724  171.416747387  206.299037944  240.734500629  269.977711943  287.539089803  
7.96133384518  16.6683703856  26.8799307328  39.3780135758  54.9713780362  74.4880606155  98.7490810882  128.507957025  164.323591809  206.299037944  253.555737622  303.234832993  348.870043875  378.810772501  
8.68326141985  18.2050282642  29.4266381247  43.2538149259  60.6558539029  82.6813792675  110.468473326  145.241888378  188.273545947  240.734500629  303.234832993  374.511994525  448.008906894  504.425059521  
9.20481576134  19.3177862124  31.278283377  46.0888125672  64.8493578308  88.7980723901  119.365764315  158.256463376  207.570473262  269.977711943  348.870043875  448.008906894  568.25385699  690.113006573  
9.47864338797  19.90289885  32.2545003924  47.5894524328  67.0819408766  92.0817847369  124.201324799  165.464243225  218.585371903  287.539089803  378.810772501  504.425059521  690.113006573  1000.0  
