1.79890572077e-11  1.15095662399e-10  6.6691622321e-10  3.5492458634e-09  1.72481781317e-08  7.59960642685e-08  3.0106142019e-07  1.06186806781e-06  3.29597770959e-06  8.87935283138e-06  2.04226138988e-05  3.93365190552e-05  6.20930935341e-05  7.86125758347e-05  
1.15095662399e-10  7.33306484765e-10  4.23128821516e-09  2.24282431769e-08  1.08582272163e-07  4.76735146667e-07  1.88253638276e-06  6.62085235163e-06  2.0500253734e-05  5.51174533822e-05  0.000126582763213  0.000243582396896  0.000384318659542  0.000486502017991  
6.6691622321e-10  4.23128821516e-09  2.43131537854e-08  1.28363015021e-07  6.19144568486e-07  2.70912783437e-06  1.06651526868e-05  3.74098594756e-05  0.00011558047601  0.000310241067781  0.000711740270735  0.00136892665608  0.00215981135004  0.0027345279708  
3.5492458634e-09  2.24282431769e-08  1.28363015021e-07  6.75180757249e-07  3.24548864838e-06  1.41570644492e-05  5.55827079468e-05  0.000194531631523  0.00060000485745  0.00160879502849  0.00368924744116  0.00709709489953  0.0112043174086  0.0141942446924  
1.72481781317e-08  1.08582272163e-07  6.19144568486e-07  3.24548864838e-06  1.55521927071e-05  6.76559162275e-05  0.000265029242096  0.000925981396979  0.00285298989438  0.00764700767004  0.0175430566069  0.0337852952385  0.0534174593682  0.0677537290761  
7.59960642685e-08  4.76735146667e-07  2.70912783437e-06  1.41570644492e-05  6.76559162275e-05  0.000293655668968  0.00114836799816  0.00400798504479  0.0123450483021  0.0331079589401  0.076067455626  0.146837371874  0.232796801472  0.295890663968  
3.0106142019e-07  1.88253638276e-06  1.06651526868e-05  5.55827079468e-05  0.000265029242096  0.00114836799816  0.00448602409131  0.0156526443639  0.0482444044355  0.129615652706  0.298684537776  0.578904132402  0.921937116159  1.17580239274  
1.06186806781e-06  6.62085235163e-06  3.74098594756e-05  0.000194531631523  0.000925981396979  0.00400798504479  0.0156526443639  0.0546539078164  0.168775935482  0.454961717117  1.05361086058  2.05530688091  3.29661172008  4.22750745248  
3.29597770959e-06  2.0500253734e-05  0.00011558047601  0.00060000485745  0.00285298989438  0.0123450483021  0.0482444044355  0.168775935482  0.523008160213  1.41749031506  3.30789691118  6.51712536893  10.5704652572  13.6770846221  
8.87935283138e-06  5.51174533822e-05  0.000310241067781  0.00160879502849  0.00764700767004  0.0331079589401  0.129615652706  0.454961717117  1.41749031506  3.8728735501  9.14104754375  18.2810071125  30.1753671882  39.6343010029  
2.04226138988e-05  0.000126582763213  0.000711740270735  0.00368924744116  0.0175430566069  0.076067455626  0.298684537776  1.05361086058  3.30789691118  9.14104754375  21.9293137896  44.8452346274  76.1159010535  102.654978335  
3.93365190552e-05  0.000243582396896  0.00136892665608  0.00709709489953  0.0337852952385  0.146837371874  0.578904132402  2.05530688091  6.51712536893  18.2810071125  44.8452346274  94.7439844681  168.183732138  238.402079736  
6.20930935341e-05  0.000384318659542  0.00215981135004  0.0112043174086  0.0534174593682  0.232796801472  0.921937116159  3.29661172008  10.5704652572  30.1753671882  76.1159010535  168.183732138  320.681620948  503.4356767  
7.86125758347e-05  0.000486502017991  0.0027345279708  0.0141942446924  0.0677537290761  0.295890663968  1.17580239274  4.22750745248  13.6770846221  39.6343010029  102.654978335  238.402079736  503.4356767  1000.0  
