0.296677393073  0.617729327932  0.986092286716  1.42160025181  1.93894247826  2.54523860254  3.23743335581  3.99995480623  4.80330570311  5.60438585618  6.34926793509  6.97876767296  7.43642987064  7.67762085022  
0.617729327932  1.28702627577  2.05657577277  2.96879567207  4.05560071127  5.33326495456  6.79676618415  8.41451900773  10.1249229154  11.8365016505  13.4333514801  14.7868831808  15.7732833572  16.2939291627  
0.986092286716  2.05657577277  3.29154258785  4.76161212104  6.52123653832  8.60029971861  10.9945116279  13.6559765032  16.4862641024  19.335096556  22.0079659654  24.2850618898  25.9513118646  26.8331583086  
1.42160025181  2.96879567207  4.76161212104  6.90754722054  9.49212782692  12.5665017332  16.132537881  20.1272160449  24.4096652789  28.7557928848  32.866433067  36.3942999654  38.991432657  40.3714730823  
1.93894247826  4.05560071127  6.52123653832  9.49212782692  13.0972200865  17.4209321151  22.4812714136  28.2051762034  34.4054048636  40.7662020634  46.8477246267  52.1201651808  56.0347425661  58.1268846356  
2.54523860254  5.33326495456  8.60029971861  12.5665017332  17.4209321151  23.2990654146  30.252187851  38.2100974162  46.9417902027  56.0236038596  64.8303644649  72.570531605  78.3858159764  81.5197321947  
3.23743335581  6.79676618415  10.9945116279  16.132537881  22.4812714136  30.252187851  39.5574001983  50.3560719521  62.3910630806  75.1259567804  87.7037848294  98.9639729037  107.566338453  112.259405513  
3.99995480623  8.41451900773  13.6559765032  20.1272160449  28.2051762034  38.2100974162  50.3560719521  64.6791950342  80.9422480288  98.5219614579  116.301343597  132.621256234  145.39150852  152.490394408  
4.80330570311  10.1249229154  16.4862641024  24.4096652789  34.4054048636  46.9417902027  62.3910630806  80.9422480288  102.470778488  126.357147318  151.262281076  174.916010495  194.086347873  205.068624823  
5.60438585618  11.8365016505  19.335096556  28.7557928848  40.7662020634  56.0236038596  75.1259567804  98.5219614579  126.357147318  158.221068098  192.754617505  227.112076451  256.450732157  274.129968481  
6.34926793509  13.4333514801  22.0079659654  32.866433067  46.8477246267  64.8303644649  87.7037848294  116.301343597  151.262281076  192.754617505  239.927304629  289.880932237  336.001413116  366.355018929  
6.97876767296  14.7868831808  24.2850618898  36.3942999654  52.1201651808  72.570531605  98.9639729037  132.621256234  174.916010495  227.112076451  289.880932237  361.949864254  436.597918244  494.048202197  
7.43642987064  15.7732833572  25.9513118646  38.991432657  56.0347425661  78.3858159764  107.566338453  145.39150852  194.086347873  256.450732157  336.001413116  436.597918244  559.086632993  683.464312792  
7.67762085022  16.2939291627  26.8331583086  40.3714730823  58.1268846356  81.5197321947  112.259405513  152.490394408  205.068624823  274.129968481  366.355018929  494.048202197  683.464312792  1000.0  
