0.000357368639928  0.000966627772735  0.00218979960352  0.00461584654166  0.00917274935808  0.0171888967008  0.0303168647972  0.0502124204189  0.0779056029262  0.112945397842  0.152625249408  0.191783546899  0.223623874444  0.241579069684  
0.000966627772735  0.00261689286081  0.00593571641951  0.0125307741939  0.0249451842982  0.0468375448205  0.0827904520387  0.13744607982  0.213777887665  0.310698834286  0.420839906461  0.529889292315  0.618801205087  0.669031886038  
0.00218979960352  0.00593571641951  0.0134873244518  0.0285338396724  0.0569438150759  0.107219848101  0.190115931428  0.316697472492  0.494343525305  0.721071840371  0.980072551668  1.23777120464  1.4487567728  1.56829071815  
0.00461584654166  0.0125307741939  0.0285338396724  0.0605238564921  0.121152040354  0.228908597779  0.407463428586  0.681648026507  1.06883701348  1.56630850044  2.13849971427  2.71158211132  3.18345344048  3.45184852207  
0.00917274935808  0.0249451842982  0.0569438150759  0.121152040354  0.243376703513  0.461728036635  0.825700968735  1.38843515893  2.18922055613  3.22677375116  4.43075241616  5.64714836754  6.65645249779  7.23368983992  
0.0171888967008  0.0468375448205  0.107219848101  0.228908597779  0.461728036635  0.880152329363  1.58256394139  2.67751337305  4.25041153281  6.30999910196  8.72733410043  11.198028193  13.2698840821  14.4641071003  
0.0303168647972  0.0827904520387  0.190115931428  0.407463428586  0.825700968735  1.58256394139  2.86365418168  4.88038068771  7.8110112074  11.6996992129  16.331786731  21.1404135672  25.2331347602  27.6195205715  
0.0502124204189  0.13744607982  0.316697472492  0.681648026507  1.38843515893  2.67751337305  4.88038068771  8.38870297775  13.5587843631  20.534125477  29.0043045078  37.9856438054  45.7947053771  50.4292174186  
0.0779056029262  0.213777887665  0.494343525305  1.06883701348  2.18922055613  4.25041153281  7.8110112074  13.5587843631  22.1726276334  34.0374643956  48.8101301967  64.9367843643  79.4048123865  88.2382604019  
0.112945397842  0.310698834286  0.721071840371  1.56630850044  3.22677375116  6.30999910196  11.6996992129  20.534125477  34.0374643956  53.1153567762  77.6488741072  105.525339834  131.733714364  148.515037099  
0.152625249408  0.420839906461  0.980072551668  2.13849971427  4.43075241616  8.72733410043  16.331786731  29.0043045078  48.8101301967  77.6488741072  116.280019229  162.639868485  209.412636415  241.951693853  
0.191783546899  0.529889292315  1.23777120464  2.71158211132  5.64714836754  11.198028193  21.1404135672  37.9856438054  64.9367843643  105.525339834  162.639868485  236.322973719  318.929769914  385.563150603  
0.223623874444  0.618801205087  1.4487567728  3.18345344048  6.65645249779  13.2698840821  25.2331347602  45.7947053771  79.4048123865  131.733714364  209.412636415  318.929769914  461.791905292  612.095753813  
0.241579069684  0.669031886038  1.56829071815  3.45184852207  7.23368983992  14.4641071003  27.6195205715  50.4292174186  88.2382604019  148.515037099  241.951693853  385.563150603  612.095753813  1000.0  
