5.71663843283e-05  0.000169018678998  0.000426050745415  0.000999884336698  0.0022014969166  0.00454056611237  0.00874821981463  0.0156967858637  0.0261443069997  0.0402874971618  0.0572450858399  0.0747635921785  0.0894940651326  0.0979729374537  
0.000169018678998  0.000500024721322  0.00126154192756  0.00296400585357  0.00653493895189  0.0135000210695  0.0260584920158  0.0468531531171  0.0782121126878  0.120799883179  0.172029981625  0.225120483118  0.269880757835  0.295691870967  
0.000426050745415  0.00126154192756  0.00318687593715  0.00749965063523  0.0165671414981  0.0343031620429  0.0663882161126  0.119717788615  0.200483572232  0.31067715885  0.443867630375  0.582533786032  0.699908821601  0.767780760394  
0.000999884336698  0.00296400585357  0.00749965063523  0.0176844902616  0.0391609976289  0.0813171633668  0.157895984241  0.285792627143  0.480543355501  0.747844337766  1.07296362253  1.41354354135  1.70339746677  1.8716494757  
0.0022014969166  0.00653493895189  0.0165671414981  0.0391609976289  0.0869731874647  0.181223679386  0.353301648965  0.642398402082  1.08560830166  1.69855195659  2.4501565507  3.24395883206  3.92452535517  4.32169472744  
0.00454056611237  0.0135000210695  0.0343031620429  0.0813171633668  0.181223679386  0.379166124718  0.742764173999  1.35804394714  2.30929606952  3.63752723073  5.28348682502  7.04091342874  8.56302737697  9.45813538219  
0.00874821981463  0.0260584920158  0.0663882161126  0.157895984241  0.353301648965  0.742764173999  1.46336036579  2.69344846701  4.6151147942  7.33113663582  10.7434372531  14.4408681401  17.6893518917  19.6214066862  
0.0156967858637  0.0468531531171  0.119717788615  0.285792627143  0.642398402082  1.35804394714  2.69344846701  4.99700622995  8.64190677385  13.8731987185  20.5648647649  27.9629647072  34.5979244916  38.6132488839  
0.0261443069997  0.0782121126878  0.200483572232  0.480543355501  1.08560830166  2.30929606952  4.6151147942  8.64190677385  15.1128234846  24.5807695723  36.9802019554  51.0736815487  64.1016952271  72.208738544  
0.0402874971618  0.120799883179  0.31067715885  0.747844337766  1.69855195659  3.63752723073  7.33113663582  13.8731987185  24.5807695723  40.625031063  62.2891784857  87.8739191056  112.620472079  128.756344686  
0.0572450858399  0.172029981625  0.443867630375  1.07296362253  2.4501565507  5.28348682502  10.7434372531  20.5648647649  36.9802019554  62.2891784857  97.8191323717  142.0398228  187.842047344  220.241180858  
0.0747635921785  0.225120483118  0.582533786032  1.41354354135  3.24395883206  7.04091342874  14.4408681401  27.9629647072  51.0736815487  87.8739191056  142.0398228  214.339422324  297.326603327  365.222408097  
0.0894940651326  0.269880757835  0.699908821601  1.70339746677  3.92452535517  8.56302737697  17.6893518917  34.5979244916  64.1016952271  112.620472079  187.842047344  297.326603327  443.115689892  598.15915816  
0.0979729374537  0.295691870967  0.767780760394  1.8716494757  4.32169472744  9.45813538219  19.6214066862  38.6132488839  72.208738544  128.756344686  220.241180858  365.222408097  598.15915816  1000.0  
