0.460031880678  0.947598690116  1.48816883552  2.10293009259  2.80634753651  3.60354350809  4.487731731  5.43814660735  6.41909785662  7.38087592392  8.26313764328  9.0010210736  9.53354429374  9.81295623183  
0.947598690116  1.95299373041  3.06982851022  4.34310135568  5.80413073325  7.46504058786  9.31320963847  11.3065829424  13.3711862833  15.4024634816  17.2719541689  18.8400994057  19.974461925  20.5705596079  
1.48816883552  3.06982851022  4.83223287027  6.84954316697  9.17493799317  11.8316796549  14.8037318447  18.0272886608  21.3853994909  24.7085397825  27.7841050632  30.3768730081  32.260007766  33.2521971118  
2.10293009259  4.34310135568  6.84954316697  9.7338348569  13.0790738536  16.926818453  21.2626095435  26.0018204686  30.9789745116  35.945070483  40.5783198781  44.5130485366  47.3880839483  48.9089464186  
2.80634753651  5.80413073325  9.17493799317  13.0790738536  17.6412298315  22.9325729108  28.949584196  35.5915208099  42.6405138626  49.7509545928  56.4573670938  62.210870575  66.4507824218  68.7066313772  
3.60354350809  7.46504058786  11.8316796549  16.926818453  22.9325729108  29.9665911242  38.0525926584  47.0860451836  56.7992680498  66.7346539609  76.2404292929  84.5086419243  90.6747340511  93.9828619701  
4.487731731  9.31320963847  14.8037318447  21.2626095435  28.949584196  38.0525926584  48.6490180519  60.6561436369  73.7737701555  87.4281785899  100.737235964  112.531171225  121.475758601  126.333968153  
5.43814660735  11.3065829424  18.0272886608  26.0018204686  35.5915208099  47.0860451836  60.6561436369  76.2870743162  93.6911657977  112.204537667  130.688629639  147.487888892  160.54005828  167.764200604  
6.41909785662  13.3711862833  21.3853994909  30.9789745116  42.6405138626  56.7992680498  73.7737701555  93.6911657977  116.366832283  141.135692417  166.641177323  190.634855667  209.948228353  220.965923703  
7.38087592392  15.4024634816  24.7085397825  35.945070483  49.7509545928  66.7346539609  87.4281785899  112.204537667  141.135692417  173.755855743  208.688432619  243.128974353  272.349729943  289.887675727  
8.26313764328  17.2719541689  27.7841050632  40.5783198781  56.4573670938  76.2404292929  100.737235964  130.688629639  166.641177323  208.688432619  255.94871281  305.571440862  351.11664181  380.982927908  
9.0010210736  18.8400994057  30.3768730081  44.5130485366  62.210870575  84.5086419243  112.531171225  147.487888892  190.634855667  243.128974353  305.571440862  376.702725879  449.994679398  506.22914078  
9.53354429374  19.974461925  32.260007766  47.3880839483  66.4507824218  90.6747340511  121.475758601  160.54005828  209.948228353  272.349729943  351.11664181  449.994679398  569.846063987  691.266892568  
9.81295623183  20.5705596079  33.2521971118  48.9089464186  68.7066313772  93.9828619701  126.333968153  167.764200604  220.965923703  289.887675727  380.982927908  506.22914078  691.266892568  1000.0  
