0.0418241404666  0.0924994734839  0.161180947484  0.257356052289  0.390352999809  0.568160126479  0.79554041275  1.0716651414  1.38779348203  1.72580477277  2.05850173585  2.3523796369  2.57290334348  2.69135151136  
0.0924994734839  0.204763372974  0.357300665984  0.571496446811  0.868574657639  1.26699400565  1.77820252372  2.40120574267  3.11709794662  3.88538891413  4.64430223039  5.31681593572  5.82276705807  6.09498315376  
0.161180947484  0.357300665984  0.624793918574  1.00200998862  1.52755395339  2.2357878655  3.14925198389  4.2686750567  5.56250946955  6.95928762794  8.3469811188  9.58313642458  10.5170953529  11.021005728  
0.257356052289  0.571496446811  1.00200998862  1.61236586051  2.46761043875  3.62732788736  5.13324246743  6.99223227138  9.15762505341  11.5141547732  13.8740251711  15.9916886718  17.6014187887  18.4734882273  
0.390352999809  0.868574657639  1.52755395339  2.46761043875  3.79371837335  5.60524955301  7.97683780865  10.9308952436  14.4055273824  18.2259244443  22.0917330137  25.5951305562  28.280604186  29.7438456806  
0.568160126479  1.26699400565  2.2357878655  3.62732788736  5.60524955301  8.33015884836  11.9317187226  16.4662327129  21.8637138531  27.8753102978  34.0405943203  39.7017651264  44.0916052513  46.5031902747  
0.79554041275  1.77820252372  3.14925198389  5.13324246743  7.97683780865  11.9317187226  17.2164732321  23.9546321827  32.0912911651  41.3004256761  50.909986697  59.8906782787  66.9681442992  70.9032953063  
1.0716651414  2.40120574267  4.2686750567  6.99223227138  10.9308952436  16.4662327129  23.9546321827  33.6429412137  45.5448459808  59.2862130954  73.9493715614  87.9840844714  99.3039944716  105.715105602  
1.38779348203  3.11709794662  5.56250946955  9.15762505341  14.4055273824  21.8637138531  32.0912911651  45.5448459808  62.4101375768  82.3633387885  104.27745339  125.947260002  144.029481336  154.577820952  
1.72580477277  3.88538891413  6.95928762794  11.5141547732  18.2259244443  27.8753102978  41.3004256761  59.2862130954  82.3633387885  110.480971179  142.517535558  175.638859167  204.711927619  222.53562942  
2.05850173585  4.64430223039  8.3469811188  13.8740251711  22.0917330137  34.0405943203  50.909986697  73.9493715614  104.27745339  142.517535558  188.12506282  238.195499619  285.609370077  317.308100416  
2.3523796369  5.31681593572  9.58313642458  15.9916886718  25.5951305562  39.7017651264  59.8906782787  87.9840844714  125.947260002  175.638859167  238.195499619  312.469782926  391.154085535  452.518218896  
2.57290334348  5.82276705807  10.5170953529  17.6014187887  28.280604186  44.0916052513  66.9681442992  99.3039944716  144.029481336  204.711927619  285.609370077  391.154085535  522.203688499  656.606647157  
2.69135151136  6.09498315376  11.021005728  18.4734882273  29.7438456806  46.5031902747  70.9032953063  105.715105602  154.577820952  222.53562942  317.308100416  452.518218896  656.606647157  1000.0  
