0.480769528119  0.989307526013  1.55125458575  2.18785655438  2.91348580769  3.73300600971  4.63921475981  5.61080377156  6.61146163309  7.59083642951  8.48797810603  9.23750069454  9.77801363452  10.0614895996  
0.989307526013  2.03686333038  3.19663945125  4.51373392547  6.01926331964  7.7248193175  9.61693778207  11.6524755563  13.756224658  15.8223665979  17.7212637818  19.3123565204  20.4624408082  21.0665251902  
1.55125458575  3.19663945125  5.02386154964  7.10719003819  9.49945876538  12.2230936332  15.2607667284  18.5470321052  21.9631098216  25.3376394981  28.456346267  31.0826319199  32.9886460658  33.9924295944  
2.18785655438  4.51373392547  7.10719003819  10.0798690498  13.5143289515  17.4509398009  21.8734667575  26.6950794664  31.7479008326  36.7805924351  41.4693267613  45.4468480804  48.3509111313  49.8864203146  
2.91348580769  6.01926331964  9.49945876538  13.5143289515  18.1877602271  23.5893125815  29.7131549241  36.4557547111  43.5962986409  50.7864353454  57.5584594795  63.3619592597  67.6354224134  69.9080723018  
3.73300600971  7.7248193175  12.2230936332  17.4509398009  23.5893125815  30.7537459289  38.9650357858  48.1152316556  57.933181251  67.9582380098  77.5364393332  85.8587166826  92.0603884456  95.3860752569  
4.63921475981  9.61693778207  15.2607667284  21.8734667575  29.7131549241  38.9650357858  49.7028526348  61.8397634207  75.0715512764  88.8212524091  102.204847857  114.052349434  123.030810036  127.905200366  
5.61080377156  11.6524755563  18.5470321052  26.6950794664  36.4557547111  48.1152316556  61.8397634207  77.6096396942  95.1325290688  113.741111667  132.295472223  149.141323012  162.220112043  169.455758978  
6.61146163309  13.756224658  21.9631098216  31.7479008326  43.5962986409  57.933181251  75.0715512764  95.1325290688  117.925958111  142.782947987  168.346144384  192.370414922  211.69481533  222.714035971  
7.59083642951  15.8223665979  25.3376394981  36.7805924351  50.7864353454  67.9582380098  88.8212524091  113.741111667  142.782947987  175.476261543  210.4437853  244.886519217  274.089782585  291.610046306  
8.48797810603  17.7212637818  28.456346267  41.4693267613  57.5584594795  77.5364393332  102.204847857  132.295472223  168.346144384  210.4437853  257.704717596  307.284641598  352.762944482  382.574259667  
9.23750069454  19.3123565204  31.0826319199  45.4468480804  63.3619592597  85.8587166826  114.052349434  149.141323012  192.370414922  244.886519217  307.284641598  378.307680189  451.448736379  507.549850696  
9.77801363452  20.4624408082  32.9886460658  48.3509111313  67.6354224134  92.0603884456  123.030810036  162.220112043  211.69481533  274.089782585  352.762944482  451.448736379  571.011393068  692.111259433  
10.0614895996  21.0665251902  33.9924295944  49.8864203146  69.9080723018  95.3860752569  127.905200366  169.455758978  222.714035971  291.610046306  382.574259667  507.549850696  692.111259433  1000.0  
