9.71947720814e-18  1.29454373825e-16  1.5679256002e-15  1.72374907191e-14  1.70761659916e-13  1.51102805522e-12  1.18170195665e-11  8.06123645135e-11  4.71817907192e-10  2.31925915666e-09  9.30644809479e-09  2.9316152045e-08  6.85847701661e-08  1.10092690844e-07  
1.29454373825e-16  1.7035613991e-15  2.03889460582e-14  2.21557014552e-13  2.17002916827e-12  1.89907998655e-11  1.46933282459e-10  9.92022240884e-10  5.74905772694e-09  2.79970426148e-08  1.11376322353e-07  3.48160021246e-07  8.09431272507e-07  1.29418861912e-06  
1.5679256002e-15  2.03889460582e-14  2.41169320068e-13  2.59071473235e-12  2.50918092156e-11  2.17209694634e-10  1.66294941939e-09  1.11142212142e-08  6.37912108037e-08  3.07848620613e-07  1.21451704821e-06  3.7688817754e-06  8.7109453789e-06  1.38775504368e-05  
1.72374907191e-14  2.21557014552e-13  2.59071473235e-12  2.75197440449e-11  2.63642211584e-10  2.25821265663e-09  1.71131646468e-08  1.1326206079e-07  6.44086943227e-07  3.08158378667e-06  1.20626522653e-05  3.71805913511e-05  8.54819377328e-05  0.000135756306175  
1.70761659916e-13  2.17002916827e-12  2.50918092156e-11  2.63642211584e-10  2.49909006474e-09  2.11876348305e-08  1.58991770682e-07  1.04246409415e-06  5.87624720719e-06  2.78876713213e-05  0.000108379846287  0.000332039506463  0.000759940545283  0.00120386637609  
1.51102805522e-12  1.89907998655e-11  2.17209694634e-10  2.25821265663e-09  2.11876348305e-08  1.77869352475e-07  1.32222366542e-06  8.59274992113e-06  4.80385410453e-05  0.000226290149622  0.000873780745887  0.00266320013814  0.00607381495058  0.00960622224114  
1.18170195665e-11  1.46933282459e-10  1.66294941939e-09  1.71131646468e-08  1.58991770682e-07  1.32222366542e-06  9.7417669356e-06  6.27849457708e-05  0.00034835790841  0.00163011615739  0.00626019062922  0.0190053016502  0.043252088609  0.068381840708  
8.06123645135e-11  9.92022240884e-10  1.11142212142e-08  1.1326206079e-07  1.04246409415e-06  8.59274992113e-06  6.27849457708e-05  0.00040157840965  0.00221320846694  0.0102988602749  0.0393883046893  0.119308309565  0.271493118207  0.429910288445  
4.71817907192e-10  5.74905772694e-09  6.37912108037e-08  6.44086943227e-07  5.87624720719e-06  4.80385410453e-05  0.00034835790841  0.00221320846694  0.0121291773579  0.0562054569653  0.214466954726  0.649728738457  1.48291539734  2.35935084873  
2.31925915666e-09  2.79970426148e-08  3.07848620613e-07  3.08158378667e-06  2.78876713213e-05  0.000226290149622  0.00163011615739  0.0102988602749  0.0562054569653  0.259853111531  0.991831258114  3.0161146678  6.93854073558  11.153116969  
9.30644809479e-09  1.11376322353e-07  1.21451704821e-06  1.20626522653e-05  0.000108379846287  0.000873780745887  0.00626019062922  0.0393883046893  0.214466954726  0.991831258114  3.80096250823  11.6669026061  27.2771975343  44.7626178668  
2.9316152045e-08  3.48160021246e-07  3.7688817754e-06  3.71805913511e-05  0.000332039506463  0.00266320013814  0.0190053016502  0.119308309565  0.649728738457  3.0161146678  11.6669026061  36.4601941425  87.8949083249  150.496880412  
6.85847701661e-08  8.09431272507e-07  8.7109453789e-06  8.54819377328e-05  0.000759940545283  0.00607381495058  0.043252088609  0.271493118207  1.48291539734  6.93854073558  27.2771975343  87.8949083249  224.121759489  421.366863509  
1.10092690844e-07  1.29418861912e-06  1.38775504368e-05  0.000135756306175  0.00120386637609  0.00960622224114  0.068381840708  0.429910288445  2.35935084873  11.153116969  44.7626178668  150.496880412  421.366863509  1000.0  
