0.00264585253738  0.00653132844734  0.0131915108399  0.0247079270265  0.0438403945585  0.0739214963203  0.118373484795  0.179755545043  0.258408834257  0.351031999161  0.449796656996  0.542713436085  0.615683663996  0.655971383155  
0.00653132844734  0.0161393469488  0.0326454007725  0.0612546025205  0.108906711713  0.184042238221  0.29542239827  0.449748166655  0.64821280404  0.882795744925  1.13384356716  1.37081284072  1.55741825482  1.66063126196  
0.0131915108399  0.0326454007725  0.0661731523642  0.124484594229  0.221974243342  0.376333488812  0.606214337799  0.926346223868  1.34027266423  1.83228224551  2.36176228434  2.8641304009  3.26142036911  3.48179473928  
0.0247079270265  0.0612546025205  0.124484594229  0.234913194997  0.420388212344  0.715580634874  1.15775434172  1.77749095889  2.58440591759  3.55060718114  4.59812504575  5.5989773338  6.39517349764  6.83860323121  
0.0438403945585  0.108906711713  0.221974243342  0.420388212344  0.755428300436  1.2919126569  2.1010974224  3.2440854504  4.74514638224  6.55922865685  8.5448617269  10.4596487231  11.9951515905  12.8551402845  
0.0739214963203  0.184042238221  0.376333488812  0.715580634874  1.2919126569  2.22125029528  3.63437699399  5.6490752497  8.3228518082  11.5918137179  15.2141316607  18.7502976584  21.6173847989  23.2360193573  
0.118373484795  0.29542239827  0.606214337799  1.15775434172  2.1010974224  3.63437699399  5.98779436336  9.38015355613  13.9399827685  19.5960160749  25.9636569685  32.2829703114  37.4862390636  40.4584715098  
0.179755545043  0.449748166655  0.926346223868  1.77749095889  3.2440854504  5.6490752497  9.38015355613  14.827978399  22.2638797798  31.6550612628  42.4474198441  53.3997805157  62.6196314067  67.9818675349  
0.258408834257  0.64821280404  1.34027266423  2.58440591759  4.74514638224  8.3228518082  13.9399827685  22.2638797798  33.8345979982  48.7769776943  66.4121217498  84.8643955539  100.910218311  110.515776164  
0.351031999161  0.882795744925  1.83228224551  3.55060718114  6.55922865685  11.5918137179  19.5960160749  31.6550612628  48.7769776943  71.4950948256  99.2393716262  129.512375791  157.143909725  174.506658213  
0.449796656996  1.13384356716  2.36176228434  4.59812504575  8.5448617269  15.2141316607  25.9636569685  42.4474198441  66.4121217498  99.2393716262  141.08588103  189.421106673  236.871068595  269.317091534  
0.542713436085  1.37081284072  2.8641304009  5.5989773338  10.4596487231  18.7502976584  32.2829703114  53.3997805157  84.8643955539  129.512375791  189.421106673  263.999736031  345.588724396  410.444544312  
0.615683663996  1.55741825482  3.26142036911  6.39517349764  11.9951515905  21.6173847989  37.4862390636  62.6196314067  100.910218311  157.143909725  236.871068595  345.588724396  484.410917883  628.852914431  
0.655971383155  1.66063126196  3.48179473928  6.83860323121  12.8551402845  23.2360193573  40.4584715098  67.9818675349  110.515776164  174.506658213  269.317091534  410.444544312  628.852914431  1000.0  
