0.000169351932693  0.00047475695013  0.00112326631932  0.00247398504621  0.00512686302711  0.00999087758638  0.0182672720985  0.031255736952  0.0499088928161  0.074163897265  0.102270551365  0.130522926613  0.153806593338  0.167044862005  
0.00047475695013  0.00133196684538  0.00315492238136  0.00695821426221  0.0144427854039  0.028197026819  0.0516618940247  0.0885943708481  0.141804780992  0.211230461274  0.291956918083  0.373363837226  0.440635644918  0.478954245101  
0.00112326631932  0.00315492238136  0.00748460293545  0.016539345709  0.0344079419499  0.0673510871765  0.123761782251  0.212922860527  0.341977818207  0.511195796486  0.708953937521  0.909340050746  1.07561084442  1.17058639362  
0.00247398504621  0.00695821426221  0.016539345709  0.0366352611504  0.0764282398779  0.150085967488  0.276800690952  0.478143276931  0.771297623885  1.15814799166  1.61325032998  2.07737464683  2.46463722965  2.68671046084  
0.00512686302711  0.0144427854039  0.0344079419499  0.0764282398779  0.159972129474  0.315353729418  0.584157235235  1.01403631452  1.6445347241  2.48329017366  3.47849721916  4.50208738633  5.36264817476  5.85881874263  
0.00999087758638  0.028197026819  0.0673510871765  0.150085967488  0.315353729418  0.624461830122  1.16277652295  2.03041588606  3.31450087811  5.04018660291  7.11051216954  9.26409167573  11.0936128204  12.156659473  
0.0182672720985  0.0516618940247  0.123761782251  0.276800690952  0.584157235235  1.16277652295  2.17838387587  3.83073433045  6.3034038435  9.6692961404  13.76580055  18.0924362915  21.8222010104  24.0143096369  
0.031255736952  0.0885943708481  0.212922860527  0.478143276931  1.01403631452  2.03041588606  3.83073433045  6.79260261749  11.2851727525  17.5000006636  25.2068490118  33.5173703235  40.8337119042  45.2099202675  
0.0499088928161  0.141804780992  0.341977818207  0.771297623885  1.6445347241  3.31450087811  6.3034038435  11.2851727525  18.9654551077  29.8060453638  43.581566882  58.8660856562  72.7444295141  81.2827359148  
0.074163897265  0.211230461274  0.511195796486  1.15814799166  2.48329017366  5.04018660291  9.6692961404  17.5000006636  29.8060453638  47.6110026028  70.962905675  97.912218836  123.539562416  140.068834493  
0.102270551365  0.291956918083  0.708953937521  1.61325032998  3.47849721916  7.11051216954  13.76580055  25.2068490118  43.581566882  70.962905675  108.342156015  153.86241816  200.275232976  232.780221378  
0.130522926613  0.373363837226  0.909340050746  2.07737464683  4.50208738633  9.26409167573  18.0924362915  33.5173703235  58.8660856562  97.912218836  153.86241816  227.039253247  309.85766779  377.04223508  
0.153806593338  0.440635644918  1.07561084442  2.46463722965  5.36264817476  11.0936128204  21.8222010104  40.8337119042  72.7444295141  123.539562416  200.275232976  309.85766779  453.990260419  606.285866974  
0.167044862005  0.478954245101  1.17058639362  2.68671046084  5.85881874263  12.156659473  24.0143096369  45.2099202675  81.2827359148  140.068834493  232.780221378  377.04223508  606.285866974  1000.0  
