0.385760016768  0.79794202105  1.26115246986  1.79618569245  2.41773624967  3.13184839128  3.93332426174  4.80353552474  5.7092871126  6.60348976165  7.42830895307  8.12107534123  8.62253584879  8.88611914397  
0.79794202105  1.65150481442  2.61266185223  3.72568406656  5.02241231617  6.51687563544  8.1996779976  10.0330603039  11.9480179626  13.8451610409  15.6009163648  17.0799364556  18.1530529726  18.7179805098  
1.26115246986  2.61266185223  4.13941558105  5.91463582253  7.99244637424  10.3991232885  13.1235917632  16.1085443034  19.244430804  22.369281919  25.2774806113  27.7396579232  29.5333715272  30.4801600045  
1.79618569245  3.72568406656  5.91463582253  8.47365955652  11.4874222507  15.001800073  19.0091886052  23.4337346858  28.1197280525  32.8278617673  37.2449778658  41.0122601668  43.7733321923  45.2365729309  
2.41773624967  5.02241231617  7.99244637424  11.4874222507  15.6345036134  20.510752966  26.1216262779  32.3775467348  39.0727066256  45.8729894693  52.3225272149  57.8793246871  61.9867380268  64.1760813605  
3.13184839128  6.51687563544  10.3991232885  15.001800073  20.510752966  27.051463132  34.6590622018  43.2427733111  52.5492389645  62.1337481885  71.3542356628  79.4082586489  85.4327447883  88.6707756986  
3.93332426174  8.1996779976  13.1235917632  19.0091886052  26.1216262779  34.6590622018  44.7131614892  56.2178865838  68.8897229924  82.1689175247  95.1821345983  106.761850079  115.570052507  120.362785916  
4.80353552474  10.0330603039  16.1085443034  23.4337346858  32.3775467348  43.2427733111  56.2178865838  71.3082983673  88.2457751524  106.38143652  124.583715995  141.19376081  154.136252422  161.312325694  
5.7092871126  11.9480179626  19.244430804  28.1197280525  39.0727066256  52.5492389645  68.8897229924  88.2457751524  110.45586699  134.871642192  160.14154808  184.006126236  203.268972013  214.276633688  
6.60348976165  13.8451610409  22.369281919  32.8278617673  45.8729894693  62.1337481885  82.1689175247  106.38143652  134.871642192  167.194205236  201.977297878  236.397211088  265.676922911  283.278748517  
7.42830895307  15.6009163648  25.2774806113  37.2449778658  52.3225272149  71.3542356628  95.1821345983  124.583715995  160.14154808  201.977297878  249.219314211  298.994573882  344.789378027  374.863580997  
8.12107534123  17.0799364556  27.7396579232  41.0122601668  57.8793246871  79.4082586489  106.761850079  141.19376081  184.006126236  236.397211088  298.994573882  370.531085457  444.39734859  501.142672575  
8.62253584879  18.1530529726  29.5333715272  43.7733321923  61.9867380268  85.4327447883  115.570052507  154.136252422  203.268972013  265.676922911  344.789378027  444.39734859  565.355808261  688.012110372  
8.88611914397  18.7179805098  30.4801600045  45.2365729309  64.1760813605  88.6707756986  120.362785916  161.312325694  214.276633688  283.278748517  374.863580997  501.142672575  688.012110372  1000.0  
