0.266780526705  0.557023684908  0.892903182266  1.29377236621  1.77422355825  2.34172011305  2.99399443424  3.71665331182  4.48166593331  5.24754693072  5.96197782191  6.56723073296  7.00803460895  7.24058417827  
0.557023684908  1.163796146  1.86748699654  2.7095722088  3.72180252913  4.9211776949  6.30429153409  7.84195013809  9.47550255393  11.1166920406  12.6527910575  13.958054055  14.9109528966  15.4144461021  
0.892903182266  1.86748699654  3.0016010522  4.36450455449  6.01048159807  7.97060226415  10.2431030357  12.7837591873  15.4986021638  18.2421490812  20.8245374477  23.0300278906  24.646742323  25.5032821164  
1.29377236621  2.7095722088  4.36450455449  6.36436223356  8.79460168041  11.7081403118  15.1104096316  18.9434388655  23.0723667064  27.279408692  31.2713323839  34.7058581419  37.2387741674  38.5861304556  
1.77422355825  3.72180252913  6.01048159807  8.79460168041  12.203282378  16.3234679519  21.1779380954  26.7001932998  32.7105919304  38.9010948498  44.838786541  49.999319286  53.8376143622  55.8911819176  
2.34172011305  4.9211776949  7.97060226415  11.7081403118  16.3234679519  21.9555678537  28.6619373643  36.3806316519  44.8899008474  53.7750669705  62.4184566359  70.0337087309  75.765218347  78.8572758257  
2.99399443424  6.30429153409  10.2431030357  15.1104096316  21.1779380954  28.6619373643  37.6824653302  48.2088917786  59.9951113416  72.5148354701  84.9186494121  96.0498483855  104.568405909  109.220644897  
3.71665331182  7.84195013809  12.7837591873  18.9434388655  26.7001932998  36.3806316519  48.2088917786  62.2335862225  78.2305795909  95.5878879921  113.195637572  129.395962606  142.09404309  149.160106529  
4.48166593331  9.47550255393  15.4986021638  23.0723667064  32.7105919304  44.8899008474  59.9951113416  78.2305795909  99.4873932926  123.158865624  147.912473847  171.47545281  190.603245455  201.572141053  
5.24754693072  11.1166920406  18.2421490812  27.279408692  38.9010948498  53.7750669705  72.5148354701  95.5878879921  123.158865624  154.832748973  189.257291293  223.579918914  252.933699792  270.63889335  
5.96197782191  12.6527910575  20.8245374477  31.2713323839  44.838786541  62.4184566359  84.9186494121  113.195637572  147.912473847  189.257291293  236.389127321  286.400076707  332.638323668  363.095789995  
6.56723073296  13.958054055  23.0300278906  34.7058581419  49.999319286  70.0337087309  96.0498483855  129.395962606  171.47545281  223.579918914  286.400076707  358.662754481  433.604765453  491.323328254  
7.00803460895  14.9109528966  24.646742323  37.2387741674  53.8376143622  75.765218347  104.568405909  142.09404309  190.603245455  252.933699792  332.638323668  433.604765453  556.676651692  681.714887093  
7.24058417827  15.4144461021  25.5032821164  38.5861304556  55.8911819176  78.8572758257  109.220644897  149.160106529  201.572141053  270.63889335  363.095789995  491.323328254  681.714887093  1000.0  
