1.10721103186e-07  4.50840439175e-07  1.62734808552e-06  5.44211646275e-06  1.68297929933e-05  4.78995882168e-05  0.000124780852491  0.000295723412225  0.000633332628892  0.00121677613513  0.00208082262871  0.00314220428988  0.00415821391088  0.00479220808743  
4.50840439175e-07  1.83390565065e-06  6.61340321311e-06  2.21000626732e-05  6.83114835669e-05  0.000194382139879  0.000506422606168  0.00120068562485  0.00257330603698  0.00494891501943  0.00847349677455  0.0128118992961  0.0169731239649  0.0195737176909  
1.62734808552e-06  6.61340321311e-06  2.38293345328e-05  7.9585284568e-05  0.000245934800869  0.000699875131848  0.00182423454933  0.00432888321966  0.00928951469  0.0178947302733  0.0306974667445  0.0465048636648  0.0617121303886  0.0712380185776  
5.44211646275e-06  2.21000626732e-05  7.9585284568e-05  0.000265728937326  0.000821237031209  0.002338242368  0.00610052712862  0.0144974677284  0.0311712308789  0.0601902996214  0.103533723526  0.157280746334  0.209206283974  0.241840350102  
1.68297929933e-05  6.83114835669e-05  0.000245934800869  0.000821237031209  0.00253936291909  0.0072374125255  0.0189119393622  0.0450396402803  0.0971088738069  0.188141030025  0.324842020381  0.495371548422  0.661104522589  0.765760400916  
4.78995882168e-05  0.000194382139879  0.000699875131848  0.002338242368  0.0072374125255  0.0206600820184  0.0541083540985  0.129248495883  0.279727160677  0.544421316259  0.944831790967  1.44847894374  1.94210023649  2.25598237648  
0.000124780852491  0.000506422606168  0.00182423454933  0.00610052712862  0.0189119393622  0.0541083540985  0.142145385669  0.340908882267  0.741548738746  1.45205947215  2.53761004459  3.91881699  5.28898016596  6.16935334696  
0.000295723412225  0.00120068562485  0.00432888321966  0.0144974677284  0.0450396402803  0.129248495883  0.340908882267  0.821882712043  1.79958306302  3.55230463835  6.2664588216  9.77565858354  13.3186436927  15.6320842937  
0.000633332628892  0.00257330603698  0.00928951469  0.0311712308789  0.0971088738069  0.279727160677  0.741548738746  1.79958306302  3.97366274254  7.92659166494  14.1599335323  22.4028635075  30.9456739019  36.6700677408  
0.00121677613513  0.00494891501943  0.0178947302733  0.0601902996214  0.188141030025  0.544421316259  1.45205947215  3.55230463835  7.92659166494  16.0259587332  29.1119319005  46.9754353504  66.2354772435  79.713176691  
0.00208082262871  0.00847349677455  0.0306974667445  0.103533723526  0.324842020381  0.944831790967  2.53761004459  6.2664588216  14.1599335323  29.1119319005  54.0543109733  89.6554662624  130.434516146  161.21171149  
0.00314220428988  0.0128118992961  0.0465048636648  0.157280746334  0.495371548422  1.44847894374  3.91881699  9.77565858354  22.4028635075  46.9754353504  89.6554662624  154.415173194  235.785397825  306.143018639  
0.00415821391088  0.0169731239649  0.0617121303886  0.209206283974  0.661104522589  1.94210023649  5.28898016596  13.3186436927  30.9456739019  66.2354772435  130.434516146  235.785397825  387.636942965  556.08437678  
0.00479220808743  0.0195737176909  0.0712380185776  0.241840350102  0.765760400916  2.25598237648  6.16935334696  15.6320842937  36.6700677408  79.713176691  161.21171149  306.143018639  556.08437678  1000.0  
