0.243722164873  0.510108172977  0.820656835491  1.1942818328  1.64545761404  2.18190223176  2.80198215322  3.49227718032  4.22598444733  4.96298497301  5.6523332918  6.23755354324  6.66439893026  6.88978419807  
0.510108172977  1.06836634746  1.72059817515  2.50741300819  3.46034905452  4.59694770736  5.91510742003  7.38761325962  8.95829019802  10.541612827  12.0275721427  13.2928754685  14.2179791992  14.7072226244  
0.820656835491  1.72059817515  2.77566892951  4.05386414442  5.609210186  7.473672203  9.64753538665  12.0896244523  14.7097305698  17.3664558964  19.8739333092  22.0199556161  23.5954388147  24.4308859644  
1.1942818328  2.50741300819  4.05386414442  5.93781946345  8.24451363194  11.0282168316  14.2972654951  17.9979035775  22.0003591149  26.0922520865  29.9854882096  33.3421704656  35.82140656  37.1414026434  
1.64545761404  3.46034905452  5.609210186  8.24451363194  11.4953122464  15.4505075799  20.1367947346  25.493181289  31.3464985099  37.3953629996  43.2129135869  48.2796487652  52.0538436617  54.0749458759  
2.18190223176  4.59694770736  7.473672203  11.0282168316  15.4505075799  20.882282656  27.3861676347  34.9071852997  43.2315145696  51.9522870974  60.458464884  67.9683961766  73.6290605168  76.6856513845  
2.80198215322  5.91510742003  9.64753538665  14.2972654951  20.1367947346  27.3861676347  36.1720409881  46.4724408748  58.0507698207  70.3896151091  82.6463561032  93.6680070107  102.115095982  106.732417791  
3.49227718032  7.38761325962  12.0896244523  17.9979035775  25.493181289  34.9071852997  46.4724408748  60.2482216746  76.0217168198  93.1909061719  110.652465329  126.750179811  139.385862057  146.423359314  
4.22598444733  8.95829019802  14.7097305698  22.0003591149  31.3464985099  43.2315145696  58.0507698207  76.0217168198  97.0490287012  120.537388553  145.160464348  168.644000876  187.733500366  198.689738348  
4.96298497301  10.541612827  17.3664558964  26.0922520865  37.3953629996  51.9522870974  70.3896151091  93.1909061719  120.537388553  152.047708441  186.376168907  220.665217336  250.028286153  267.753371086  
5.6523332918  12.0275721427  19.8739333092  29.9854882096  43.2129135869  60.458464884  82.6463561032  110.652465329  145.160464348  186.376168907  233.467937635  283.521550696  329.854275966  360.396376578  
6.23755354324  13.2928754685  22.0199556161  33.3421704656  48.2796487652  67.9683961766  93.6680070107  126.750179811  168.644000876  220.665217336  283.521550696  355.940207211  431.123256714  489.06324493  
6.66439893026  14.2179791992  23.5954388147  35.82140656  52.0538436617  73.6290605168  102.115095982  139.385862057  187.733500366  250.028286153  329.854275966  431.123256714  554.676820882  680.262675973  
6.88978419807  14.7072226244  24.4308859644  37.1414026434  54.0749458759  76.6856513845  106.732417791  146.423359314  198.689738348  267.753371086  360.396376578  489.06324493  680.262675973  1000.0  
