0.174824270709  0.369304367479  0.602353369685  0.891107875948  1.2493867372  1.68557495916  2.20008423673  2.78280811209  3.41125334079  4.05020178929  4.65372005826  5.16997085519  5.54854908712  5.74909579941  
0.369304367479  0.780696852735  1.27480598622  1.88870337698  2.65268206455  3.58573083903  4.68998398553  5.94500321746  7.30334972701  8.68934951267  10.0029778434  11.1300919552  11.9586499418  12.3982656678  
0.602353369685  1.27480598622  2.08537162813  3.0967976067  4.36142138104  5.91367151609  7.76055240074  9.87141985761  12.1694428359  14.5280891959  16.7763122854  18.7152348951  20.1464823566  20.9079424073  
0.891107875948  1.88870337698  3.0967976067  4.61273385411  6.5198644369  8.87631264297  11.700063231  14.9520715138  18.5208693676  22.2139756488  25.7626199487  28.8457325679  31.1354338058  32.358550385  
1.2493867372  2.65268206455  4.36142138104  6.5198644369  9.25537254012  12.6626222636  16.7814965554  21.570455368  26.8798956435  32.433285213  37.8269433139  42.5604563825  46.1057764364  48.0105959053  
1.68557495916  3.58573083903  5.91367151609  8.87631264297  12.6626222636  17.4227451614  23.2368281138  30.07480591  37.7520936787  45.8914417439  53.9078069027  61.038871771  66.4431836832  69.370955313  
2.20008423673  4.68998398553  7.76055240074  11.700063231  16.7814965554  23.2368281138  31.2155684023  40.7270475961  51.5701550688  63.2616920526  74.9864608607  85.6080991751  93.792151931  98.2802545863  
2.78280811209  5.94500321746  9.87141985761  14.9520715138  21.570455368  30.07480591  40.7270475961  53.6253828832  68.5996973023  85.0869540378  102.011304663  117.726630448  130.126461591  137.054674314  
3.41125334079  7.30334972701  12.1694428359  18.5208693676  26.8798956435  37.7520936787  51.5701550688  68.5996973023  88.7969485522  111.611511966  135.744164758  158.920339698  177.854451294  188.755225255  
4.05020178929  8.68934951267  14.5280891959  22.2139756488  32.433285213  45.8914417439  63.2616920526  85.0869540378  111.611511966  142.507991378  176.45988858  210.59754298  239.969256719  257.751819137  
4.65372005826  10.0029778434  16.7763122854  25.7626199487  37.8269433139  53.9078069027  74.9864608607  102.011304663  135.744164758  176.45988858  223.36648215  273.533199418  320.172260997  350.998765158  
5.16997085519  11.1300919552  18.7152348951  28.8457325679  42.5604563825  61.038871771  85.6080991751  117.726630448  158.920339698  210.59754298  273.533199418  346.461607889  422.465774455  481.170890097  
5.54854908712  11.9586499418  20.1464823566  31.1354338058  46.1057764364  66.4431836832  93.792151931  130.126461591  177.854451294  239.969256719  320.172260997  422.465774455  547.686334003  675.18256166  
5.74909579941  12.3982656678  20.9079424073  32.358550385  48.0105959053  69.370955313  98.2802545863  137.054674314  188.755225255  257.751819137  350.998765158  481.170890097  675.18256166  1000.0  
