0.302790326153  0.630126024169  1.00508541808  1.44758961351  1.97234084557  2.58638701882  3.28651636656  4.05692649368  4.86783608231  5.67583426223  6.42668591379  7.06092949852  7.52188530906  7.76476311916  
0.630126024169  1.31215958076  2.09506661104  3.02143495036  4.12319925414  5.41648276235  6.89594274107  8.52952693576  10.2550643626  11.9804604001  13.5892048419  14.9521682989  15.9451052634  16.4690949892  
1.00508541808  2.09506661104  3.35044969057  4.84209762434  6.62447677523  8.727226  11.1455555411  13.8308547  16.6838324258  19.5532924005  22.2438425592  24.5349021964  26.2107978219  27.097567632  
1.44758961351  3.02143495036  4.84209762434  7.01737691493  9.63278787967  12.7391155066  16.3375265151  20.364020285  24.6765701006  29.0498793897  33.1836582267  36.7296793632  39.3392824956  40.725663981  
1.97234084557  4.12319925414  6.62447677523  9.63278787967  13.2770112786  17.6410521509  22.7419809489  28.5054661116  34.7428097518  41.1367905702  47.2462610407  52.5403971059  56.4697383545  58.5693384055  
2.58638701882  5.41648276235  8.727226  12.7391155066  17.6410521509  23.5678026568  30.5694384246  38.574165245  47.3492128323  56.4692207067  65.3076146688  73.0719066897  78.9033381913  82.045312039  
3.28651636656  6.89594274107  11.1455555411  16.3375265151  22.7419809489  30.5694384246  39.9304637721  50.7822587525  62.8655847391  75.6421210626  88.253506009  99.5384876339  108.15691776  112.857795544  
4.05692649368  8.52952693576  13.8308547  20.364020285  28.5054661116  38.574165245  50.7822587525  65.163442212  81.4780160029  99.1005998431  116.912910823  133.255652936  146.039610978  153.144701226  
4.86783608231  10.2550643626  16.6838324258  24.6765701006  34.7428097518  47.3492128323  62.8655847391  81.4780160029  103.058976167  126.986567279  151.920551842  175.591367963  194.769555887  205.754208515  
5.67583426223  11.9804604001  19.5532924005  29.0498793897  41.1367905702  56.4692207067  75.6421210626  99.1005998431  126.986567279  158.886696922  193.440673076  227.804221815  257.139428462  274.813346186  
6.42668591379  13.5892048419  22.2438425592  33.1836582267  47.2462610407  65.3076146688  88.253506009  116.912910823  151.920551842  193.440673076  240.620400611  290.562093061  336.659088124  366.992179878  
7.06092949852  14.9521682989  24.5349021964  36.7296793632  52.5403971059  73.0719066897  99.5384876339  133.255652936  175.591367963  227.804221815  290.562093061  362.592470783  437.182691332  494.580411479  
7.52188530906  15.9451052634  26.2107978219  39.3392824956  56.4697383545  78.9033381913  108.15691776  146.039610978  194.769555887  257.139428462  336.659088124  437.182691332  559.557199518  683.805823095  
7.76476311916  16.4690949892  27.097567632  40.725663981  58.5693384055  82.045312039  112.857795544  153.144701226  205.754208515  274.813346186  366.992179878  494.580411479  683.805823095  1000.0  
