0.0264598445272  0.0594936456584  0.106084829326  0.173801837106  0.270517132002  0.403492754709  0.577770885249  0.794018752938  1.04627126006  1.32031476892  1.59361412485  1.83752204016  2.021908625  2.12139007564  
0.0594936456584  0.133897921892  0.239103478544  0.392433990022  0.612063160199  0.914976316285  1.31330231023  1.80931019727  2.39004464736  3.02330503115  3.65712223024  4.22461178971  4.65473758069  4.88719942417  
0.106084829326  0.239103478544  0.427900721096  0.704203667879  1.10172571659  1.6525973179  2.38071135573  3.292383251  4.36597716682  5.54360343392  6.72906546217  7.79604665255  8.60822251923  9.04840692891  
0.173801837106  0.392433990022  0.704203667879  1.16284225012  1.82636943155  2.75143812964  3.98226418826  5.53449856299  7.37649473401  9.413099335  11.4794738722  13.3529644046  14.7877277413  15.5685239414  
0.270517132002  0.612063160199  1.10172571659  1.82636943155  2.8815575531  4.363244834  6.35042837229  8.87868304564  11.9077439365  15.2909124468  18.7589913113  21.9342102892  24.3861881339  25.7282222518  
0.403492754709  0.914976316285  1.6525973179  2.75143812964  4.363244834  6.6451889483  9.73424431839  13.7058525494  18.5200668437  23.9657037482  29.6224515553  34.8692691794  38.9676604864  41.2292026111  
0.577770885249  1.31330231023  2.38071135573  3.98226418826  6.35042837229  9.73424431839  14.3640434986  20.3904808222  27.7992417229  36.3131340557  45.3094374406  53.8005230124  60.5404103413  64.304429072  
0.794018752938  1.80931019727  3.292383251  5.53449856299  8.87868304564  13.7058525494  20.3904808222  29.216989878  40.252760037  53.1854578989  67.1558101651  80.6567788724  91.6227989247  97.8604714038  
1.04627126006  2.39004464736  4.36597716682  7.37649473401  11.9077439365  18.5200668437  27.7992417229  40.252760037  56.1363016188  75.2032877415  96.3944417421  117.544955786  135.313506783  145.722687018  
1.32031476892  3.02330503115  5.54360343392  9.413099335  15.2909124468  23.9657037482  36.3131340557  53.1854578989  75.2032877415  102.412488302  133.771114674  166.480070728  195.375293046  213.161297901  
1.59361412485  3.65712223024  6.72906546217  11.4794738722  18.7589913113  29.6224515553  45.3094374406  67.1558101651  96.3944417421  133.771114674  178.840998412  228.735401595  276.261585106  308.152219591  
1.83752204016  4.22461178971  7.79604665255  13.3529644046  21.9342102892  34.8692691794  53.8005230124  80.6567788724  117.544955786  166.480070728  228.735401595  303.227841796  382.558440678  444.618868041  
2.021908625  4.65473758069  8.60822251923  14.7877277413  24.3861881339  38.9676604864  60.5404103413  91.6227989247  135.313506783  195.375293046  276.261585106  382.558440678  515.145409256  651.443490157  
2.12139007564  4.88719942417  9.04840692891  15.5685239414  25.7282222518  41.2292026111  64.304429072  97.8604714038  145.722687018  213.161297901  308.152219591  444.618868041  651.443490157  1000.0  
