0.0113318072996  0.0263220058132  0.0490692380685  0.0844019329421  0.13785159803  0.215140312013  0.321063037621  0.457792654181  0.622892044738  0.807629370197  0.996421049274  1.1681757775  1.29982647344  1.37145199031  
0.0263220058132  0.0612043947987  0.114268319602  0.196909436908  0.322277372927  0.504113002086  0.754137723023  1.07802074623  1.47055366965  1.91142743409  2.36361762337  2.7763562894  3.09356608622  3.2664491569  
0.0490692380685  0.114268319602  0.213811771589  0.369447105446  0.60653935706  0.951993700127  1.42936494638  2.05108577024  2.80888150929  3.66497737487  4.54808018109  5.35836502587  5.98378545392  6.32562040244  
0.0844019329421  0.196909436908  0.369447105446  0.640512098879  1.05560635827  1.66389914294  2.50982218868  3.6192038243  4.9814921678  6.5324737805  8.1448048571  9.63489734545  10.7919787291  11.4269837005  
0.13785159803  0.322277372927  0.60653935706  1.05560635827  1.74746241815  2.76821318979  4.19853121027  6.09021419798  8.43468729735  11.1302469903  13.9606683695  16.601703483  18.6694342508  19.8106816656  
0.215140312013  0.504113002086  0.951993700127  1.66389914294  2.76821318979  4.41017804474  6.73143235132  9.83245856902  13.7192231568  18.2432587916  23.0553164658  27.6029334364  31.2038091425  33.2074047677  
0.321063037621  0.754137723023  1.42936494638  2.50982218868  4.19853121027  6.73143235132  10.3488627615  15.2390392027  21.4522299664  28.7956608191  36.7376384521  44.3724216292  50.514183359  53.9724814034  
0.457792654181  1.07802074623  2.05108577024  3.6192038243  6.09021419798  9.83245856902  15.2390392027  22.6491823758  32.2189037101  43.7464348097  56.4846276795  69.0168755386  79.3297183933  85.2434723516  
0.622892044738  1.47055366965  2.80888150929  4.9814921678  8.43468729735  13.7192231568  21.4522299664  32.2189037101  46.3941013853  63.8735329727  83.7326898747  103.898782354  121.054749626  131.18447572  
0.807629370197  1.91142743409  3.66497737487  6.5324737805  11.1302469903  18.2432587916  28.7956608191  43.7464348097  63.8735329727  89.4047999253  119.460838236  151.331566246  179.823537784  197.493388385  
0.996421049274  2.36361762337  4.54808018109  8.1448048571  13.9606683695  23.0553164658  36.7376384521  56.4846276795  83.7326898747  119.460838236  163.428859404  212.863895548  260.472226116  292.637750711  
1.1681757775  2.7763562894  5.35836502587  9.63489734545  16.601703483  27.6029334364  44.3724216292  69.0168755386  103.898782354  151.331566246  212.863895548  287.562253945  367.894889717  431.104934939  
1.29982647344  3.09356608622  5.98378545392  10.7919787291  18.6694342508  31.2038091425  50.514183359  79.3297183933  121.054749626  179.823537784  260.472226116  367.894889717  503.032529465  642.562327898  
1.37145199031  3.2664491569  6.32562040244  11.4269837005  19.8106816656  33.2074047677  53.9724814034  85.2434723516  131.18447572  197.493388385  292.637750711  431.104934939  642.562327898  1000.0  
