0.151082729472  0.320509194986  0.526046047484  0.784004310635  1.10783021412  1.50608274675  1.97993320957  2.52059198746  3.10733994126  3.70702707535  4.2758769606  4.76408099545  5.1229363875  5.31330422437  
0.320509194986  0.680442986179  1.11810887077  1.66891968839  2.36244202622  3.21805854713  4.23949025662  5.40900995069  6.68279812591  7.98936488592  9.23301159026  10.3036269414  11.0925204748  11.5116879254  
0.526046047484  1.11810887077  1.84066075811  2.75395100919  3.90928163451  5.34179142827  7.06103485951  9.04062451555  11.2093264849  13.4469866806  15.5890506544  17.4425870823  18.8140739659  19.5447883653  
0.784004310635  1.66891968839  2.75395100919  4.13311656564  5.88850827697  8.07943167263  10.7275928638  13.7999704939  17.1928504174  20.7224015413  24.1284441541  27.0975478283  29.3078596352  30.4902718763  
1.10783021412  2.36244202622  3.90928163451  5.88850827697  8.426137409  11.6187256933  15.5113335564  20.0704993731  25.1567436691  30.5045036271  35.7205959253  40.3134891043  43.7616992467  45.617016293  
1.50608274675  3.21805854713  5.34179142827  8.07943167263  11.6187256933  16.1127024902  21.6485118814  28.2065846641  35.6150782917  43.5100368578  51.318459109  58.2873646703  63.5812737229  66.4533487486  
1.97993320957  4.23949025662  7.06103485951  10.7275928638  15.5113335564  21.6485118814  29.2979287215  38.4822832494  49.0161451815  60.4319357056  71.9275199681  82.3751187625  90.4437998286  94.8749101726  
2.52059198746  5.40900995069  9.04062451555  13.7999704939  20.0704993731  28.2065846641  38.4822832494  51.0126182701  65.6465621682  81.8391534839  98.5280816356  114.073451807  126.36699867  133.245397157  
3.10733994126  6.68279812591  11.2093264849  17.1928504174  25.1567436691  35.6150782917  49.0161451815  65.6465621682  85.4857917531  108.004489406  131.917268561  154.951755344  173.811178223  184.683644643  
3.70702707535  7.98936488592  13.4469866806  20.7224015413  30.5045036271  43.5100368578  60.4319357056  81.8391534839  108.004489406  138.625912352  172.402051222  206.460749087  235.824893183  253.625735986  
4.2758769606  9.23301159026  15.5890506544  24.1284441541  35.7205959253  51.318459109  71.9275199681  98.5280816356  131.917268561  172.402051222  219.210323085  269.407152399  316.162505446  347.102065709  
4.76408099545  10.3036269414  17.4425870823  27.0975478283  40.3134891043  58.2873646703  82.3751187625  114.073451807  154.951755344  206.460749087  269.407152399  342.531051979  418.867069381  477.886701821  
5.1229363875  11.0925204748  18.8140739659  29.3078596352  43.7616992467  63.5812737229  90.4437998286  126.36699867  173.811178223  235.824893183  316.162505446  418.867069381  544.774084995  673.064329864  
5.31330422437  11.5116879254  19.5447883653  30.4902718763  45.617016293  66.4533487486  94.8749101726  133.245397157  184.683644643  253.625735986  347.102065709  477.886701821  673.064329864  1000.0  
