0.308945534767  0.642603433146  1.02419031697  1.47371146427  2.00588002793  2.62767126965  3.33571734909  4.11398721994  4.93241857921  5.74729393024  6.50407493868  7.14302735036  7.60725093992  7.8518018817  
0.642603433146  1.33744640806  2.13376860327  3.07432182285  4.19105650296  5.49994333426  6.99532011303  8.64467161929  10.3852628658  12.1243892658  13.7449435261  15.1172653602  16.1166852056  16.6439903351  
1.02419031697  2.13376860327  3.40964361087  4.92291261693  6.72804996632  8.85444715804  11.2968167715  14.0058396799  16.8813744571  19.7713196111  22.4794135066  24.7843193771  26.4697748897  27.3614228661  
1.47371146427  3.07432182285  4.92291261693  7.12757204174  9.77379510896  12.9120013845  16.5426590196  20.6007968597  24.9432475928  29.3435295828  33.5002489972  37.0642564536  39.6862084284  41.0788672031  
2.00588002793  4.19105650296  6.72804996632  9.77379510896  13.457093709  17.8613349027  23.0026580981  28.8054760823  35.079655512  41.5065341336  47.6436861833  52.959294996  56.9032404185  59.010215242  
2.62767126965  5.49994333426  8.85444715804  12.9120013845  17.8613349027  23.8365050185  30.8863775883  38.9375856524  47.7556199424  56.9134536382  65.7831442009  73.5712840602  79.4186667572  82.5685970675  
3.33571734909  6.99532011303  11.2968167715  16.5426590196  23.0026580981  30.8863775883  40.3028477539  51.2073345465  63.3385356995  76.1562656826  88.8008065844  100.110259274  108.744530501  113.453105335  
4.11398721994  8.64467161929  14.0058396799  20.6007968597  28.8054760823  38.9375856524  51.2073345465  65.6460523433  82.0116019959  99.6765390639  117.521331363  133.886555407  146.683986931  153.795166887  
4.93241857921  10.3852628658  16.8813744571  24.9432475928  35.079655512  47.7556199424  63.3385356995  82.0116019959  103.644377876  127.612629604  152.575001655  176.262566849  195.448397013  206.435330525  
5.74729393024  12.1243892658  19.7713196111  29.3435295828  41.5065341336  56.9134536382  76.1562656826  99.6765390639  127.612629604  159.548395672  194.122363196  228.491726054  257.823351954  275.491912689  
6.50407493868  13.7449435261  22.4794135066  33.5002489972  47.6436861833  65.7831442009  88.8008065844  117.521331363  152.575001655  194.122363196  241.308776504  291.238390086  337.311926668  367.624590349  
7.14302735036  15.1172653602  24.7843193771  37.0642564536  52.959294996  73.5712840602  100.110259274  133.886555407  176.262566849  228.491726054  291.238390086  363.230284962  437.762986553  495.108497578  
7.60725093992  16.1166852056  26.4697748897  39.6862084284  56.9032404185  79.4186667572  108.744530501  146.683986931  195.448397013  257.823351954  337.311926668  437.762986553  560.024076126  684.144630671  
7.8518018817  16.6439903351  27.3614228661  41.0788672031  59.010215242  82.5685970675  113.453105335  153.795166887  206.435330525  275.491912689  367.624590349  495.108497578  684.144630671  1000.0  
