0.0316893986462  0.0707833854331  0.125064069545  0.202817629666  0.312477132722  0.461606923774  0.65518389673  0.893354072329  1.16914149748  1.46687976025  1.76227703787  2.02483859175  2.22274777823  2.32933695796  
0.0707833854331  0.158256508539  0.280016875909  0.454914547887  0.702304029746  1.03978969599  1.47932771937  2.02204184839  2.65279824095  3.33629892081  4.01686201159  4.62372934445  5.08235362484  5.32977847877  
0.125064069545  0.280016875909  0.496528091746  0.808831304471  1.2525484499  1.86076255165  2.65699158503  3.64556980401  4.8012044856  6.0608966814  7.32241478675  8.45323300363  9.31147324998  9.77579665922  
0.202817629666  0.454914547887  0.808831304471  1.32201589596  2.05525594054  3.06648547605  4.39917491049  6.06582615404  8.02919891193  10.1865084378  12.3640926109  14.3304137539  15.8318563024  16.647486614  
0.312477132722  0.702304029746  1.2525484499  2.05525594054  3.20973696648  4.81349435555  6.94413832667  9.63245872991  12.830062101  16.3794897588  19.9994634322  23.3004407487  25.8421131102  27.2307763061  
0.461606923774  1.03978969599  1.86076255165  3.06648547605  4.81349435555  7.26061626801  10.5423897955  14.7272123906  19.763742772  25.426253521  31.2787360394  36.6855993799  40.8968538997  43.2165916058  
0.65518389673  1.47932771937  2.65699158503  4.39917491049  6.94413832667  10.5423897955  15.4202051212  21.7181384678  29.4063443521  38.1886203203  47.4227685034  56.1044701991  62.9761682695  66.8071311831  
0.893354072329  2.02204184839  3.64556980401  6.06582615404  9.63245872991  14.7272123906  21.7181384678  30.8755181712  42.2460247417  55.4930865743  69.7341672469  83.4446645051  94.5501433547  100.856350728  
1.16914149748  2.65279824095  4.8012044856  8.02919891193  12.830062101  19.763742772  29.4063443521  42.2460247417  58.5113178681  77.9251598848  99.4010822851  120.757497147  138.651305428  149.116438332  
1.46687976025  3.33629892081  6.0608966814  10.1865084378  16.3794897588  25.426253521  38.1886203203  55.4930865743  77.9251598848  105.492378714  137.120651131  169.995890966  198.964912042  216.768100577  
1.76227703787  4.01686201159  7.32241478675  12.3640926109  19.9994634322  31.2787360394  47.4227685034  69.7341672469  99.4010822851  137.120651131  182.407768763  232.378217502  279.866457459  311.685533413  
2.02483859175  4.62372934445  8.45323300363  14.3304137539  23.3004407487  36.6855993799  56.1044701991  83.4446645051  120.757497147  169.995890966  232.378217502  306.794622756  385.880408051  447.673616605  
2.22274777823  5.08235362484  9.31147324998  15.8318563024  25.8421131102  40.8968538997  62.9761682695  94.5501433547  138.651305428  198.964912042  279.866457459  385.880408051  517.876757095  653.442484637  
2.32933695796  5.32977847877  9.77579665922  16.647486614  27.2307763061  43.2165916058  66.8071311831  100.856350728  149.116438332  216.768100577  311.685533413  447.673616605  653.442484637  1000.0  
