8.6052996116e-06  2.79849353828e-05  7.87647823631e-05  0.000206228319022  0.000504108717269  0.00114722084701  0.00242179779786  0.00472368911131  0.00847728305399  0.0139368411704  0.0208965236795  0.0284518190489  0.035041740078  0.0389214363689  
2.79849353828e-05  9.10273131925e-05  0.000256303140195  0.000671495684555  0.00164285701971  0.00374297485626  0.00791257121239  0.0154589903493  0.0277952092404  0.0457879154953  0.0687920070211  0.0938371947354  0.115737687293  0.128654170556  
7.87647823631e-05  0.000256303140195  0.000722157986755  0.00189386707742  0.0046395666364  0.0105881225107  0.0224285730517  0.0439237895179  0.0791873047137  0.130825289426  0.197126945146  0.269617246453  0.333243551533  0.370869204153  
0.000206228319022  0.000671495684555  0.00189386707742  0.00497340301547  0.0122051017668  0.0279145030752  0.0592864989702  0.116464047839  0.210697743512  0.349407511853  0.528509762042  0.725443024972  0.899182024057  1.00230476984  
0.000504108717269  0.00164285701971  0.0046395666364  0.0122051017668  0.0300189380808  0.0688457546974  0.146703367522  0.289309005813  0.525711908815  0.876024389647  1.33168050027  1.83650420074  2.28499424135  2.55258292729  
0.00114722084701  0.00374297485626  0.0105881225107  0.0279145030752  0.0688457546974  0.158427010313  0.338974557443  0.671715689874  1.22738867109  2.05789502772  3.14857953263  4.36930040871  5.4643585933  6.12261599524  
0.00242179779786  0.00791257121239  0.0224285730517  0.0592864989702  0.146703367522  0.338974557443  0.728891294564  1.45297442713  2.67338872339  4.51753112988  6.97019567407  9.75343177905  12.2845702058  13.8230152883  
0.00472368911131  0.0154589903493  0.0439237895179  0.116464047839  0.289309005813  0.671715689874  1.45297442713  2.91727341302  5.41375587044  9.23931376133  14.4126649182  20.3955227454  25.9449898301  29.3759306477  
0.00847728305399  0.0277952092404  0.0791873047137  0.210697743512  0.525711908815  1.22738867109  2.67338872339  5.41375587044  10.1520218837  17.5427681048  27.7591485539  39.8878482091  51.4701058798  58.8291447294  
0.0139368411704  0.0457879154953  0.130825289426  0.349407511853  0.876024389647  2.05789502772  4.51753112988  9.23931376133  17.5427681048  30.7844446703  49.6220539625  72.8143874211  95.9500144642  111.338475178  
0.0208965236795  0.0687920070211  0.197126945146  0.528509762042  1.33168050027  3.14857953263  6.97019567407  14.4126649182  27.7591485539  49.6220539625  81.8924502255  123.667521446  168.191184577  200.265600919  
0.0284518190489  0.0938371947354  0.269617246453  0.725443024972  1.83650420074  4.36930040871  9.75343177905  20.3955227454  39.8878482091  72.8143874211  123.667521446  194.088236848  277.019050722  345.931366933  
0.035041740078  0.115737687293  0.333243551533  0.899182024057  2.28499424135  5.4643585933  12.2845702058  25.9449898301  51.4701058798  95.9500144642  168.191184577  277.019050722  425.222586255  584.708892618  
0.0389214363689  0.128654170556  0.370869204153  1.00230476984  2.55258292729  6.12261599524  13.8230152883  29.3759306477  58.8291447294  111.338475178  200.265600919  345.931366933  584.708892618  1000.0  
