0.00808702837781  0.0190418955506  0.0361501688978  0.0634124761397  0.105579463698  0.167763919212  0.254497813294  0.368223746138  0.507446286428  0.665076220496  0.827748608158  0.97688553491  1.0918372862  1.15458844459  
0.0190418955506  0.0448828463384  0.0853368495703  0.149968131328  0.250211279116  0.398486970343  0.605976597357  0.87899434682  1.21445498348  1.59569548459  1.99056703463  2.35377993618  2.63448862202  2.78799602554  
0.0361501688978  0.0853368495703  0.162612355906  0.286542200693  0.479545694316  0.766310129988  1.16956707884  1.70300367018  2.36214622694  3.11559083973  3.90042663576  4.62611749411  5.18937791666  5.49828201079  
0.0634124761397  0.149968131328  0.286542200693  0.506597381265  0.851045943094  1.3657074929  2.09395532956  3.06389071402  4.27122279511  5.66190647835  7.12167866065  8.48115223374  9.54268787353  10.1272286357  
0.105579463698  0.250211279116  0.479545694316  0.851045943094  1.43598433303  2.31576940009  3.56995616339  5.2542849855  7.37000610731  9.83077542721  12.4395486411  14.8922953925  16.8232237269  17.8925527867  
0.167763919212  0.398486970343  0.766310129988  1.3657074929  2.31576940009  3.75559125036  5.82603756772  8.6341801802  12.200838933  16.3997603076  20.9083918583  25.2012288439  28.618926042  30.5269483044  
0.254497813294  0.605976597357  1.16956707884  2.09395532956  3.56995616339  5.82603756772  9.10284162683  13.5992102998  19.3871601587  26.3048735726  33.8560954507  41.1686615113  47.0827929377  50.4239149316  
0.368223746138  0.87899434682  1.70300367018  3.06389071402  5.2542849855  8.6341801802  13.5992102998  20.5051243327  29.5388995926  40.540610049  52.8082572382  64.9641067413  75.0196003523  80.8045143487  
0.507446286428  1.21445498348  2.36214622694  4.27122279511  7.37000610731  12.200838933  19.3871601587  29.5388995926  43.0739027994  59.9432013657  79.278208085  99.0479730528  115.951722965  125.964102593  
0.665076220496  1.59569548459  3.11559083973  5.66190647835  9.83077542721  16.3997603076  26.3048735726  40.540610049  59.9432013657  84.8127342489  114.338772904  145.854353658  174.163598671  191.773091623  
0.827748608158  1.99056703463  3.90042663576  7.12167866065  12.4395486411  20.9083918583  33.8560954507  52.8082572382  79.278208085  114.338772904  157.837257649  207.048706359  254.650792445  286.900811151  
0.97688553491  2.35377993618  4.62611749411  8.48115223374  14.8922953925  25.2012288439  41.1686615113  64.9641067413  99.0479730528  145.854353658  207.048706359  281.76756442  362.438649243  426.063293827  
1.0918372862  2.63448862202  5.18937791666  9.54268787353  16.8232237269  28.618926042  47.0827929377  75.0196003523  115.951722965  174.163598671  254.650792445  362.438649243  498.500465475  639.232305214  
1.15458844459  2.78799602554  5.49828201079  10.1272286357  17.8925527867  30.5269483044  50.4239149316  80.8045143487  125.964102593  191.773091623  286.900811151  426.063293827  639.232305214  1000.0  
