0.43948063921  0.906233480095  1.42552858662  2.01847531493  2.69961918406  3.47433857344  4.33627085087  5.26521019929  6.22611242268  7.16994047861  8.03699017118  8.76295416029  9.28728507275  9.56252679855  
0.906233480095  1.86975252034  2.94381922402  4.17329149631  5.58966556208  7.20559310122  9.00931176814  10.9598901808  12.9846388642  14.980325021  16.8197299922  18.3643565922  19.482585627  20.070481159  
1.42552858662  2.94381922402  4.64159304617  6.5928424169  8.85105545876  11.4403259875  14.3459359803  17.5057753982  20.8048019189  24.075420085  27.1067930037  29.6651649556  31.5247899737  32.505056162  
2.01847531493  4.17329149631  6.5928424169  9.38856173452  12.6440414112  16.4020250412  20.6498694918  25.3052311948  30.2051433119  35.1030686868  39.6793873609  43.5701251131  46.4152782873  47.921049802  
2.69961918406  5.58966556208  8.85105545876  12.6440414112  17.094067617  22.2739102295  28.1824201921  34.7217510446  41.6771211811  48.7058256956  55.3447782776  61.0467706504  65.2520603032  67.4905548585  
3.47433857344  7.20559310122  11.4403259875  16.4020250412  22.2739102295  29.1757550815  37.1342824232  46.048516557  55.654427651  65.4976435529  74.9287666689  83.1411179185  89.2703767363  92.5603036582  
4.33627085087  9.00931176814  14.3459359803  20.6498694918  28.1824201921  37.1342824232  47.5865860711  59.4609148118  72.4613056673  86.017514568  99.2495027327  110.987875522  119.897226405  124.738568099  
5.26521019929  10.9598901808  17.5057753982  25.3052311948  34.7217510446  46.048516557  59.4609148118  74.9493897991  92.231192279  110.646146038  129.05726861  145.80788741  158.832094412  166.044078637  
6.22611242268  12.9846388642  20.8048019189  30.2051433119  41.6771211811  55.654427651  72.4613056673  92.231192279  114.785310316  139.46269839  164.907806819  188.869019035  208.170252486  219.185935951  
7.16994047861  14.980325021  24.075420085  35.1030686868  48.7058256956  65.4976435529  86.017514568  110.646146038  139.46269839  172.006447639  206.901721905  241.338697009  270.576393844  288.131931676  
8.03699017118  16.8197299922  27.1067930037  39.6793873609  55.3447782776  74.9287666689  99.2495027327  129.05726861  164.907806819  206.901721905  254.159622465  303.824710044  349.437333821  379.35932807  
8.76295416029  18.3643565922  29.6651649556  43.5701251131  61.0467706504  83.1411179185  110.987875522  145.80788741  188.869019035  241.338697009  303.824710044  375.065239479  448.510503659  504.880808044  
9.28728507275  19.482585627  31.5247899737  46.4152782873  65.2520603032  89.2703767363  119.897226405  158.832094412  208.170252486  270.576393844  349.437333821  448.510503659  568.656123151  690.404555989  
9.56252679855  20.070481159  32.505056162  47.921049802  67.4905548585  92.5603036582  124.738568099  166.044078637  219.185935951  288.131931676  379.35932807  504.880808044  690.404555989  1000.0  
