0.0104458131351  0.0243429169449  0.0455786229032  0.078769137639  0.129249503298  0.202592990809  0.303536947145  0.434333145083  0.59279240305  0.770604446162  0.952747531375  1.11876136239  1.24618217368  1.31556256498  
0.0243429169449  0.0567869161291  0.106485590864  0.184367249201  0.303152106664  0.476260460801  0.71529746399  1.02611822695  1.40407028237  1.82977581646  2.26743937909  2.6676620689  2.975666251  3.14366876236  
0.0455786229032  0.106485590864  0.200122508731  0.347430172308  0.573041156553  0.903326655086  1.36166996183  1.96085829612  2.69360456397  3.52375022593  4.38210116476  5.17113861644  5.78097817771  6.11456888468  
0.078769137639  0.184367249201  0.347430172308  0.605188070009  1.0020107146  1.58626929002  2.40218778177  3.47622354888  4.79943714881  6.31017506068  7.88434463694  9.34185685415  10.4751550422  11.0976139698  
0.129249503298  0.303152106664  0.573041156553  1.0020107146  1.66640296966  2.65121786377  4.03693630033  5.87642499806  8.16361644667  10.8006435241  13.5760116763  16.1704145598  18.2043347702  19.3278299597  
0.202592990809  0.476260460801  0.903326655086  1.58626929002  2.65121786377  4.24198765851  6.50015044663  9.527941649  13.3350844242  17.7786172663  22.5158246028  27.000778368  30.5566986175  32.5368695712  
0.303536947145  0.71529746399  1.36166996183  2.40218778177  4.03693630033  6.50015044663  10.0324145546  14.8247239829  20.9328007084  28.1714874202  36.0176991038  43.5737632285  49.6600447508  53.0898254854  
0.434333145083  1.02611822695  1.96085829612  3.47622354888  5.87642499806  9.527941649  14.8247239829  22.1102548107  31.5482526018  42.9471756155  55.5707658511  68.0116690883  78.2622365746  84.1448729856  
0.59279240305  1.40407028237  2.69360456397  4.79943714881  8.16361644667  13.3350844242  20.9328007084  31.5482526018  45.5669170118  62.8979463942  82.6302350916  102.700843215  119.796316037  129.898003851  
0.770604446162  1.82977581646  3.52375022593  6.31017506068  10.8006435241  17.7786172663  28.1714874202  42.9471756155  62.8979463942  88.2691173228  118.197739826  149.983761975  178.432691067  196.088649338  
0.952747531375  2.26743937909  4.38210116476  7.88434463694  13.5760116763  22.5158246028  36.0176991038  55.5707658511  82.6302350916  118.197739826  162.05389774  211.436923878  259.045615205  291.232722448  
1.11876136239  2.6676620689  5.17113861644  9.34185685415  16.1704145598  27.000778368  43.5737632285  68.0116690883  102.700843215  149.983761975  211.436923878  286.143180671  366.560378474  429.872513182  
1.24618217368  2.975666251  5.78097817771  10.4751550422  18.2043347702  30.5566986175  49.6600447508  78.2622365746  119.796316037  178.432691067  259.045615205  366.560378474  501.925356772  641.749181319  
1.31556256498  3.14366876236  6.11456888468  11.0976139698  19.3278299597  32.5368695712  53.0898254854  84.1448729856  129.898003851  196.088649338  291.232722448  429.872513182  641.749181319  1000.0  
