0.00123714956379  0.00315899124639  0.006661780583  0.0130501664794  0.0241769427242  0.0424382665954  0.0704993920911  0.110638381561  0.163704388829  0.227908445169  0.297933786281  0.365003160959  0.418363728302  0.448058165919  
0.00315899124639  0.00807435513935  0.017051597781  0.0334604190699  0.0621097221598  0.10925741333  0.181926135153  0.286216773491  0.424582709516  0.59260259285  0.776517839736  0.953254556351  1.09425111379  1.17285674699  
0.006661780583  0.017051597781  0.0360825982955  0.0709775266126  0.132116407738  0.233128173633  0.389503880938  0.615017052961  0.915780002979  1.28299925681  1.68715430975  2.07751159503  2.39025127047  2.56510247237  
0.0130501664794  0.0334604190699  0.0709775266126  0.140031446685  0.261538498572  0.463266084413  0.777278373674  1.23290412257  1.84464359264  2.59687376662  3.43075697151  4.24170861371  4.8952091074  5.26204321466  
0.0241769427242  0.0621097221598  0.132116407738  0.261538498572  0.490405929572  0.87255438382  1.47132374052  2.34659985929  3.53152052507  5.0016488307  6.64656013183  8.26076907074  9.57188120691  10.3119644906  
0.0424382665954  0.10925741333  0.233128173633  0.463266084413  0.87255438382  1.56049396631  2.64672532522  4.24874107002  6.43950052171  9.18816386483  12.3005899687  15.3918084531  17.929970142  19.3740753498  
0.0704993920911  0.181926135153  0.389503880938  0.777278373674  1.47132374052  2.64672532522  4.51932658298  7.31039926117  11.1743612145  16.0907231884  21.7444337832  27.450882539  32.2081876621  34.9466263828  
0.110638381561  0.286216773491  0.615017052961  1.23290412257  2.34659985929  4.24874107002  7.31039926117  11.9306248123  18.4224873631  26.8282679162  36.6906128186  46.8654185476  55.5350823139  60.6155949709  
0.163704388829  0.424582709516  0.915780002979  1.84464359264  3.53152052507  6.43950052171  11.1743612145  18.4224873631  28.7886738808  42.5052263503  59.0228858913  76.5831807167  92.0328857611  101.349976573  
0.227908445169  0.59260259285  1.28299925681  2.59687376662  5.0016488307  9.18816386483  16.0907231884  26.8282679162  42.5052263503  63.8047483208  90.3269347213  119.709855747  146.827831101  163.988127652  
0.297933786281  0.776517839736  1.68715430975  3.43075697151  6.64656013183  12.3005899687  21.7444337832  36.6906128186  59.0228858913  90.3269347213  130.98311989  178.621709549  225.869029944  258.385198144  
0.365003160959  0.953254556351  2.07751159503  4.24170861371  8.26076907074  15.3918084531  27.450882539  46.8654185476  76.5831807167  119.709855747  178.621709549  252.947392553  335.007620542  400.595552964  
0.418363728302  1.09425111379  2.39025127047  4.8952091074  9.57188120691  17.929970142  32.2081876621  55.5350823139  92.0328857611  146.827831101  225.869029944  335.007620542  475.484653792  622.25463894  
0.448058165919  1.17285674699  2.56510247237  5.26204321466  10.3119644906  19.3740753498  34.9466263828  60.6155949709  101.349976573  163.988127652  258.385198144  400.595552964  622.25463894  1000.0  
